10 0.4984375 0.8296875 0.9265625 0.0578125
15 0.1140625 0.8328125 0.13125 0.0359375
3 0.74375 0.675 0.346875 0.0609375
28 0.8796875 0.834375 0.15 0.0359375
38 0.709375 0.5765625 0.4 0.046875
3 0.5 0.325 0.240625 0.034375
3 0.4875 0.2890625 0.38125 0.0375
3 0.759375 0.6296875 0.3078125 0.0171875
3 0.1140625 0.83125 0.078125 0.0125
27 0.2390625 0.83125 0.0125 0.0109375
27 0.2140625 0.83125 0.015625 0.0125
27 0.190625 0.8328125 0.0125 0.0125
27 0.5296875 0.81875 0.0203125 0.0046875
3 0.5296875 0.83125 0.03125 0.0109375
3 0.48125 0.83125 0.040625 0.0109375
3 0.4328125 0.83125 0.03125 0.0109375
3 0.3921875 0.83125 0.025 0.0109375
3 0.353125 0.83125 0.0265625 0.0125
3 0.2984375 0.83125 0.059375 0.009375
28 0.271875 0.5734375 0.39375 0.334375
28 0.8125 0.19375 0.1890625 0.096875
28 0.60625 0.19375 0.190625 0.096875
28 0.3953125 0.19375 0.190625 0.096875
28 0.1859375 0.19375 0.190625 0.0953125