10 0.4859375 0.1390625 0.971875 0.0625
15 0.0625 0.1359375 0.1234375 0.0375
3 0.7359375 0.3078125 0.3765625 0.0671875
28 0.884375 0.134375 0.1625 0.0390625
38 0.6984375 0.4140625 0.434375 0.05
3 0.471875 0.6875 0.2625 0.0375
3 0.4578125 0.7265625 0.4140625 0.040625
3 0.7515625 0.35625 0.3328125 0.01875
3 0.053125 0.1375 0.084375 0.0140625
27 0.1875 0.1375 0.0125 0.0125
27 0.1609375 0.1375 0.0171875 0.0140625
27 0.1359375 0.1375 0.0140625 0.0125
27 0.5046875 0.1515625 0.021875 0.00625
3 0.5046875 0.1375 0.034375 0.0125
3 0.4515625 0.1375 0.0453125 0.0109375
3 0.3984375 0.1375 0.034375 0.0125
3 0.3546875 0.1390625 0.0265625 0.0109375
3 0.3125 0.1375 0.028125 0.0125
3 0.253125 0.1375 0.0640625 0.009375
28 0.225 0.4171875 0.428125 0.3625
28 0.8109375 0.8296875 0.20625 0.1046875
28 0.5859375 0.828125 0.20625 0.10625
28 0.3578125 0.828125 0.20625 0.1046875
28 0.13125 0.8296875 0.20625 0.103125