10 0.5015625 0.1703125 0.9265625 0.0578125
15 0.8859375 0.1671875 0.13125 0.0359375
3 0.25625 0.325 0.346875 0.0609375
28 0.1203125 0.165625 0.15 0.0359375
38 0.290625 0.4234375 0.4 0.046875
3 0.5 0.675 0.240625 0.034375
3 0.5125 0.7109375 0.38125 0.0375
3 0.240625 0.3703125 0.3078125 0.0171875
3 0.8859375 0.16875 0.078125 0.0125
27 0.7609375 0.16875 0.0125 0.0109375
27 0.7859375 0.16875 0.015625 0.0125
27 0.809375 0.1671875 0.0125 0.0125
27 0.4703125 0.18125 0.0203125 0.0046875
3 0.4703125 0.16875 0.03125 0.0109375
3 0.51875 0.16875 0.040625 0.0109375
3 0.5671875 0.16875 0.03125 0.0109375
3 0.6078125 0.16875 0.025 0.0109375
3 0.646875 0.16875 0.0265625 0.0125
3 0.7015625 0.16875 0.059375 0.009375
28 0.728125 0.4265625 0.39375 0.334375
28 0.1875 0.80625 0.1890625 0.096875
28 0.39375 0.80625 0.190625 0.096875
28 0.6046875 0.80625 0.190625 0.096875
28 0.8140625 0.80625 0.190625 0.0953125