37 0.859375 0.4828125 0.28125 0.6296875
10 0.0203125 0.5 0.0390625 0.6640625
28 0.0171875 0.7328125 0.03125 0.0890625
3 0.0171875 0.55 0.0109375 0.0234375
3 0.0171875 0.603125 0.0109375 0.0421875
3 0.0171875 0.496875 0.0140625 0.0390625
3 0.0171875 0.44375 0.0125 0.025
15 0.0171875 0.2484375 0.01875 0.075
17 0.2 0.5 0.3171875 0.6640625
3 0.63125 0.4921875 0.0125 0.065625
17 0.8890625 0.4890625 0.221875 0.5671875
15 0.98125 0.684375 0.0234375 0.071875
15 0.98125 0.4921875 0.021875 0.0734375
15 0.98125 0.3 0.021875 0.0734375
28 0.84375 0.4859375 0.1171875 0.1390625
28 0.84375 0.2953125 0.1125 0.15
28 0.84375 0.6828125 0.1109375 0.1421875
3 0.6921875 0.4921875 0.0265625 0.3703125
3 0.653125 0.4921875 0.01875 0.1203125
3 0.9265625 0.6828125 0.015625 0.084375
3 0.9265625 0.490625 0.015625 0.1046875
3 0.95 0.3 0.01875 0.1734375
3 0.9265625 0.2984375 0.0140625 0.1203125
3 0.0171875 0.384375 0.0078125 0.05
12 0.015625 0.3 0.015625 0.015625
3 0.0171875 0.246875 0.00625 0.04375
28 0.4890625 0.6359375 0.1875 0.2734375
28 0.4390625 0.346875 0.0859375 0.271875
28 0.540625 0.346875 0.0859375 0.2734375
23 0.671875 0.4921875 0.0046875 0.0265625
28 0.7390625 0.5953125 0.021875 0.021875
28 0.7390625 0.553125 0.0234375 0.01875
28 0.7375 0.5 0.0203125 0.0203125
28 0.7390625 0.4453125 0.0234375 0.01875
28 0.7390625 0.3890625 0.0234375 0.0171875
3 0.7609375 0.5953125 0.0078125 0.028125
3 0.7609375 0.55 0.0078125 0.0203125
3 0.7609375 0.5015625 0.0078125 0.0359375
3 0.759375 0.44375 0.0078125 0.0375
3 0.759375 0.3890625 0.00625 0.0296875
3 0.9484375 0.684375 0.0203125 0.171875
3 0.9828125 0.684375 0.00625 0.0375
3 0.98125 0.4921875 0.00625 0.0375
3 0.98125 0.3 0.00625 0.0375
3 0.9484375 0.4921875 0.0203125 0.1734375
27 0.0171875 0.425 0.0046875 0.00625
27 0.0171875 0.471875 0.0046875 0.00625
27 0.0171875 0.5328125 0.0046875 0.00625
27 0.0171875 0.5765625 0.003125 0.00625