37 0.4875 0.8515625 0.6265625 0.2953125
10 0.5 0.01875 0.665625 0.0375
28 0.7375 0.0171875 0.0875 0.0296875
3 0.559375 0.0171875 0.021875 0.0109375
3 0.6109375 0.0171875 0.0421875 0.0109375
3 0.50625 0.015625 0.0375 0.0140625
3 0.4546875 0.0171875 0.025 0.0125
15 0.2625 0.0171875 0.0734375 0.01875
17 0.5 0.1953125 0.665625 0.3109375
3 0.5015625 0.61875 0.0640625 0.0109375
17 0.4984375 0.8796875 0.55625 0.234375
15 0.690625 0.9625 0.0703125 0.021875
15 0.503125 0.9625 0.071875 0.0203125
15 0.3140625 0.9625 0.071875 0.021875
28 0.496875 0.8265625 0.1359375 0.1140625
28 0.3109375 0.8265625 0.146875 0.1109375
28 0.6890625 0.8265625 0.140625 0.1078125
3 0.503125 0.678125 0.3625 0.025
3 0.5015625 0.640625 0.1171875 0.0171875
3 0.6890625 0.9078125 0.08125 0.015625
3 0.5 0.9078125 0.103125 0.015625
3 0.3140625 0.9296875 0.16875 0.01875
3 0.3125 0.9078125 0.11875 0.0140625
3 0.396875 0.0171875 0.0484375 0.0078125
12 0.315625 0.015625 0.0140625 0.0140625
3 0.2625 0.0171875 0.0421875 0.00625
28 0.64375 0.4796875 0.26875 0.184375
28 0.3609375 0.4296875 0.2671875 0.084375
28 0.3609375 0.5296875 0.2671875 0.084375
23 0.503125 0.6578125 0.025 0.003125
28 0.6046875 0.7234375 0.0203125 0.0203125
28 0.5625 0.725 0.01875 0.0234375
28 0.5109375 0.7234375 0.0203125 0.0203125
28 0.45625 0.725 0.01875 0.0234375
28 0.4015625 0.725 0.015625 0.0234375
3 0.6046875 0.7453125 0.0265625 0.0078125
3 0.559375 0.7453125 0.0203125 0.0078125
3 0.5125 0.7453125 0.0359375 0.0078125
3 0.4546875 0.74375 0.0375 0.0078125
3 0.4015625 0.7453125 0.0296875 0.00625
3 0.690625 0.9296875 0.16875 0.01875
3 0.690625 0.9625 0.0359375 0.00625
3 0.503125 0.9609375 0.0375 0.00625
3 0.3140625 0.9625 0.0375 0.00625
3 0.503125 0.9296875 0.16875 0.0203125
27 0.4375 0.0171875 0.00625 0.0046875
27 0.4828125 0.0171875 0.00625 0.0046875
27 0.5421875 0.0171875 0.00625 0.0046875
27 0.584375 0.0171875 0.00625 0.003125