37 0.515625 0.8515625 0.615625 0.2921875
10 0.5 0.025 0.665625 0.05
28 0.26875 0.0296875 0.0859375 0.0296875
3 0.4453125 0.028125 0.021875 0.0109375
3 0.3953125 0.0296875 0.040625 0.0109375
3 0.496875 0.028125 0.0375 0.0140625
3 0.5484375 0.0296875 0.025 0.0125
15 0.7359375 0.0296875 0.0734375 0.01875
17 0.5015625 0.20625 0.665625 0.30625
3 0.5015625 0.621875 0.0625 0.0109375
17 0.5046875 0.878125 0.546875 0.2296875
15 0.315625 0.959375 0.06875 0.021875
15 0.5015625 0.959375 0.0703125 0.0203125
15 0.6859375 0.959375 0.0703125 0.021875
28 0.50625 0.8265625 0.1328125 0.1125
28 0.690625 0.825 0.1453125 0.1078125
28 0.3171875 0.825 0.1375 0.10625
3 0.5 0.6796875 0.35625 0.025
3 0.5015625 0.6421875 0.115625 0.0171875
3 0.3171875 0.9046875 0.08125 0.015625
3 0.503125 0.90625 0.1015625 0.015625
3 0.6859375 0.928125 0.1671875 0.01875
3 0.6875 0.90625 0.115625 0.0125
3 0.6046875 0.0296875 0.046875 0.0078125
12 0.6859375 0.028125 0.0140625 0.0140625
3 0.7375 0.0296875 0.0421875 0.00625
28 0.3609375 0.484375 0.2640625 0.18125
28 0.640625 0.4359375 0.2625 0.0828125
28 0.640625 0.534375 0.2625 0.0828125
23 0.5015625 0.659375 0.025 0.003125
28 0.4015625 0.725 0.0203125 0.0203125
28 0.4421875 0.725 0.01875 0.0234375
28 0.4921875 0.7234375 0.01875 0.01875
28 0.546875 0.725 0.01875 0.0234375
28 0.6 0.725 0.015625 0.0234375
3 0.4015625 0.7453125 0.0265625 0.0078125
3 0.4453125 0.7453125 0.0203125 0.0078125
3 0.4921875 0.7453125 0.034375 0.0078125
3 0.5484375 0.7453125 0.0375 0.0078125
3 0.6 0.7453125 0.028125 0.00625
3 0.315625 0.9265625 0.165625 0.01875
3 0.315625 0.959375 0.0359375 0.00625
3 0.5015625 0.9578125 0.0359375 0.00625
3 0.6859375 0.959375 0.0359375 0.0046875
3 0.5015625 0.928125 0.1671875 0.0203125
27 0.565625 0.0296875 0.00625 0.0046875
27 0.5203125 0.0296875 0.00625 0.0046875
27 0.4625 0.0296875 0.00625 0.0046875
27 0.4203125 0.0296875 0.00625 0.003125