3 0.7546875 0.625 0.0140625 0.0109375
3 0.6 0.2515625 0.16875 0.0171875
28 0.271875 0.44375 0.3578125 0.3703125
15 0.696875 0.56875 0.365625 0.0390625
15 0.696875 0.5125 0.365625 0.040625
15 0.8375 0.2921875 0.084375 0.0390625
18 0.5234375 0.29375 0.021875 0.0203125
38 0.6984375 0.35 0.365625 0.0421875
3 0.38125 0.728125 0.51875 0.0203125
3 0.73125 0.725 0.16875 0.021875
27 0.85 0.728125 0.0171875 0.0171875
3 0.546875 0.628125 0.0625 0.021875
27 0.5359375 0.56875 0.01875 0.01875
27 0.5359375 0.5125 0.0140625 0.0171875
3 0.696875 0.5671875 0.1265625 0.015625
3 0.696875 0.5109375 0.1171875 0.015625
3 0.696875 0.459375 0.0125 0.0109375
3 0.8375 0.290625 0.046875 0.0171875
38 0.6984375 0.409375 0.3640625 0.040625
23 0.6 0.459375 0.1671875 0.0078125
23 0.79375 0.459375 0.1703125 0.00625
3 0.821875 0.625 0.1140625 0.009375
3 0.5859375 0.29375 0.09375 0.0140625