3 0.3390625 0.2453125 0.0125 0.015625
3 0.746875 0.4140625 0.01875 0.184375
28 0.5375 0.771875 0.4046875 0.390625
15 0.4 0.3078125 0.04375 0.4
15 0.4625 0.3078125 0.0453125 0.4
15 0.703125 0.1546875 0.04375 0.0921875
18 0.7015625 0.4984375 0.0234375 0.025
38 0.6390625 0.30625 0.0453125 0.3984375
3 0.2265625 0.653125 0.021875 0.5671875
3 0.2296875 0.2703125 0.0234375 0.184375
27 0.2265625 0.140625 0.01875 0.01875
3 0.3359375 0.471875 0.025 0.06875
27 0.4 0.4828125 0.0203125 0.0203125
27 0.4625 0.4828125 0.01875 0.015625
3 0.4015625 0.3078125 0.0171875 0.1390625
3 0.4625 0.3078125 0.0171875 0.128125
3 0.5203125 0.3078125 0.0125 0.0140625
3 0.703125 0.1546875 0.01875 0.0515625
38 0.5734375 0.30625 0.04375 0.396875
23 0.5203125 0.4125 0.0078125 0.1828125
23 0.5203125 0.2015625 0.00625 0.1859375
3 0.3390625 0.1703125 0.009375 0.125
3 0.7015625 0.4296875 0.015625 0.103125