16 0.7484375 0.490625 0.375 0.4828125
3 0.7484375 0.2828125 0.0609375 0.0234375
3 0.7484375 0.4609375 0.2234375 0.0171875
28 0.2625 0.521875 0.5 0.303125
38 0.7484375 0.33125 0.3421875 0.0390625
38 0.7484375 0.375 0.34375 0.0375
15 0.7484375 0.4203125 0.3421875 0.040625
15 0.75 0.5546875 0.3453125 0.0453125
15 0.7484375 0.6046875 0.34375 0.0421875
15 0.7484375 0.6546875 0.3421875 0.04375
3 0.746875 0.7 0.0890625 0.021875
3 0.7484375 0.503125 0.0234375 0.0171875
3 0.76875 0.55625 0.153125 0.0171875
3 0.76875 0.60625 0.15 0.0171875
3 0.7671875 0.65625 0.159375 0.0171875
3 0.7484375 0.421875 0.0484375 0.0171875
23 0.65 0.5015625 0.146875 0.0046875
23 0.846875 0.5015625 0.14375 0.0046875
27 0.671875 0.5546875 0.01875 0.01875
27 0.6765625 0.6046875 0.015625 0.01875
27 0.66875 0.6546875 0.0171875 0.01875