16 0.734375 0.4953125 0.35625 0.4578125
3 0.7328125 0.2984375 0.0578125 0.021875
3 0.734375 0.4671875 0.2125 0.015625
28 0.2734375 0.525 0.475 0.2875
38 0.734375 0.34375 0.325 0.0359375
38 0.734375 0.3859375 0.325 0.0359375
15 0.734375 0.4296875 0.325 0.0390625
15 0.7359375 0.5578125 0.328125 0.0421875
15 0.734375 0.6046875 0.3265625 0.040625
15 0.734375 0.6515625 0.325 0.040625
3 0.7328125 0.69375 0.084375 0.0203125
3 0.734375 0.5078125 0.021875 0.015625
3 0.753125 0.5578125 0.1453125 0.0171875
3 0.753125 0.6046875 0.1421875 0.0171875
3 0.7515625 0.653125 0.15 0.015625
3 0.734375 0.43125 0.046875 0.015625
23 0.640625 0.50625 0.1390625 0.0046875
23 0.828125 0.50625 0.1359375 0.0046875
27 0.6625 0.55625 0.0171875 0.0171875
27 0.665625 0.6046875 0.0140625 0.01875
27 0.659375 0.6515625 0.0171875 0.0171875