16 0.2375 0.5140625 0.39375 0.4875
3 0.2375 0.740625 0.0640625 0.0234375
3 0.2375 0.553125 0.2359375 0.0171875
28 0.7421875 0.490625 0.5140625 0.3171875
38 0.2375 0.6890625 0.359375 0.040625
38 0.2375 0.64375 0.3609375 0.040625
15 0.2359375 0.5953125 0.359375 0.04375
15 0.2359375 0.4546875 0.3625 0.046875
15 0.2375 0.4015625 0.3609375 0.04375
15 0.2359375 0.35 0.359375 0.0453125
3 0.2390625 0.3015625 0.09375 0.0234375
3 0.2375 0.509375 0.025 0.0171875
3 0.215625 0.453125 0.1609375 0.01875
3 0.215625 0.4015625 0.15625 0.01875
3 0.2171875 0.3484375 0.1671875 0.0171875
3 0.2375 0.59375 0.0515625 0.0171875
23 0.340625 0.5109375 0.153125 0.0046875
23 0.134375 0.5109375 0.1515625 0.0046875
27 0.3171875 0.4546875 0.01875 0.0203125
27 0.3140625 0.4015625 0.0171875 0.0203125
27 0.3203125 0.35 0.01875 0.01875