16 0.4984375 0.5046875 0.6640625 0.6296875
3 0.3515625 0.2546875 0.1515625 0.0203125
3 0.5359375 0.2546875 0.1453125 0.0203125
3 0.4953125 0.5890625 0.1453125 0.01875
3 0.334375 0.6515625 0.1125 0.0171875
15 0.496875 0.525 0.4359375 0.0640625
15 0.3484375 0.7203125 0.1375 0.0515625
15 0.4953125 0.71875 0.140625 0.053125
15 0.6453125 0.71875 0.1390625 0.053125
38 0.496875 0.3265625 0.4328125 0.0640625
38 0.4953125 0.4078125 0.4359375 0.0640625
18 0.290625 0.465625 0.0203125 0.0203125
3 0.6625 0.25625 0.1015625 0.01875
3 0.3484375 0.71875 0.0484375 0.015625
3 0.496875 0.71875 0.0453125 0.015625
3 0.6515625 0.7171875 0.0671875 0.0140625
27 0.603125 0.71875 0.009375 0.021875
27 0.4546875 0.71875 0.01875 0.01875
27 0.3046875 0.71875 0.0171875 0.0203125
3 0.359375 0.465625 0.1125 0.015625