16 0.50625 0.5015625 0.6828125 0.6484375
3 0.3546875 0.2453125 0.1546875 0.0203125
3 0.54375 0.2453125 0.1484375 0.0203125
3 0.503125 0.5890625 0.1484375 0.0203125
3 0.3375 0.653125 0.115625 0.0171875
15 0.5046875 0.5234375 0.4484375 0.065625
15 0.353125 0.7234375 0.140625 0.053125
15 0.503125 0.721875 0.1453125 0.0546875
15 0.65625 0.7234375 0.1421875 0.0546875
38 0.5046875 0.31875 0.4453125 0.065625
38 0.503125 0.4015625 0.4484375 0.0671875
18 0.2921875 0.4609375 0.0203125 0.0203125
3 0.6734375 0.246875 0.1046875 0.01875
3 0.353125 0.721875 0.05 0.0171875
3 0.503125 0.721875 0.046875 0.015625
3 0.6640625 0.7203125 0.06875 0.0140625
27 0.6125 0.721875 0.009375 0.021875
27 0.4609375 0.721875 0.0203125 0.0203125
27 0.3078125 0.721875 0.01875 0.0203125
3 0.3640625 0.4625 0.115625 0.015625