16 0.5171875 0.5046875 0.6703125 0.7265625
3 0.7984375 0.34375 0.021875 0.165625
3 0.796875 0.5453125 0.021875 0.1578125
3 0.4328125 0.5015625 0.0203125 0.1578125
3 0.3640625 0.3265625 0.01875 0.1234375
15 0.5015625 0.503125 0.0703125 0.4765625
15 0.2890625 0.3421875 0.05625 0.15
15 0.290625 0.5015625 0.0578125 0.1546875
15 0.290625 0.6640625 0.0578125 0.1515625
38 0.71875 0.503125 0.06875 0.4734375
38 0.63125 0.5015625 0.0703125 0.4765625
18 0.56875 0.278125 0.021875 0.021875
3 0.796875 0.6828125 0.0203125 0.1109375
3 0.290625 0.3421875 0.0171875 0.053125
3 0.2921875 0.503125 0.015625 0.05
3 0.2921875 0.671875 0.015625 0.0734375
27 0.2921875 0.61875 0.0234375 0.0109375
27 0.290625 0.45625 0.0203125 0.021875
27 0.290625 0.29375 0.021875 0.01875
3 0.5671875 0.353125 0.0171875 0.1234375