16 0.5 0.5 1 0.60625
15 0.2140625 0.284375 0.109375 0.0421875
38 0.2140625 0.3609375 0.2796875 0.0578125
3 0.215625 0.4390625 0.1453125 0.0234375
28 0.7453125 0.5 0.509375 0.60625
3 0.3125 0.4 0.0796875 0.0125
3 0.2140625 0.5109375 0.0203125 0.0125
3 0.2140625 0.284375 0.0625 0.015625
15 0.2125 0.7015625 0.2359375 0.0390625
15 0.2125 0.64375 0.234375 0.040625
15 0.2140625 0.5875 0.234375 0.040625
3 0.196875 0.7 0.1375 0.0171875
3 0.196875 0.64375 0.1453125 0.01875
3 0.196875 0.5875 0.165625 0.0140625
27 0.3125 0.7 0.01875 0.0203125
27 0.3109375 0.64375 0.01875 0.0203125
27 0.3125 0.5875 0.015625 0.021875
23 0.3484375 0.5109375 0.2296875 0.0109375
23 0.096875 0.5109375 0.1921875 0.009375