16 0.5 0.5 1 0.6078125
15 0.2453125 0.2984375 0.10625 0.040625
38 0.2453125 0.3734375 0.26875 0.05625
3 0.246875 0.4484375 0.140625 0.0234375
28 0.75625 0.5 0.4875 0.6078125
3 0.340625 0.4109375 0.0765625 0.0125
3 0.2453125 0.5171875 0.0203125 0.0125
3 0.2453125 0.3 0.0609375 0.015625
15 0.24375 0.7 0.2265625 0.0375
15 0.24375 0.6453125 0.2265625 0.0390625
15 0.2453125 0.590625 0.2265625 0.0390625
3 0.228125 0.6984375 0.13125 0.0171875
3 0.2296875 0.6453125 0.1390625 0.0171875
3 0.228125 0.5921875 0.159375 0.0125
27 0.340625 0.7 0.0171875 0.01875
27 0.3390625 0.6453125 0.01875 0.0203125
27 0.3390625 0.590625 0.015625 0.021875
23 0.375 0.5171875 0.2203125 0.009375
23 0.1140625 0.5171875 0.221875 0.0078125