16 0.5 0.5 1 0.6078125
15 0.7515625 0.6890625 0.1015625 0.0390625
38 0.7515625 0.6171875 0.2578125 0.053125
3 0.75 0.5453125 0.134375 0.021875
28 0.2484375 0.5 0.496875 0.6078125
3 0.6609375 0.58125 0.0734375 0.0125
3 0.7515625 0.4796875 0.01875 0.0109375
3 0.7515625 0.6875 0.0578125 0.0140625
15 0.7515625 0.3046875 0.2171875 0.0359375
15 0.753125 0.35625 0.215625 0.0375
15 0.7515625 0.409375 0.215625 0.0375
3 0.7671875 0.3046875 0.1265625 0.015625
3 0.7671875 0.35625 0.1328125 0.0171875
3 0.7671875 0.4078125 0.1515625 0.0125
27 0.6609375 0.3046875 0.0171875 0.01875
27 0.6609375 0.3578125 0.0171875 0.01875
27 0.6609375 0.409375 0.0140625 0.0203125
23 0.6265625 0.4796875 0.2109375 0.009375
23 0.8765625 0.4796875 0.2125 0.0078125