16 0.45625 0.49375 0.5234375 0.396875
28 0.175 0.9078125 0.0421875 0.134375
3 0.253125 0.60625 0.0390625 0.1140625
3 0.2875 0.51875 0.01875 0.2859375
38 0.3515625 0.4953125 0.0609375 0.334375
38 0.4328125 0.4953125 0.0625 0.334375
3 0.4890625 0.5875 0.0203125 0.153125
15 0.5515625 0.4953125 0.059375 0.3328125
15 0.6546875 0.4953125 0.0609375 0.3328125
26 0.8375 0.5 0.05625 1
3 0.834375 0.0828125 0.0140625 0.0640625
3 0.7609375 0.5421875 0.0203125 0.1375
3 0.553125 0.496875 0.01875 0.0578125
3 0.6546875 0.4796875 0.0203125 0.15
28 0.653125 0.5734375 0.028125 0.0203125
3 0.7609375 0.43125 0.015625 0.0734375
3 0.6046875 0.496875 0.0109375 0.0171875
23 0.603125 0.5859375 0.003125 0.1421875
23 0.603125 0.4046875 0.003125 0.1421875
28 0.834375 0.94375 0.0171875 0.0640625
27 0.834375 0.903125 0.0109375 0.0109375
3 0.834375 0.8796875 0.0109375 0.0296875
3 0.834375 0.79375 0.0125 0.1046875
3 0.834375 0.68125 0.0140625 0.0890625
3 0.834375 0.546875 0.0140625 0.14375
3 0.834375 0.4125 0.0125 0.0859375
3 0.834375 0.3 0.0140625 0.1046875
3 0.834375 0.1796875 0.0140625 0.0984375
27 0.834375 0.0375 0.0078125 0.0171875