16 0.5390625 0.5359375 0.4265625 0.5625
28 0.9546875 0.8390625 0.0890625 0.0453125
3 0.6578125 0.7546875 0.121875 0.0421875
3 0.5640625 0.71875 0.30625 0.0203125
38 0.5390625 0.6484375 0.3578125 0.0640625
38 0.5390625 0.5609375 0.359375 0.0671875
3 0.6390625 0.5015625 0.1640625 0.021875
15 0.5390625 0.434375 0.3578125 0.0640625
15 0.540625 0.3234375 0.35625 0.065625
26 0.5 0.1453125 1 0.0234375
3 0.0984375 0.1359375 0.0703125 0.0046875
3 0.590625 0.209375 0.1484375 0.021875
3 0.5421875 0.4328125 0.0625 0.0203125
3 0.521875 0.3234375 0.1625 0.021875
28 0.6234375 0.325 0.021875 0.0296875
3 0.4703125 0.209375 0.0796875 0.0171875
3 0.540625 0.3765625 0.01875 0.0109375
23 0.6375 0.3796875 0.153125 0.0046875
23 0.4421875 0.378125 0.153125 0.0046875
27 0.978125 0.1359375 0.0109375 0.0046875
3 0.953125 0.1359375 0.03125 0.003125
3 0.8609375 0.1359375 0.1109375 0.0046875
3 0.7390625 0.1359375 0.096875 0.0046875
3 0.5953125 0.1359375 0.1546875 0.0046875
3 0.4515625 0.1359375 0.0921875 0.0046875
3 0.3296875 0.1359375 0.1125 0.0046875
3 0.2015625 0.1359375 0.10625 0.0046875
27 0.0484375 0.134375 0.01875 0.0015625