16 0.5015625 0.459375 0.3921875 0.51875
28 0.09375 0.18125 0.134375 0.0421875
3 0.3921875 0.259375 0.1125 0.0375
3 0.478125 0.2921875 0.2828125 0.01875
38 0.5015625 0.35625 0.3296875 0.059375
38 0.5015625 0.4375 0.33125 0.0625
3 0.4109375 0.4921875 0.1515625 0.0203125
15 0.5015625 0.553125 0.3296875 0.059375
15 0.5015625 0.65625 0.328125 0.0609375
26 0.5 0.8375 1 0.05625
3 0.909375 0.8328125 0.0640625 0.0140625
3 0.4546875 0.7609375 0.1359375 0.0203125
3 0.4984375 0.5546875 0.0578125 0.01875
3 0.5171875 0.65625 0.1484375 0.0203125
28 0.4234375 0.6546875 0.0203125 0.0265625
3 0.565625 0.7609375 0.0734375 0.015625
3 0.5 0.60625 0.0171875 0.009375
23 0.4109375 0.6046875 0.1421875 0.003125
23 0.590625 0.6046875 0.140625 0.003125
28 0.05625 0.834375 0.0625 0.015625
27 0.096875 0.8328125 0.0109375 0.0109375
3 0.121875 0.8328125 0.0296875 0.0109375
3 0.2046875 0.8328125 0.103125 0.0125
3 0.31875 0.8328125 0.0890625 0.0140625
3 0.45 0.834375 0.1421875 0.0140625
3 0.5828125 0.8328125 0.084375 0.0125
3 0.6953125 0.8328125 0.1046875 0.0140625
3 0.8125 0.8328125 0.096875 0.0140625
27 0.9546875 0.8328125 0.0171875 0.0078125