28 0.796875 0.5125 0.0578125 0.184375
15 0.696875 0.5125 0.046875 0.415625
15 0.64375 0.5140625 0.0453125 0.4171875
15 0.5890625 0.5125 0.046875 0.41875
15 0.2984375 0.625 0.046875 0.1921875
38 0.484375 0.5140625 0.04375 0.421875
38 0.409375 0.5125 0.0421875 0.41875
18 0.3015625 0.3140625 0.025 0.021875
3 0.2171875 0.5125 0.0203125 0.1796875
15 0.1734375 0.5125 0.0375 0.41875
3 0.3625 0.3828125 0.0171875 0.1546875
3 0.696875 0.528125 0.0140625 0.2234375
3 0.6453125 0.525 0.0125 0.184375
3 0.5921875 0.5234375 0.0125 0.2015625
3 0.1671875 0.5125 0.0125 0.1765625
3 0.5421875 0.5125 0.0125 0.01875
3 0.5171875 0.396875 0.015625 0.184375
3 0.44375 0.3390625 0.0140625 0.06875
23 0.54375 0.3953125 0.0078125 0.184375
23 0.5453125 0.6296875 0.00625 0.1828125
23 0.2609375 0.5140625 0.00625 0.4171875
27 0.7 0.3953125 0.01875 0.0171875
27 0.6453125 0.4140625 0.015625 0.0140625
27 0.5921875 0.4046875 0.0140625 0.0125
23 0.7484375 0.5 0.0125 1
3 0.2984375 0.38125 0.0140625 0.1