28 0.5453125 0.178125 0.1984375 0.04375
15 0.546875 0.278125 0.4453125 0.05
15 0.5484375 0.334375 0.446875 0.0484375
15 0.546875 0.39375 0.4484375 0.05
15 0.6671875 0.7046875 0.20625 0.05
38 0.5484375 0.50625 0.4515625 0.046875
38 0.546875 0.5859375 0.4484375 0.0453125
18 0.3359375 0.7015625 0.0234375 0.0265625
3 0.546875 0.7921875 0.1921875 0.021875
15 0.546875 0.83125 0.446875 0.0265625
3 0.4078125 0.6359375 0.165625 0.0171875
3 0.5625 0.278125 0.2390625 0.015625
3 0.5609375 0.334375 0.1984375 0.0125
3 0.559375 0.390625 0.215625 0.0140625
3 0.5453125 0.840625 0.190625 0.0078125
3 0.546875 0.44375 0.0203125 0.0125
3 0.4234375 0.4703125 0.196875 0.015625
3 0.3609375 0.5484375 0.075 0.0140625
23 0.421875 0.4421875 0.196875 0.0078125
23 0.6734375 0.440625 0.1953125 0.00625
23 0.5484375 0.74375 0.4453125 0.0078125
27 0.421875 0.275 0.01875 0.01875
27 0.440625 0.3328125 0.015625 0.015625
27 0.43125 0.390625 0.0140625 0.015625
23 0.5 0.2234375 1 0.0125
3 0.40625 0.7046875 0.1078125 0.015625