28 0.4984375 0.2046875 0.178125 0.05625
15 0.4984375 0.3015625 0.4015625 0.0453125
15 0.5 0.3515625 0.403125 0.04375
15 0.4984375 0.4046875 0.4046875 0.0453125
15 0.60625 0.6859375 0.1859375 0.0453125
38 0.5 0.5078125 0.4078125 0.0421875
38 0.4984375 0.578125 0.4046875 0.040625
18 0.3078125 0.684375 0.021875 0.0234375
3 0.4984375 0.765625 0.1734375 0.0203125
15 0.5 0.8140625 0.4046875 0.046875
3 0.371875 0.625 0.15 0.015625
3 0.5125 0.3 0.2171875 0.0140625
3 0.5109375 0.3515625 0.178125 0.0109375
3 0.509375 0.403125 0.1953125 0.0125
3 0.4984375 0.8125 0.171875 0.0125
3 0.4984375 0.4515625 0.01875 0.0125
3 0.3875 0.475 0.178125 0.0140625
3 0.33125 0.5453125 0.0671875 0.0125
23 0.3859375 0.4484375 0.178125 0.0078125
23 0.6125 0.4484375 0.1765625 0.00625
23 0.5 0.721875 0.403125 0.00625
27 0.384375 0.2984375 0.0171875 0.0171875
27 0.403125 0.35 0.0140625 0.0140625
27 0.39375 0.403125 0.0125 0.0140625
23 0.5 0.253125 1 0.0109375
3 0.371875 0.6875 0.096875 0.0140625