3 0.3328125 0.8375 0.025 0.0765625
3 0.375 0.8921875 0.0140625 0.1234375
3 0.6578125 0.8390625 0.015625 0.1296875
3 0.709375 0.8390625 0.03125 0.2375
38 0.453125 0.8390625 0.0390625 0.284375
38 0.525 0.8390625 0.0390625 0.2796875
18 0.5640625 0.971875 0.0171875 0.0171875
15 0.6109375 0.8390625 0.0421875 0.28125
28 0.275 0.8390625 0.05625 0.2171875
3 0.3765625 0.778125 0.0140625 0.096875
3 0.425 0.940625 0.0109375 0.075
3 0.496875 0.9515625 0.0109375 0.0515625
3 0.6125 0.8390625 0.015625 0.040625
15 0.7421875 0.884375 0.0140625 0.08125
3 0.7421875 0.884375 0.0125 0.0796875
15 0.7421875 0.7859375 0.015625 0.06875
3 0.7421875 0.7859375 0.0125 0.0671875
23 0.7421875 0.8328125 0.0125 0.003125
28 0.5 0.33125 0.5921875 0.6609375
3 0.565625 0.921875 0.0125 0.078125