3 0.1703125 0.3328125 0.0734375 0.025
3 0.1171875 0.375 0.1203125 0.0140625
3 0.16875 0.65 0.1265625 0.015625
3 0.16875 0.7 0.2296875 0.0296875
38 0.16875 0.4515625 0.2765625 0.0375
38 0.16875 0.5203125 0.2734375 0.0375
18 0.0390625 0.559375 0.015625 0.0171875
15 0.16875 0.603125 0.2734375 0.040625
28 0.16875 0.2765625 0.2109375 0.0546875
3 0.228125 0.3765625 0.0953125 0.0125
3 0.0703125 0.4234375 0.0734375 0.0109375
3 0.059375 0.49375 0.05 0.0109375
3 0.16875 0.60625 0.040625 0.0140625
15 0.1234375 0.73125 0.0796875 0.0140625
3 0.1234375 0.73125 0.078125 0.0125
15 0.2203125 0.73125 0.0671875 0.0140625
3 0.2203125 0.73125 0.065625 0.0125
23 0.175 0.73125 0.003125 0.0125
28 0.671875 0.5 0.65625 0.5921875
3 0.0890625 0.5609375 0.075 0.0125