3 0.6609375 0.10625 0.028125 0.08125
3 0.615625 0.05625 0.015625 0.1109375
3 0.3109375 0.103125 0.0171875 0.140625
3 0.25625 0.1140625 0.034375 0.228125
38 0.53125 0.128125 0.0421875 0.25625
38 0.4546875 0.1265625 0.040625 0.253125
15 0.3625 0.1265625 0.04375 0.253125
28 0.725 0.109375 0.0609375 0.21875
3 0.6140625 0.16875 0.0140625 0.1046875
3 0.5625 0.0171875 0.0109375 0.0328125
3 0.359375 0.103125 0.0171875 0.04375
15 0.2203125 0.053125 0.015625 0.0875
3 0.2203125 0.053125 0.0125 0.0859375
15 0.2203125 0.1609375 0.015625 0.075
3 0.2203125 0.1609375 0.0140625 0.0734375
23 0.2203125 0.109375 0.0140625 0.003125
28 0.5 0.646875 0.590625 0.7046875
3 0.4109375 0.028125 0.0125 0.0546875