10 0.5 0.1703125 0.540625 0.0328125
28 0.2640625 0.171875 0.040625 0.0140625
15 0.2984375 0.4046875 0.0859375 0.0296875
16 0.5015625 0.2171875 0.5140625 0.0359375
20 0.2828125 0.215625 0.06875 0.021875
3 0.346875 0.3109375 0.19375 0.0671875
3 0.2921875 0.5046875 0.0796875 0.0140625
28 0.63125 0.309375 0.28125 0.30625
3 0.578125 0.1734375 0.0359375 0.00625
3 0.646875 0.1734375 0.04375 0.00625
3 0.7171875 0.1734375 0.040625 0.0046875
23 0.3359375 0.2171875 0.003125 0.0203125
38 0.5140625 0.215625 0.29375 0.0171875
15 0.7171875 0.2171875 0.06875 0.021875
3 0.71875 0.215625 0.028125 0.00625
3 0.34375 0.365625 0.18125 0.015625
3 0.296875 0.403125 0.0390625 0.0078125
16 0.3109375 0.6046875 0.1109375 0.15
16 0.4390625 0.603125 0.1125 0.15
16 0.375 0.771875 0.2390625 0.15
16 0.565625 0.771875 0.1109375 0.1515625
16 0.6890625 0.771875 0.1109375 0.1515625
16 0.6296875 0.6046875 0.234375 0.1515625
28 0.3109375 0.571875 0.109375 0.0859375
28 0.4390625 0.5734375 0.109375 0.0875
28 0.5671875 0.6046875 0.1109375 0.15
28 0.6625 0.5984375 0.0421875 0.0328125
28 0.7140625 0.5984375 0.0421875 0.03125
28 0.690625 0.7390625 0.109375 0.084375
28 0.565625 0.740625 0.109375 0.0859375
28 0.3109375 0.771875 0.109375 0.1484375
28 0.409375 0.765625 0.0421875 0.0328125
28 0.4625 0.765625 0.0421875 0.0328125
3 0.2875 0.6265625 0.05 0.00625
3 0.2984375 0.6421875 0.0734375 0.0125
3 0.325 0.6703125 0.00625 0.0046875
3 0.3515625 0.6703125 0.009375 0.0046875
3 0.4171875 0.6265625 0.053125 0.0078125
3 0.421875 0.6375 0.0609375 0.0046875
3 0.45625 0.6703125 0.00625 0.0046875
3 0.484375 0.6703125 0.009375 0.0046875
15 0.665625 0.6375 0.0515625 0.0171875
3 0.665625 0.6375 0.0296875 0.0046875
3 0.6703125 0.5453125 0.065625 0.009375
3 0.6828125 0.5625 0.0875 0.0109375
3 0.703125 0.6703125 0.00625 0.0046875
3 0.7296875 0.6703125 0.0078125 0.0046875
3 0.66875 0.79375 0.0515625 0.00625
3 0.678125 0.809375 0.0734375 0.0125
3 0.709375 0.8390625 0.00625 0.0046875
3 0.7359375 0.8390625 0.009375 0.0046875
3 0.584375 0.8390625 0.0078125 0.003125
3 0.6109375 0.8375 0.009375 0.00625
3 0.546875 0.79375 0.0578125 0.0078125
3 0.5546875 0.809375 0.075 0.0125
15 0.4125 0.803125 0.0515625 0.0171875
3 0.4125 0.8015625 0.0296875 0.0046875
3 0.45625 0.8375 0.0078125 0.003125
3 0.484375 0.8390625 0.009375 0.0046875
3 0.4171875 0.7125 0.0578125 0.00625
3 0.434375 0.728125 0.090625 0.0140625
27 0.2671875 0.6703125 0.00625 0.0078125
27 0.3140625 0.6703125 0.00625 0.00625
27 0.340625 0.6703125 0.0078125 0.00625
27 0.3953125 0.6703125 0.00625 0.0078125
27 0.4453125 0.6703125 0.00625 0.00625
27 0.471875 0.6703125 0.0078125 0.0078125
27 0.6421875 0.6703125 0.0046875 0.0078125
27 0.6921875 0.6703125 0.00625 0.00625
27 0.71875 0.6703125 0.0078125 0.0078125
27 0.6984375 0.8390625 0.00625 0.00625
27 0.725 0.8390625 0.0078125 0.00625
27 0.5734375 0.8375 0.00625 0.0046875
27 0.6 0.8390625 0.0078125 0.0078125
27 0.4453125 0.8375 0.00625 0.0046875
27 0.471875 0.8390625 0.0078125 0.00625
27 0.4625 0.803125 0.009375 0.003125
27 0.7125 0.6375 0.0078125 0.003125
23 0.3109375 0.659375 0.109375 0.0015625
23 0.4390625 0.659375 0.1109375 0.0015625
23 0.684375 0.659375 0.1203125 0.0015625
23 0.6890625 0.8265625 0.109375 0.0015625
23 0.565625 0.8265625 0.109375 0.003125
23 0.43125 0.8265625 0.128125 0.003125