10 0.5578125 0.13125 0.6046875 0.0125
28 0.2921875 0.128125 0.0453125 0.00625
15 0.33125 0.384375 0.096875 0.0328125
16 0.559375 0.1734375 0.5765625 0.040625
20 0.3140625 0.171875 0.0765625 0.0234375
3 0.3859375 0.278125 0.215625 0.075
3 0.325 0.4953125 0.0890625 0.015625
28 0.703125 0.2859375 0.3140625 0.321875
3 0.64375 0.1265625 0.040625 0.0015625
3 0.7203125 0.1265625 0.0484375 0.0015625
3 0.8 0.1265625 0.0453125 0.0015625
23 0.3734375 0.1734375 0.003125 0.0234375
38 0.5734375 0.171875 0.3296875 0.01875
15 0.8 0.1734375 0.0765625 0.0234375
3 0.8015625 0.171875 0.03125 0.00625
3 0.3828125 0.3390625 0.203125 0.0171875
3 0.33125 0.3828125 0.04375 0.009375
16 0.346875 0.60625 0.125 0.16875
16 0.4890625 0.60625 0.125 0.1671875
16 0.4171875 0.7921875 0.26875 0.1640625
16 0.63125 0.7921875 0.1234375 0.165625
16 0.76875 0.7921875 0.125 0.165625
16 0.7015625 0.60625 0.2625 0.1703125
28 0.3453125 0.5703125 0.1234375 0.0953125
28 0.4890625 0.571875 0.121875 0.0984375
28 0.6328125 0.60625 0.1234375 0.1671875
28 0.7390625 0.6 0.046875 0.0359375
28 0.796875 0.6 0.046875 0.0359375
28 0.7703125 0.7578125 0.1234375 0.0953125
28 0.63125 0.759375 0.121875 0.0953125
28 0.3453125 0.7921875 0.1234375 0.1640625
28 0.45625 0.7875 0.046875 0.0359375
28 0.515625 0.7875 0.046875 0.0359375
3 0.31875 0.63125 0.05625 0.0078125
3 0.33125 0.6484375 0.08125 0.0140625
3 0.3609375 0.68125 0.0078125 0.0046875
3 0.3921875 0.68125 0.009375 0.0046875
3 0.465625 0.63125 0.059375 0.009375
3 0.4703125 0.6453125 0.06875 0.00625
3 0.5078125 0.68125 0.0078125 0.0046875
3 0.5390625 0.68125 0.0109375 0.0046875
15 0.7421875 0.64375 0.05625 0.01875
3 0.7421875 0.64375 0.0328125 0.0046875
3 0.7484375 0.540625 0.0734375 0.0109375
3 0.7625 0.5609375 0.096875 0.0125
3 0.784375 0.68125 0.0078125 0.0046875
3 0.8140625 0.68125 0.009375 0.0046875
3 0.7453125 0.8203125 0.0578125 0.0078125
3 0.7578125 0.8375 0.0828125 0.0140625
3 0.790625 0.86875 0.00625 0.0046875
3 0.821875 0.86875 0.0109375 0.0046875
3 0.6515625 0.86875 0.009375 0.0046875
3 0.68125 0.86875 0.0109375 0.00625
3 0.609375 0.81875 0.065625 0.0078125
3 0.61875 0.8375 0.084375 0.0140625
15 0.459375 0.828125 0.05625 0.01875
3 0.459375 0.8265625 0.034375 0.0046875
3 0.5078125 0.86875 0.0078125 0.0046875
3 0.5390625 0.86875 0.009375 0.0046875
3 0.4640625 0.728125 0.065625 0.0078125
3 0.4828125 0.7453125 0.1015625 0.015625
27 0.296875 0.68125 0.00625 0.0078125
27 0.35 0.68125 0.0078125 0.00625
27 0.3796875 0.68125 0.009375 0.0078125
27 0.440625 0.68125 0.00625 0.0078125
27 0.496875 0.68125 0.0078125 0.00625
27 0.5265625 0.68125 0.009375 0.0078125
27 0.7171875 0.68125 0.00625 0.0078125
27 0.771875 0.6796875 0.0078125 0.00625
27 0.803125 0.68125 0.009375 0.0078125
27 0.778125 0.86875 0.0078125 0.00625
27 0.809375 0.86875 0.009375 0.0078125
27 0.6390625 0.86875 0.0078125 0.00625
27 0.66875 0.86875 0.009375 0.0078125
27 0.496875 0.86875 0.00625 0.00625
27 0.5265625 0.86875 0.009375 0.0078125
27 0.515625 0.828125 0.009375 0.0046875
27 0.7953125 0.64375 0.009375 0.003125
23 0.3453125 0.6671875 0.1234375 0.0015625
23 0.4890625 0.6671875 0.1234375 0.003125
23 0.7640625 0.6671875 0.134375 0.0015625
23 0.76875 0.85625 0.121875 0.003125
23 0.63125 0.85625 0.121875 0.0046875
23 0.4796875 0.85625 0.1421875 0.003125