10 0.8390625 0.5109375 0.034375 0.5515625
28 0.8359375 0.26875 0.0140625 0.040625
15 0.5984375 0.303125 0.0296875 0.0890625
16 0.790625 0.5109375 0.0375 0.5265625
20 0.7921875 0.2875 0.021875 0.06875
3 0.6953125 0.353125 0.06875 0.196875
3 0.4953125 0.2984375 0.0140625 0.08125
28 0.6953125 0.64375 0.3125 0.2875
3 0.8359375 0.5890625 0.00625 0.0375
3 0.834375 0.659375 0.00625 0.0453125
3 0.834375 0.7328125 0.00625 0.040625
23 0.790625 0.3421875 0.021875 0.003125
38 0.7921875 0.525 0.0171875 0.3015625
15 0.790625 0.7328125 0.021875 0.0703125
3 0.7921875 0.7328125 0.00625 0.028125
3 0.6390625 0.3515625 0.015625 0.1859375
3 0.6 0.303125 0.0078125 0.0390625
16 0.3953125 0.3171875 0.153125 0.1140625
16 0.3953125 0.4484375 0.153125 0.1140625
16 0.2234375 0.3828125 0.153125 0.2453125
16 0.2234375 0.578125 0.1546875 0.1125
16 0.2234375 0.7046875 0.1546875 0.1140625
16 0.3953125 0.6421875 0.1546875 0.240625
28 0.428125 0.3171875 0.0875 0.1125
28 0.4265625 0.4484375 0.0890625 0.1125
28 0.3953125 0.5796875 0.153125 0.1125
28 0.4015625 0.6765625 0.0328125 0.0421875
28 0.4015625 0.728125 0.0328125 0.0421875
28 0.25625 0.7046875 0.0859375 0.1125
28 0.25625 0.578125 0.0875 0.1109375
28 0.2234375 0.3171875 0.1515625 0.1125
28 0.2296875 0.4171875 0.0328125 0.04375
28 0.2296875 0.471875 0.0328125 0.0421875
3 0.371875 0.2921875 0.00625 0.0515625
3 0.35625 0.3046875 0.0125 0.075
3 0.328125 0.33125 0.0046875 0.00625
3 0.328125 0.359375 0.0046875 0.009375
3 0.371875 0.4265625 0.0078125 0.0546875
3 0.3609375 0.43125 0.00625 0.0625
3 0.3265625 0.465625 0.0046875 0.00625
3 0.3265625 0.49375 0.0046875 0.009375
15 0.3609375 0.6796875 0.0171875 0.0515625
3 0.3609375 0.6796875 0.0046875 0.0296875
3 0.4546875 0.684375 0.009375 0.0671875
3 0.4375 0.6984375 0.0109375 0.0890625
3 0.3265625 0.7171875 0.0046875 0.0078125
3 0.328125 0.7453125 0.0046875 0.0078125
3 0.2 0.6828125 0.0078125 0.053125
3 0.184375 0.6921875 0.0125 0.075
3 0.15625 0.7234375 0.0046875 0.00625
3 0.1546875 0.7515625 0.0046875 0.009375
3 0.15625 0.5953125 0.003125 0.0078125
3 0.15625 0.6234375 0.00625 0.009375
3 0.2 0.5578125 0.0078125 0.059375
3 0.184375 0.5671875 0.0125 0.078125
15 0.1921875 0.421875 0.0171875 0.0515625
3 0.19375 0.4203125 0.0046875 0.03125
3 0.15625 0.465625 0.003125 0.0078125
3 0.1546875 0.49375 0.0046875 0.009375
3 0.284375 0.425 0.00625 0.059375
3 0.26875 0.4421875 0.0140625 0.0921875
27 0.3265625 0.271875 0.0078125 0.00625
27 0.3265625 0.3203125 0.00625 0.00625
27 0.3265625 0.3484375 0.0078125 0.0078125
27 0.328125 0.403125 0.0078125 0.00625
27 0.3265625 0.4546875 0.00625 0.00625
27 0.3265625 0.48125 0.0078125 0.0078125
27 0.328125 0.65625 0.0078125 0.0046875
27 0.328125 0.70625 0.00625 0.00625
27 0.3265625 0.734375 0.0078125 0.0078125
27 0.15625 0.7125 0.00625 0.00625
27 0.15625 0.740625 0.00625 0.0078125
27 0.15625 0.584375 0.00625 0.00625
27 0.1546875 0.6125 0.0078125 0.0078125
27 0.15625 0.4546875 0.0046875 0.00625
27 0.1546875 0.48125 0.0078125 0.0078125
27 0.1921875 0.471875 0.0046875 0.009375
27 0.3609375 0.728125 0.003125 0.0078125
23 0.3390625 0.3171875 0.0015625 0.1125
23 0.3390625 0.4484375 0.0015625 0.1125
23 0.3390625 0.6984375 0.0015625 0.1234375
23 0.1671875 0.703125 0.0015625 0.1109375
23 0.1671875 0.578125 0.003125 0.1109375
23 0.1671875 0.4390625 0.003125 0.1296875