16 0.25 0.5015625 0.496875 0.4140625
18 0.171875 0.396875 0.0328125 0.0296875
18 0.1734375 0.4375 0.0328125 0.0328125
18 0.171875 0.475 0.0296875 0.03125
18 0.1734375 0.515625 0.028125 0.028125
18 0.1734375 0.55625 0.0296875 0.028125
18 0.171875 0.596875 0.0265625 0.028125
18 0.1734375 0.634375 0.0328125 0.0328125
16 0.75 0.5015625 0.49375 0.4125
18 0.69375 0.4140625 0.021875 0.0234375
18 0.69375 0.4484375 0.0203125 0.021875
18 0.69375 0.48125 0.0234375 0.0203125
18 0.69375 0.5140625 0.0265625 0.021875
18 0.6953125 0.5484375 0.021875 0.0234375
18 0.69375 0.58125 0.0234375 0.028125
18 0.6953125 0.6140625 0.025 0.0265625
3 0.228125 0.35625 0.15625 0.0265625
3 0.7375 0.375 0.125 0.025
3 0.2296875 0.3984375 0.0640625 0.0203125
3 0.21875 0.4375 0.040625 0.0203125
3 0.2640625 0.4765625 0.1265625 0.0203125
3 0.221875 0.515625 0.0421875 0.021875
3 0.2234375 0.55625 0.0484375 0.01875
3 0.259375 0.596875 0.1203125 0.021875
3 0.2359375 0.6359375 0.06875 0.0203125
3 0.7390625 0.4125 0.053125 0.0171875
3 0.728125 0.4484375 0.0328125 0.01875
3 0.765625 0.48125 0.109375 0.0171875
3 0.7296875 0.5140625 0.0359375 0.0171875
3 0.73125 0.546875 0.0375 0.015625
3 0.759375 0.5796875 0.09375 0.01875
3 0.7375 0.6125 0.0484375 0.0171875