16 0.7765625 0.5 0.4453125 0.4140625
18 0.915625 0.3765625 0.0359375 0.0328125
18 0.915625 0.421875 0.0359375 0.0359375
18 0.915625 0.4640625 0.0328125 0.034375
18 0.915625 0.509375 0.03125 0.03125
18 0.915625 0.5546875 0.0328125 0.03125
18 0.915625 0.5984375 0.0296875 0.03125
18 0.915625 0.640625 0.0359375 0.0375
16 0.275 0.5 0.5484375 0.4140625
18 0.3359375 0.3953125 0.025 0.0265625
18 0.3359375 0.434375 0.0234375 0.025
18 0.3375 0.4703125 0.0265625 0.0234375
18 0.3375 0.50625 0.0296875 0.025
18 0.3359375 0.54375 0.0234375 0.0265625
18 0.3359375 0.58125 0.0265625 0.03125
18 0.334375 0.6171875 0.028125 0.0296875
3 0.853125 0.33125 0.175 0.028125
3 0.2890625 0.353125 0.1390625 0.028125
3 0.8515625 0.378125 0.0703125 0.021875
3 0.8640625 0.421875 0.0453125 0.021875
3 0.8140625 0.465625 0.140625 0.021875
3 0.8609375 0.5078125 0.046875 0.0234375
3 0.859375 0.553125 0.053125 0.021875
3 0.81875 0.5984375 0.1328125 0.025
3 0.8453125 0.6421875 0.0765625 0.0234375
3 0.2859375 0.3953125 0.059375 0.01875
3 0.2984375 0.4328125 0.0375 0.0203125
3 0.25625 0.4703125 0.121875 0.01875
3 0.2953125 0.50625 0.040625 0.01875
3 0.2953125 0.5421875 0.0421875 0.01875
3 0.2640625 0.5796875 0.1046875 0.0203125
3 0.2890625 0.615625 0.0546875 0.01875