3 0.165625 0.28125 0.2890625 0.0234375
3 0.640625 0.384375 0.234375 0.021875
18 0.534375 0.4390625 0.021875 0.0234375
18 0.6484375 0.4390625 0.0265625 0.021875
18 0.778125 0.4390625 0.028125 0.021875
18 0.875 0.4390625 0.021875 0.01875
18 0.534375 0.48125 0.021875 0.028125
18 0.6875 0.525 0.0265625 0.0234375
18 0.815625 0.56875 0.021875 0.01875
18 0.9015625 0.6109375 0.028125 0.025
18 0.6140625 0.56875 0.0234375 0.025
18 0.803125 0.5265625 0.021875 0.021875
18 0.7765625 0.48125 0.0234375 0.0203125
18 0.7015625 0.5671875 0.01875 0.0203125
18 0.9125 0.48125 0.0234375 0.01875
18 0.6640625 0.48125 0.01875 0.021875
18 0.7765625 0.6109375 0.0203125 0.0203125
18 0.534375 0.5265625 0.0203125 0.0234375
18 0.534375 0.56875 0.0234375 0.0234375
18 0.8984375 0.525 0.0171875 0.01875
18 0.90625 0.5671875 0.021875 0.0203125
18 0.534375 0.6109375 0.0234375 0.0203125
18 0.65 0.6109375 0.0203125 0.021875
3 0.5859375 0.4390625 0.0671875 0.0171875
3 0.5859375 0.48125 0.0671875 0.01875
3 0.603125 0.525 0.1 0.0171875
3 0.56875 0.56875 0.03125 0.0171875
3 0.5765625 0.6125 0.05 0.0171875
3 0.696875 0.6109375 0.0625 0.0171875
3 0.821875 0.6109375 0.05625 0.01875
3 0.9421875 0.6125 0.0453125 0.0171875
3 0.9453125 0.56875 0.040625 0.0171875
3 0.940625 0.5265625 0.0515625 0.0203125
3 0.9484375 0.48125 0.03125 0.015625
3 0.928125 0.4390625 0.071875 0.0171875
3 0.821875 0.4390625 0.046875 0.0171875
3 0.8296875 0.48125 0.071875 0.0171875
3 0.8421875 0.5234375 0.040625 0.015625
3 0.7375 0.5265625 0.0640625 0.0171875
3 0.7046875 0.48125 0.0453125 0.0171875
3 0.709375 0.4390625 0.0859375 0.0171875
3 0.7515625 0.5671875 0.065625 0.01875
3 0.6515625 0.56875 0.0359375 0.015625
3 0.853125 0.5671875 0.0375 0.015625
18 0.0546875 0.346875 0.028125 0.0296875
18 0.2203125 0.346875 0.0265625 0.0265625
18 0.1953125 0.4078125 0.0265625 0.028125
18 0.359375 0.4078125 0.0265625 0.028125
18 0.353125 0.4671875 0.025 0.0265625
18 0.2265625 0.46875 0.025 0.0265625
18 0.0546875 0.4671875 0.0265625 0.0265625
18 0.0546875 0.40625 0.0265625 0.028125
18 0.0546875 0.5265625 0.0265625 0.0265625
18 0.275 0.528125 0.0265625 0.0296875
18 0.0546875 0.5875 0.0265625 0.0265625
18 0.0546875 0.6484375 0.028125 0.0265625
18 0.0546875 0.7078125 0.0296875 0.028125
18 0.184375 0.5875 0.0265625 0.0296875
18 0.1828125 0.6484375 0.0296875 0.028125
18 0.2125 0.7078125 0.028125 0.028125
18 0.3625 0.709375 0.028125 0.0296875
18 0.3234375 0.6484375 0.025 0.028125
18 0.3265625 0.5875 0.0265625 0.0296875
3 0.1234375 0.346875 0.084375 0.021875
3 0.109375 0.40625 0.05625 0.021875
3 0.2625 0.4078125 0.0765625 0.0234375
3 0.4140625 0.40625 0.05625 0.021875
3 0.3015625 0.346875 0.10625 0.0203125
3 0.3984375 0.46875 0.0390625 0.0234375
3 0.275 0.4671875 0.0453125 0.021875
3 0.1265625 0.4703125 0.0890625 0.025
3 0.340625 0.5296875 0.0796875 0.025
3 0.15 0.528125 0.1390625 0.021875
3 0.2421875 0.5890625 0.059375 0.0234375
3 0.390625 0.5890625 0.0765625 0.0234375
3 0.3796875 0.65 0.0625 0.0234375
3 0.41875 0.7078125 0.0609375 0.021875
3 0.275 0.7078125 0.071875 0.021875
3 0.2359375 0.6484375 0.0515625 0.021875
3 0.103125 0.646875 0.0453125 0.021875
3 0.11875 0.7078125 0.075 0.021875
3 0.10625 0.5875 0.05 0.0234375