3 0.846875 0.7359375 0.303125 0.025
3 0.3484375 0.6265625 0.2453125 0.0234375
18 0.459375 0.5703125 0.0234375 0.025
18 0.3390625 0.5703125 0.028125 0.021875
18 0.203125 0.5703125 0.028125 0.021875
18 0.1015625 0.56875 0.021875 0.0203125
18 0.459375 0.525 0.021875 0.028125
18 0.2984375 0.4796875 0.028125 0.025
18 0.165625 0.434375 0.021875 0.0203125
18 0.075 0.3890625 0.0296875 0.0265625
18 0.375 0.434375 0.0234375 0.0265625
18 0.178125 0.478125 0.021875 0.0234375
18 0.20625 0.5265625 0.025 0.0203125
18 0.284375 0.4359375 0.0203125 0.0203125
18 0.0625 0.5265625 0.025 0.0203125
18 0.3234375 0.525 0.0203125 0.021875
18 0.20625 0.3890625 0.021875 0.021875
18 0.459375 0.4796875 0.021875 0.025
18 0.459375 0.434375 0.025 0.0234375
18 0.078125 0.4796875 0.01875 0.0203125
18 0.0703125 0.4359375 0.0234375 0.021875
18 0.459375 0.3890625 0.025 0.021875
18 0.3390625 0.3890625 0.021875 0.021875
3 0.40625 0.5703125 0.0703125 0.0171875
3 0.40625 0.5265625 0.0703125 0.0203125
3 0.3875 0.4796875 0.1046875 0.0171875
3 0.425 0.434375 0.0328125 0.01875
3 0.415625 0.3890625 0.0515625 0.01875
3 0.2890625 0.390625 0.0640625 0.01875
3 0.1578125 0.390625 0.059375 0.0203125
3 0.03125 0.3890625 0.0484375 0.0171875
3 0.0296875 0.434375 0.04375 0.01875
3 0.0328125 0.478125 0.0546875 0.021875
3 0.0265625 0.5265625 0.0328125 0.0171875
3 0.046875 0.5703125 0.075 0.0171875
3 0.1578125 0.5703125 0.05 0.0171875
3 0.15 0.5265625 0.0765625 0.01875
3 0.1375 0.48125 0.0421875 0.015625
3 0.2453125 0.478125 0.0671875 0.01875
3 0.2796875 0.525 0.046875 0.0171875
3 0.275 0.5703125 0.0890625 0.01875
3 0.23125 0.4359375 0.06875 0.01875
3 0.3375 0.434375 0.0375 0.015625
3 0.125 0.4359375 0.0390625 0.0171875
18 0.9640625 0.6671875 0.0296875 0.03125
18 0.7890625 0.6671875 0.028125 0.028125
18 0.815625 0.603125 0.028125 0.0296875
18 0.64375 0.603125 0.028125 0.0296875
18 0.65 0.540625 0.0265625 0.028125
18 0.78125 0.5390625 0.0265625 0.028125
18 0.9625 0.5390625 0.0265625 0.028125
18 0.9640625 0.603125 0.028125 0.0296875
18 0.9625 0.478125 0.028125 0.028125
18 0.73125 0.4765625 0.028125 0.03125
18 0.9625 0.4140625 0.028125 0.028125
18 0.9625 0.35 0.0296875 0.028125
18 0.9625 0.2875 0.0296875 0.0296875
18 0.8265625 0.4140625 0.028125 0.03125
18 0.828125 0.35 0.03125 0.0296875
18 0.796875 0.2875 0.0296875 0.0296875
18 0.6390625 0.2875 0.0296875 0.03125
18 0.68125 0.3515625 0.0265625 0.0296875
18 0.678125 0.4140625 0.028125 0.03125
3 0.890625 0.6671875 0.0890625 0.021875
3 0.90625 0.6046875 0.059375 0.0234375
3 0.7453125 0.6015625 0.08125 0.0234375
3 0.5859375 0.6046875 0.059375 0.021875
3 0.7046875 0.6671875 0.1125 0.0203125
3 0.603125 0.5390625 0.040625 0.025
3 0.73125 0.540625 0.046875 0.0234375
3 0.8875 0.5375 0.09375 0.0265625
3 0.6625 0.475 0.0828125 0.0265625
3 0.8625 0.4765625 0.1453125 0.0234375
3 0.7671875 0.4140625 0.0625 0.025
3 0.6109375 0.4125 0.0796875 0.025
3 0.621875 0.3484375 0.065625 0.025
3 0.5796875 0.2875 0.0640625 0.021875
3 0.7328125 0.2875 0.075 0.0234375
3 0.7734375 0.3515625 0.0546875 0.0234375
3 0.9125 0.3515625 0.0484375 0.021875
3 0.8953125 0.2875 0.078125 0.021875
3 0.909375 0.4140625 0.0515625 0.025