16 0.496875 0.5546875 0.409375 0.5890625
28 0.5 0.184375 0.203125 0.053125
3 0.4984375 0.328125 0.08125 0.0265625
38 0.496875 0.3796875 0.328125 0.05
15 0.496875 0.4375 0.3234375 0.040625
15 0.496875 0.4828125 0.325 0.040625
15 0.496875 0.6171875 0.3234375 0.04375
15 0.496875 0.6671875 0.3234375 0.04375
15 0.496875 0.715625 0.321875 0.0421875
15 0.496875 0.765625 0.325 0.04375
3 0.4703125 0.8171875 0.1203125 0.01875
3 0.496875 0.525 0.0140625 0.0078125
3 0.496875 0.55625 0.30625 0.0125
3 0.496875 0.571875 0.2125 0.0109375
3 0.509375 0.6171875 0.1421875 0.0125
3 0.5125 0.6671875 0.153125 0.0125
3 0.5078125 0.7171875 0.1359375 0.0140625
3 0.509375 0.765625 0.128125 0.015625
3 0.5578125 0.8171875 0.0484375 0.0140625
3 0.496875 0.4828125 0.1328125 0.0171875
3 0.4984375 0.4359375 0.0328125 0.0125
23 0.4078125 0.525 0.146875 0.003125
23 0.5859375 0.525 0.146875 0.003125
27 0.4234375 0.6171875 0.015625 0.0171875
27 0.4171875 0.6671875 0.01875 0.0203125
27 0.4265625 0.715625 0.0140625 0.015625
27 0.43125 0.765625 0.015625 0.01875