16 0.553125 0.5 0.5921875 0.4109375
28 0.18125 0.4984375 0.053125 0.203125
3 0.3265625 0.4984375 0.0265625 0.08125
38 0.378125 0.5 0.05 0.3296875
15 0.4359375 0.5015625 0.040625 0.325
15 0.4828125 0.5015625 0.040625 0.3265625
15 0.6171875 0.5015625 0.04375 0.3265625
15 0.6671875 0.5015625 0.04375 0.325
15 0.7171875 0.5015625 0.0421875 0.325
15 0.765625 0.5 0.04375 0.3265625
3 0.8171875 0.528125 0.01875 0.1203125
3 0.525 0.5015625 0.0078125 0.0140625
3 0.55625 0.5 0.0125 0.3078125
3 0.571875 0.5015625 0.0109375 0.2140625
3 0.6171875 0.4890625 0.0125 0.14375
3 0.6671875 0.4859375 0.0125 0.1546875
3 0.7171875 0.4890625 0.0140625 0.1359375
3 0.7671875 0.4890625 0.015625 0.128125
3 0.8171875 0.440625 0.0140625 0.0484375
3 0.4828125 0.5015625 0.0171875 0.1328125
3 0.4359375 0.5 0.0125 0.0328125
23 0.525 0.590625 0.003125 0.146875
23 0.525 0.4109375 0.003125 0.146875
27 0.6171875 0.575 0.0171875 0.0171875
27 0.6671875 0.58125 0.0203125 0.01875
27 0.715625 0.571875 0.015625 0.0140625
27 0.7671875 0.5671875 0.01875 0.015625