16 0.5 0.4734375 0.6734375 0.584375
3 0.496875 0.278125 0.13125 0.040625
3 0.4625 0.678125 0.1890625 0.0203125
38 0.5 0.371875 0.50625 0.0734375
38 0.5 0.471875 0.503125 0.0703125
18 0.2890625 0.5296875 0.0296875 0.0265625
15 0.5 0.5984375 0.2515625 0.0515625
3 0.65625 0.5296875 0.125 0.0171875
3 0.5875 0.6765625 0.053125 0.01875
3 0.4984375 0.5984375 0.065625 0.0171875
3 0.365625 0.53125 0.1078125 0.015625
26 0.5 0.9578125 1 0.05625
3 0.09375 0.9625 0.16875 0.0296875
3 0.7578125 0.9578125 0.1046875 0.01875
3 0.90625 0.959375 0.1515625 0.015625
27 0.8203125 0.959375 0.0125 0.0140625