16 0.4734375 0.4921875 0.6 0.690625
3 0.271875 0.4953125 0.0421875 0.1359375
3 0.6828125 0.53125 0.021875 0.19375
38 0.36875 0.49375 0.0765625 0.5203125
38 0.471875 0.4921875 0.071875 0.5171875
18 0.53125 0.7109375 0.0265625 0.0296875
15 0.6015625 0.49375 0.053125 0.2578125
3 0.53125 0.3328125 0.0171875 0.128125
3 0.6828125 0.403125 0.01875 0.0546875
3 0.6015625 0.49375 0.01875 0.06875
3 0.5328125 0.63125 0.0171875 0.109375
26 0.9640625 0.5 0.04375 1
3 0.9734375 0.9109375 0.0265625 0.1734375
3 0.971875 0.228125 0.01875 0.10625
3 0.9734375 0.0765625 0.0171875 0.153125
27 0.971875 0.1640625 0.0140625 0.0125