16 0.4890625 0.5015625 0.83125 0.5859375
3 0.2703125 0.290625 0.1125 0.0296875
3 0.271875 0.396875 0.175 0.021875
3 0.3078125 0.7453125 0.071875 0.0140625
3 0.2578125 0.7015625 0.0875 0.0125
3 0.1828125 0.559375 0.06875 0.0109375
15 0.2703125 0.6 0.1375 0.034375
17 0.68125 0.5 0.4328125 0.5734375
3 0.26875 0.6 0.0484375 0.0171875
3 0.234375 0.746875 0.0703125 0.0140625
27 0.3171875 0.7015625 0.0140625 0.015625
3 0.2703125 0.659375 0.0109375 0.00625
23 0.309375 0.659375 0.059375 0.003125
23 0.23125 0.659375 0.059375 0.0015625
38 0.2703125 0.475 0.246875 0.0421875
38 0.2703125 0.5265625 0.2484375 0.0390625