16 0.459375 0.5265625 0.8546875 0.603125
3 0.234375 0.7421875 0.115625 0.0296875
3 0.2359375 0.6328125 0.18125 0.021875
3 0.2734375 0.275 0.0734375 0.0140625
3 0.221875 0.3203125 0.090625 0.0125
3 0.14375 0.4671875 0.0703125 0.0109375
15 0.234375 0.4234375 0.140625 0.034375
17 0.6578125 0.528125 0.4453125 0.5890625
3 0.2328125 0.425 0.05 0.0171875
3 0.196875 0.2734375 0.071875 0.015625
27 0.2828125 0.3203125 0.015625 0.015625
3 0.234375 0.3640625 0.0109375 0.0078125
23 0.275 0.3640625 0.0609375 0.003125
23 0.19375 0.3640625 0.0609375 0.0015625
38 0.234375 0.5546875 0.2546875 0.04375
38 0.234375 0.5 0.2546875 0.0390625