16 0.5 0.5 0.7828125 0.5515625
3 0.70625 0.3015625 0.1046875 0.028125
3 0.7046875 0.4015625 0.165625 0.0203125
3 0.671875 0.7296875 0.0671875 0.0140625
3 0.71875 0.6875 0.0828125 0.0125
3 0.7890625 0.5546875 0.0640625 0.0109375
15 0.70625 0.59375 0.128125 0.03125
17 0.31875 0.4984375 0.4078125 0.5390625
3 0.7078125 0.5921875 0.0453125 0.015625
3 0.740625 0.73125 0.065625 0.0140625
27 0.6625 0.6875 0.0140625 0.0140625
3 0.70625 0.6484375 0.009375 0.00625
23 0.6703125 0.6484375 0.05625 0.003125
23 0.74375 0.6484375 0.05625 0.0015625
38 0.70625 0.4734375 0.2328125 0.040625
38 0.70625 0.5234375 0.2328125 0.0359375