16 0.5 0.5 0.8875 0.5078125
28 0.1890625 0.303125 0.0640625 0.021875
15 0.8875 0.2875 0.053125 0.021875
3 0.6328125 0.4015625 0.1421875 0.021875
3 0.6875 0.43125 0.2421875 0.021875
28 0.5921875 0.4796875 0.046875 0.0453125
3 0.2546875 0.3609375 0.1953125 0.0390625
15 0.2171875 0.409375 0.115625 0.028125
15 0.3390625 0.409375 0.109375 0.028125
15 0.2015625 0.6203125 0.0875 0.0296875
15 0.303125 0.6203125 0.0859375 0.03125
3 0.228125 0.6765625 0.14375 0.0234375
3 0.3609375 0.58125 0.0703125 0.0125
18 0.1640625 0.58125 0.0125 0.0125
38 0.275 0.49375 0.240625 0.0421875
38 0.2765625 0.540625 0.240625 0.0359375
3 0.8921875 0.2875 0.01875 0.0078125
27 0.875 0.2875 0.0078125 0.00625
3 0.346875 0.409375 0.059375 0.009375
3 0.225 0.409375 0.0796875 0.0078125
27 0.175 0.409375 0.0078125 0.0109375
27 0.30625 0.409375 0.009375 0.0125
3 0.2625 0.45 0.0234375 0.0078125
3 0.2015625 0.6203125 0.025 0.0109375
3 0.303125 0.6203125 0.0328125 0.0109375
3 0.203125 0.58125 0.0578125 0.009375