16 0.5125 0.4984375 0.965625 0.553125
28 0.1734375 0.7140625 0.0703125 0.0234375
15 0.9328125 0.73125 0.0578125 0.0234375
3 0.65625 0.60625 0.153125 0.025
3 0.715625 0.575 0.2625 0.025
28 0.6125 0.521875 0.0515625 0.0484375
3 0.2453125 0.65 0.2125 0.0421875
15 0.2046875 0.5984375 0.1265625 0.0296875
15 0.3375 0.5984375 0.11875 0.0296875
15 0.1875 0.3703125 0.0953125 0.0328125
15 0.296875 0.3703125 0.09375 0.034375
3 0.2171875 0.309375 0.15625 0.025
3 0.3609375 0.4125 0.0765625 0.0125
18 0.146875 0.4125 0.0140625 0.0140625
38 0.26875 0.50625 0.2609375 0.046875
38 0.26875 0.45625 0.2609375 0.0390625
3 0.9375 0.73125 0.0203125 0.0078125
27 0.91875 0.73125 0.0078125 0.00625
3 0.3453125 0.5984375 0.065625 0.0109375
3 0.2125 0.5984375 0.0859375 0.009375
27 0.1578125 0.5984375 0.0078125 0.0125
27 0.3 0.5984375 0.0109375 0.0140625
3 0.253125 0.5546875 0.0265625 0.009375
3 0.1875 0.36875 0.028125 0.0125
3 0.296875 0.36875 0.0359375 0.0125
3 0.190625 0.4125 0.0625 0.0109375