16 0.478125 0.5171875 0.56875 0.965625
28 0.7 0.878125 0.0234375 0.071875
15 0.7171875 0.096875 0.025 0.0609375
3 0.5890625 0.38125 0.025 0.1578125
3 0.55625 0.3203125 0.025 0.2703125
28 0.5015625 0.4265625 0.05 0.053125
3 0.634375 0.8046875 0.04375 0.21875
15 0.5796875 0.8453125 0.03125 0.1296875
15 0.5796875 0.709375 0.03125 0.121875
15 0.3453125 0.8640625 0.034375 0.0984375
15 0.3453125 0.7515625 0.0359375 0.096875
3 0.28125 0.8328125 0.0265625 0.1609375
3 0.3890625 0.6859375 0.0140625 0.078125
18 0.3890625 0.9046875 0.0140625 0.0140625
38 0.4859375 0.78125 0.0484375 0.26875
38 0.4328125 0.7796875 0.040625 0.26875
3 0.7171875 0.090625 0.009375 0.0203125
27 0.7171875 0.1109375 0.0078125 0.0078125
3 0.5796875 0.7015625 0.0109375 0.0671875
3 0.5796875 0.8375 0.009375 0.0890625
27 0.5796875 0.89375 0.0125 0.0078125
27 0.5796875 0.746875 0.0140625 0.0109375
3 0.534375 0.796875 0.009375 0.0265625
3 0.34375 0.8640625 0.0125 0.028125
3 0.34375 0.7515625 0.0125 0.0359375
3 0.3890625 0.8609375 0.0109375 0.065625