10 0.034375 0.5 0.06875 1
28 0.03125 0.815625 0.0625 0.096875
28 0.296875 0.6875 0.4421875 0.4515625
3 0.2640625 0.25625 0.0703125 0.34375
3 0.325 0.2828125 0.0375 0.2890625
15 0.3828125 0.3671875 0.0375 0.1171875
3 0.846875 0.8 0.0234375 0.14375
3 0.8484375 0.503125 0.0265625 0.153125
3 0.85 0.228125 0.0234375 0.16875
3 0.3828125 0.3671875 0.0140625 0.0671875
3 0.0453125 0.5421875 0.0140625 0.0359375
3 0.0453125 0.46875 0.0140625 0.021875
3 0.04375 0.3890625 0.015625 0.05
3 0.0421875 0.1875 0.0125 0.0234375
27 0.04375 0.153125 0.0171875 0.0140625
3 0.04375 0.134375 0.009375 0.0125
3 0.6328125 0.49375 0.04375 0.190625
28 0.7640625 0.83125 0.084375 0.0890625
28 0.7609375 0.528125 0.0953125 0.10625
28 0.7640625 0.278125 0.09375 0.0875
3 0.9078125 0.7578125 0.0625 0.225
3 0.9 0.46875 0.046875 0.2125
3 0.8921875 0.2015625 0.03125 0.2171875