10 0.959375 0.5 0.0765625 1
28 0.9625 0.184375 0.0703125 0.096875
28 0.696875 0.3109375 0.4375 0.4453125
3 0.7296875 0.7359375 0.0703125 0.3390625
3 0.66875 0.7109375 0.0375 0.2859375
15 0.6125 0.628125 0.0359375 0.115625
3 0.153125 0.1984375 0.0234375 0.140625
3 0.1515625 0.49375 0.0265625 0.1515625
3 0.1515625 0.7640625 0.0234375 0.1671875
3 0.6109375 0.6265625 0.0140625 0.065625
3 0.9453125 0.4546875 0.0140625 0.0359375
3 0.9453125 0.5265625 0.0140625 0.021875
3 0.946875 0.60625 0.015625 0.0484375
3 0.9484375 0.8046875 0.0125 0.0234375
27 0.946875 0.8390625 0.015625 0.0125
3 0.9484375 0.8578125 0.009375 0.0125
3 0.3640625 0.5015625 0.0421875 0.1890625
28 0.234375 0.16875 0.084375 0.0875
28 0.2390625 0.4671875 0.09375 0.1046875
28 0.2359375 0.715625 0.0921875 0.0859375
3 0.0921875 0.2421875 0.0625 0.221875
3 0.1015625 0.5265625 0.0453125 0.209375
3 0.109375 0.790625 0.03125 0.215625