10 0.4984375 0.0453125 0.996875 0.0859375
28 0.184375 0.046875 0.096875 0.0703125
28 0.309375 0.309375 0.440625 0.43125
3 0.7296875 0.2765625 0.334375 0.06875
3 0.7046875 0.3375 0.2828125 0.0359375
15 0.621875 0.3921875 0.1140625 0.0359375
3 0.1984375 0.846875 0.1390625 0.0234375
3 0.4890625 0.8484375 0.15 0.0265625
3 0.7578125 0.8484375 0.165625 0.0234375
3 0.621875 0.39375 0.065625 0.0140625
3 0.45 0.0640625 0.034375 0.0140625
3 0.5234375 0.0640625 0.021875 0.0140625
3 0.6 0.0625 0.0484375 0.0140625
3 0.796875 0.0609375 0.0234375 0.0125
27 0.83125 0.0625 0.0125 0.015625
3 0.85 0.0609375 0.0125 0.009375
3 0.496875 0.6375 0.1875 0.0421875
28 0.16875 0.765625 0.0875 0.0828125
28 0.4640625 0.7609375 0.103125 0.0921875
28 0.709375 0.765625 0.0859375 0.090625
3 0.240625 0.90625 0.21875 0.0609375
3 0.5234375 0.8984375 0.2078125 0.0453125
3 0.7828125 0.890625 0.2125 0.03125