38 0.91875 0.5203125 0.1484375 0.81875
38 0.625 0.51875 0.15625 0.821875
18 0.7796875 0.146875 0.05 0.0515625
20 0.434375 0.3109375 0.1546875 0.403125
20 0.434375 0.73125 0.1578125 0.396875
15 0.24375 0.51875 0.125 0.821875
3 0.240625 0.5203125 0.0359375 0.0796875
13 0.0671875 0.5 0.1328125 0.859375
27 0.08125 0.1765625 0.0484375 0.06875
3 0.028125 0.178125 0.03125 0.121875
27 0.08125 0.4046875 0.05625 0.0671875
27 0.08125 0.6375 0.05 0.059375
27 0.08125 0.865625 0.05 0.0625
3 0.028125 0.4046875 0.0328125 0.115625
3 0.028125 0.6359375 0.0328125 0.1984375
3 0.0296875 0.8609375 0.028125 0.078125
3 0.778125 0.45 0.0421875 0.4984375