13 0.5 0.96875 0.7453125 0.0625
27 0.21875 0.98125 0.0640625 0.0375
27 0.4265625 0.9796875 0.0578125 0.0390625
27 0.6328125 0.98125 0.0671875 0.0375
27 0.8390625 0.98125 0.0546875 0.0375
15 0.515625 0.8421875 0.7140625 0.115625
3 0.5296875 0.8453125 0.071875 0.034375
38 0.515625 0.065625 0.7140625 0.1296875
38 0.515625 0.23125 0.7140625 0.1359375
18 0.1921875 0.3578125 0.0453125 0.04375
38 0.3390625 0.4984375 0.3625 0.140625
38 0.3390625 0.66875 0.3640625 0.14375
20 0.70625 0.5015625 0.334375 0.1359375
20 0.70625 0.6671875 0.334375 0.140625
3 0.465625 0.3578125 0.4515625 0.0375