38 0.490625 0.921875 0.7953125 0.1453125
38 0.4921875 0.6390625 0.796875 0.15
18 0.128125 0.790625 0.05 0.0484375
20 0.2875 0.45625 0.3890625 0.15
20 0.6953125 0.45625 0.3890625 0.15
15 0.4890625 0.271875 0.7953125 0.1203125
3 0.4875 0.2703125 0.0765625 0.034375
13 0.5 0.0828125 0.859375 0.165625
27 0.1578125 0.115625 0.0671875 0.046875
3 0.159375 0.065625 0.1171875 0.0296875
27 0.378125 0.115625 0.0640625 0.0546875
27 0.6015625 0.115625 0.05625 0.0484375
27 0.821875 0.1171875 0.059375 0.0484375
3 0.3765625 0.065625 0.1125 0.03125
3 0.6 0.0640625 0.1921875 0.03125
3 0.8171875 0.0671875 0.0765625 0.0265625
3 0.4203125 0.7875 0.4796875 0.040625