38 0.5015625 0.090625 0.7734375 0.140625
38 0.5015625 0.365625 0.775 0.1453125
18 0.1484375 0.21875 0.0484375 0.046875
20 0.303125 0.54375 0.378125 0.1453125
20 0.7 0.54375 0.378125 0.146875
15 0.5 0.721875 0.771875 0.1171875
3 0.4984375 0.7234375 0.075 0.034375
13 0.5 0.9125 0.859375 0.1734375
27 0.1765625 0.8734375 0.065625 0.0453125
3 0.178125 0.9234375 0.1140625 0.0296875
27 0.390625 0.875 0.0625 0.053125
27 0.6078125 0.875 0.0546875 0.046875
27 0.821875 0.8734375 0.0578125 0.046875
3 0.3890625 0.9234375 0.109375 0.03125
3 0.60625 0.9234375 0.1859375 0.03125
3 0.8171875 0.921875 0.0734375 0.0265625
3 0.4328125 0.221875 0.465625 0.0390625