13 0.5 0.06875 0.746875 0.1375
27 0.2203125 0.0921875 0.059375 0.0421875
27 0.409375 0.0921875 0.053125 0.046875
27 0.596875 0.0921875 0.059375 0.0421875
27 0.784375 0.0921875 0.05 0.04375
3 0.2203125 0.0484375 0.109375 0.028125
3 0.40625 0.0484375 0.1 0.0296875
3 0.5953125 0.046875 0.1640625 0.0296875
3 0.78125 0.0484375 0.0734375 0.0265625
15 0.503125 0.221875 0.675 0.1046875
3 0.5015625 0.221875 0.065625 0.03125
38 0.503125 0.9296875 0.675 0.121875
38 0.503125 0.7765625 0.675 0.125
18 0.1953125 0.6640625 0.040625 0.040625
38 0.328125 0.5359375 0.3296875 0.1265625
38 0.3296875 0.38125 0.33125 0.1296875
20 0.6765625 0.5328125 0.33125 0.1234375
20 0.6765625 0.38125 0.33125 0.1265625
3 0.44375 0.6640625 0.409375 0.034375