13 0.5 0.928125 0.7484375 0.1421875
27 0.21875 0.903125 0.0578125 0.0421875
27 0.40625 0.9015625 0.053125 0.046875
27 0.5921875 0.903125 0.059375 0.0421875
27 0.7796875 0.903125 0.05 0.04375
3 0.21875 0.946875 0.1078125 0.0265625
3 0.403125 0.9453125 0.1 0.0296875
3 0.5921875 0.946875 0.1625 0.0296875
3 0.775 0.9453125 0.0734375 0.0265625
15 0.5 0.7734375 0.6703125 0.103125
3 0.4984375 0.775 0.065625 0.0296875
38 0.5 0.0703125 0.671875 0.1203125
38 0.5 0.221875 0.671875 0.1234375
18 0.19375 0.334375 0.040625 0.040625
38 0.3265625 0.4609375 0.3265625 0.1265625
38 0.3265625 0.6140625 0.3296875 0.1296875
20 0.671875 0.4640625 0.3296875 0.121875
20 0.671875 0.615625 0.3296875 0.1265625
3 0.440625 0.334375 0.40625 0.034375