27 0.0265625 0.0578125 0.0109375 0.0109375
27 0.0796875 0.0671875 0.015625 0.015625
3 0.0796875 0.1578125 0.0140625 0.1453125
15 0.0265625 0.7796875 0.0375 0.165625
27 0.0265625 0.7171875 0.0109375 0.0109375
3 0.0265625 0.1328125 0.0125 0.115625
27 0.1421875 0.071875 0.015625 0.015625
27 0.2140625 0.075 0.015625 0.015625
27 0.7265625 0.053125 0.0109375 0.0109375
27 0.3546875 0.053125 0.009375 0.0109375
27 0.7703125 0.0578125 0.009375 0.0109375
3 0.1421875 0.15625 0.015625 0.128125
27 0.3984375 0.0578125 0.0109375 0.0109375
15 0.1421875 0.8015625 0.0546875 0.2078125
27 0.1421875 0.7296875 0.0171875 0.0171875
15 0.0796875 0.8046875 0.046875 0.2171875
27 0.0796875 0.725 0.0171875 0.0171875
15 0.2140625 0.8296875 0.0671875 0.265625
27 0.215625 0.734375 0.0171875 0.0171875
27 0.4515625 0.0671875 0.015625 0.0171875
15 0.0265625 0.4546875 0.0359375 0.1421875
3 0.0265625 0.4546875 0.0140625 0.1203125
27 0.8234375 0.0671875 0.015625 0.015625
27 0.8859375 0.071875 0.015625 0.0171875
27 0.5875 0.075 0.015625 0.015625
15 0.0796875 0.475 0.046875 0.1828125
3 0.0796875 0.471875 0.015625 0.15
15 0.7703125 0.7796875 0.0359375 0.1671875
27 0.7703125 0.715625 0.0109375 0.0125
27 0.5140625 0.0703125 0.015625 0.0171875
15 0.3546875 0.7859375 0.0265625 0.18125
27 0.3546875 0.7125 0.0109375 0.0125
3 0.2140625 0.1984375 0.0171875 0.2125
3 0.0265625 0.7890625 0.0140625 0.11875
3 0.0796875 0.81875 0.015625 0.15
15 0.3984375 0.7796875 0.0359375 0.165625
27 0.3984375 0.715625 0.0109375 0.0125
15 0.7265625 0.7859375 0.0265625 0.18125
27 0.7265625 0.7125 0.0109375 0.0125
15 0.1421875 0.4703125 0.0546875 0.175
3 0.1421875 0.4703125 0.015625 0.1328125
3 0.1421875 0.8140625 0.015625 0.1328125
27 0.959375 0.075 0.015625 0.0171875
15 0.8296875 0.8796875 0.05625 0.1640625
27 0.8859375 0.7296875 0.015625 0.0171875
15 0.8234375 0.8046875 0.046875 0.215625
27 0.8234375 0.725 0.015625 0.015625
15 0.215625 0.5171875 0.065625 0.2671875
3 0.2140625 0.5171875 0.0171875 0.21875
15 0.4515625 0.8046875 0.046875 0.215625
27 0.4515625 0.725 0.015625 0.015625
3 0.2140625 0.8578125 0.01875 0.2078125
15 0.5140625 0.8 0.0546875 0.2078125
27 0.5140625 0.7296875 0.015625 0.0171875
15 0.9578125 0.8296875 0.065625 0.265625
27 0.959375 0.734375 0.0171875 0.0171875
15 0.5859375 0.8296875 0.065625 0.265625
27 0.5875 0.734375 0.015625 0.0171875
3 0.353125 0.1375 0.0140625 0.1359375
3 0.3984375 0.1328125 0.0140625 0.1109375
3 0.4515625 0.1625 0.0171875 0.14375
3 0.5140625 0.15625 0.0171875 0.1296875
3 0.5875 0.203125 0.01875 0.2125
3 0.7265625 0.1390625 0.0140625 0.1359375
3 0.7703125 0.13125 0.015625 0.1109375
3 0.8234375 0.1625 0.0171875 0.1453125
3 0.8859375 0.1578125 0.01875 0.128125
3 0.959375 0.2046875 0.0203125 0.2109375
15 0.3546875 0.4625 0.0265625 0.15625
15 0.3984375 0.4546875 0.0359375 0.140625
15 0.4515625 0.475 0.0453125 0.1828125
15 0.5140625 0.4703125 0.05625 0.1734375
15 0.5875 0.5171875 0.065625 0.2671875
15 0.7265625 0.4609375 0.0265625 0.15625
15 0.7703125 0.4546875 0.0375 0.1421875
15 0.8234375 0.475 0.0453125 0.1828125
15 0.8859375 0.4703125 0.0546875 0.1734375
15 0.9578125 0.5171875 0.065625 0.2671875
3 0.3546875 0.4609375 0.0109375 0.1328125
3 0.3984375 0.4546875 0.0125 0.109375
3 0.4515625 0.475 0.015625 0.1421875
3 0.5140625 0.4703125 0.015625 0.125
3 0.5859375 0.5171875 0.01875 0.2109375
3 0.3546875 0.796875 0.0109375 0.134375
3 0.3984375 0.790625 0.0140625 0.109375
3 0.4515625 0.821875 0.015625 0.14375
3 0.5140625 0.8171875 0.015625 0.1265625
3 0.5859375 0.859375 0.0203125 0.203125
3 0.7265625 0.4609375 0.0109375 0.134375
3 0.7703125 0.4546875 0.0125 0.1109375
3 0.8234375 0.475 0.015625 0.1453125
3 0.8859375 0.4703125 0.0171875 0.1265625
3 0.9578125 0.5171875 0.0171875 0.2078125
3 0.7265625 0.7984375 0.0109375 0.134375
3 0.7703125 0.790625 0.0125 0.109375
3 0.8234375 0.821875 0.0140625 0.14375
3 0.8859375 0.8171875 0.0140625 0.125
3 0.9578125 0.859375 0.015625 0.203125