3 0.15 0.046875 0.1234375 0.0109375
27 0.071875 0.0484375 0.0125 0.0125
27 0.0765625 0.0875 0.009375 0.009375
15 0.746875 0.0484375 0.1671875 0.025
27 0.678125 0.0484375 0.0109375 0.009375
27 0.084375 0.1359375 0.0140625 0.0140625
3 0.16875 0.1359375 0.134375 0.0125
15 0.740625 0.0875 0.153125 0.034375
27 0.6828125 0.0875 0.0109375 0.009375
3 0.1453125 0.0875 0.10625 0.0109375
27 0.0890625 0.1953125 0.015625 0.0140625
27 0.0921875 0.2609375 0.0140625 0.0140625
27 0.071875 0.7328125 0.0109375 0.009375
27 0.071875 0.390625 0.009375 0.009375
27 0.0765625 0.7734375 0.009375 0.009375
3 0.7546875 0.046875 0.1296875 0.0109375
15 0.4484375 0.0484375 0.14375 0.025
3 0.446875 0.046875 0.1328125 0.0109375
3 0.1671875 0.1953125 0.1171875 0.0140625
27 0.0765625 0.4296875 0.0109375 0.009375
15 0.7609375 0.1953125 0.1921875 0.0515625
27 0.6953125 0.1953125 0.015625 0.015625
15 0.7640625 0.1375 0.2 0.0421875
27 0.6921875 0.1375 0.015625 0.015625
15 0.803125 0.2609375 0.2765625 0.0609375
27 0.7 0.2609375 0.015625 0.015625
27 0.084375 0.4796875 0.015625 0.015625
15 0.4421875 0.0875 0.13125 0.034375
3 0.4421875 0.0875 0.1109375 0.0125
27 0.084375 0.821875 0.015625 0.015625
27 0.0890625 0.8796875 0.015625 0.015625
27 0.0921875 0.6046875 0.015625 0.0140625
15 0.4609375 0.1359375 0.16875 0.0421875
3 0.4578125 0.1359375 0.1390625 0.0140625
15 0.740625 0.7734375 0.153125 0.034375
27 0.6828125 0.7734375 0.0109375 0.009375
27 0.0890625 0.5375 0.015625 0.0140625
15 0.746875 0.390625 0.165625 0.025
27 0.6796875 0.390625 0.0109375 0.009375
3 0.20625 0.2609375 0.1953125 0.015625
3 0.75 0.0875 0.109375 0.0125
3 0.7765625 0.1359375 0.1390625 0.0140625
15 0.740625 0.43125 0.153125 0.0328125
27 0.6828125 0.43125 0.0109375 0.0109375
15 0.746875 0.7328125 0.1671875 0.0234375
27 0.678125 0.7328125 0.0109375 0.009375
15 0.45625 0.1953125 0.1609375 0.05
3 0.45625 0.19375 0.121875 0.0140625
3 0.7734375 0.19375 0.121875 0.0140625
27 0.0921875 0.946875 0.015625 0.0140625
15 0.8546875 0.8296875 0.1921875 0.0515625
27 0.6953125 0.8796875 0.015625 0.015625
15 0.7640625 0.821875 0.1984375 0.0421875
27 0.6921875 0.821875 0.015625 0.0140625
15 0.5 0.2625 0.2453125 0.0609375
3 0.5 0.2609375 0.2015625 0.0171875
15 0.7640625 0.4796875 0.1984375 0.0421875
27 0.690625 0.4796875 0.0140625 0.0140625
3 0.81875 0.2609375 0.2015625 0.0171875
15 0.7609375 0.5375 0.1921875 0.05
27 0.6953125 0.5375 0.015625 0.015625
15 0.803125 0.946875 0.2765625 0.0609375
27 0.7 0.946875 0.015625 0.015625
15 0.803125 0.6046875 0.2765625 0.059375
27 0.6984375 0.6046875 0.015625 0.0140625
3 0.15 0.3890625 0.125 0.0125
3 0.1453125 0.43125 0.1015625 0.0125
3 0.171875 0.4796875 0.13125 0.015625
3 0.1671875 0.5375 0.11875 0.015625
3 0.2109375 0.6046875 0.1953125 0.0171875
3 0.1515625 0.7328125 0.125 0.0125
3 0.1453125 0.7734375 0.103125 0.0140625
3 0.1734375 0.821875 0.134375 0.0171875
3 0.1671875 0.8796875 0.11875 0.0171875
3 0.2109375 0.946875 0.19375 0.01875
15 0.4484375 0.390625 0.14375 0.025
15 0.4421875 0.43125 0.1296875 0.0328125
15 0.4609375 0.4796875 0.16875 0.0421875
15 0.45625 0.5375 0.159375 0.0515625
15 0.4984375 0.603125 0.2453125 0.0609375
15 0.4484375 0.7328125 0.14375 0.025
15 0.4421875 0.7734375 0.13125 0.034375
15 0.4609375 0.821875 0.16875 0.0421875
15 0.45625 0.8796875 0.1609375 0.05
15 0.5 0.946875 0.246875 0.0609375
3 0.446875 0.390625 0.1234375 0.0109375
3 0.440625 0.4296875 0.1 0.0125
3 0.4609375 0.4796875 0.13125 0.0140625
3 0.45625 0.5375 0.115625 0.0140625
3 0.5 0.603125 0.19375 0.0171875
3 0.7578125 0.3890625 0.1234375 0.009375
3 0.7515625 0.4296875 0.1015625 0.0125
3 0.7796875 0.4796875 0.1328125 0.0140625
3 0.775 0.5375 0.1171875 0.0140625
3 0.81875 0.603125 0.1953125 0.0171875
3 0.446875 0.7328125 0.1234375 0.0109375
3 0.440625 0.7734375 0.1015625 0.0125
3 0.4609375 0.821875 0.1328125 0.0140625
3 0.45625 0.8796875 0.115625 0.015625
3 0.4984375 0.946875 0.1921875 0.015625
3 0.7578125 0.7328125 0.1234375 0.0109375
3 0.7515625 0.7734375 0.1015625 0.0125
3 0.7796875 0.821875 0.1328125 0.0140625
3 0.775 0.8796875 0.115625 0.0125
3 0.81875 0.946875 0.19375 0.0140625