3 0.9671875 0.1484375 0.0109375 0.125
27 0.9671875 0.06875 0.0125 0.0125
27 0.9265625 0.071875 0.009375 0.009375
15 0.9671875 0.7578125 0.025 0.1703125
27 0.9671875 0.6875 0.009375 0.0109375
27 0.8765625 0.08125 0.0140625 0.015625
3 0.8765625 0.1671875 0.0125 0.1375
15 0.9265625 0.7515625 0.034375 0.15625
27 0.9265625 0.6921875 0.009375 0.0109375
3 0.9265625 0.1421875 0.0109375 0.109375
27 0.8171875 0.0859375 0.0140625 0.015625
27 0.7484375 0.0890625 0.015625 0.0140625
27 0.2671875 0.06875 0.009375 0.0109375
27 0.6171875 0.06875 0.009375 0.0109375
27 0.2265625 0.071875 0.009375 0.0109375
3 0.96875 0.765625 0.0109375 0.1328125
15 0.9671875 0.453125 0.025 0.146875
3 0.96875 0.4515625 0.0125 0.134375
3 0.8171875 0.165625 0.0140625 0.1203125
27 0.5765625 0.0734375 0.0109375 0.0109375
15 0.8171875 0.771875 0.0515625 0.196875
27 0.8171875 0.7046875 0.015625 0.015625
15 0.8765625 0.775 0.04375 0.2046875
27 0.8765625 0.7015625 0.015625 0.015625
15 0.75 0.8140625 0.0625 0.28125
27 0.7484375 0.709375 0.015625 0.015625
27 0.5265625 0.08125 0.015625 0.015625
15 0.9265625 0.4453125 0.034375 0.134375
3 0.9265625 0.4453125 0.0125 0.1140625
27 0.1765625 0.08125 0.015625 0.015625
27 0.1171875 0.0859375 0.015625 0.015625
27 0.3984375 0.0890625 0.0140625 0.015625
15 0.8765625 0.465625 0.04375 0.171875
3 0.8765625 0.4625 0.0140625 0.1421875
15 0.2265625 0.7515625 0.034375 0.15625
27 0.225 0.6921875 0.009375 0.0109375
27 0.4671875 0.084375 0.015625 0.015625
15 0.6171875 0.7578125 0.025 0.1703125
27 0.6171875 0.6890625 0.009375 0.0109375
3 0.75 0.20625 0.0171875 0.2
3 0.9265625 0.7609375 0.0125 0.1109375
3 0.8765625 0.7875 0.015625 0.1421875
15 0.5765625 0.7515625 0.0328125 0.15625
27 0.5765625 0.6921875 0.0109375 0.0109375
15 0.2671875 0.7578125 0.025 0.1703125
27 0.2671875 0.6875 0.009375 0.0109375
15 0.8171875 0.4609375 0.0515625 0.1640625
3 0.8171875 0.4609375 0.0140625 0.125
3 0.8171875 0.784375 0.0140625 0.125
27 0.0484375 0.0890625 0.015625 0.015625
15 0.1703125 0.865625 0.053125 0.1921875
27 0.1171875 0.7046875 0.015625 0.015625
15 0.1765625 0.775 0.04375 0.203125
27 0.1765625 0.7015625 0.015625 0.015625
15 0.7484375 0.5046875 0.0609375 0.2515625
3 0.75 0.5046875 0.0171875 0.2046875
15 0.5265625 0.7765625 0.04375 0.203125
27 0.5265625 0.7 0.015625 0.015625
3 0.75 0.8296875 0.0171875 0.20625
15 0.4671875 0.771875 0.0515625 0.196875
27 0.4671875 0.7046875 0.015625 0.015625
15 0.0484375 0.8140625 0.0625 0.28125
27 0.0484375 0.709375 0.015625 0.015625
15 0.3984375 0.815625 0.0609375 0.2828125
27 0.3984375 0.709375 0.015625 0.015625
3 0.61875 0.1484375 0.0125 0.128125
3 0.5765625 0.1421875 0.0140625 0.1046875
3 0.525 0.1703125 0.0171875 0.134375
3 0.4671875 0.165625 0.015625 0.121875
3 0.3984375 0.209375 0.0171875 0.2
3 0.2671875 0.1484375 0.0125 0.128125
3 0.2265625 0.1421875 0.0140625 0.1046875
3 0.175 0.171875 0.0171875 0.1375
3 0.1171875 0.165625 0.0171875 0.1203125
3 0.0484375 0.2109375 0.01875 0.1984375
15 0.6171875 0.453125 0.025 0.146875
15 0.5765625 0.4453125 0.0328125 0.1328125
15 0.5265625 0.465625 0.0421875 0.171875
15 0.4671875 0.4609375 0.053125 0.1625
15 0.3984375 0.5046875 0.0625 0.2515625
15 0.2671875 0.453125 0.025 0.146875
15 0.2265625 0.446875 0.034375 0.1328125
15 0.1765625 0.465625 0.04375 0.171875
15 0.1171875 0.4609375 0.0515625 0.1640625
15 0.05 0.5046875 0.0609375 0.2515625
3 0.6171875 0.4515625 0.0109375 0.125
3 0.5765625 0.4453125 0.0125 0.103125
3 0.5265625 0.465625 0.015625 0.134375
3 0.4671875 0.4609375 0.0140625 0.11875
3 0.4 0.5046875 0.0171875 0.1984375
3 0.6171875 0.76875 0.009375 0.1265625
3 0.5765625 0.7625 0.0125 0.103125
3 0.5265625 0.790625 0.0140625 0.134375
3 0.4671875 0.7875 0.0140625 0.11875
3 0.3984375 0.83125 0.01875 0.1984375
3 0.2671875 0.4515625 0.0109375 0.1265625
3 0.2265625 0.4453125 0.0125 0.103125
3 0.1765625 0.465625 0.0140625 0.1359375
3 0.1171875 0.4609375 0.015625 0.11875
3 0.0484375 0.5046875 0.015625 0.196875
3 0.2671875 0.76875 0.0109375 0.1265625
3 0.2265625 0.7609375 0.0125 0.103125
3 0.1765625 0.790625 0.0140625 0.134375
3 0.1171875 0.7859375 0.0125 0.11875
3 0.0484375 0.83125 0.015625 0.196875