28 0.878125 0.2140625 0.171875 0.053125
3 0.7296875 0.2203125 0.0890625 0.0171875
3 0.81875 0.359375 0.278125 0.05
38 0.7390625 0.4765625 0.440625 0.071875
38 0.2578125 0.484375 0.4390625 0.0484375
15 0.8828125 0.6296875 0.140625 0.0515625
3 0.6609375 0.63125 0.159375 0.015625
18 0.940625 0.5546875 0.0328125 0.0375
3 0.8671875 0.775 0.175 0.0171875
3 0.853125 0.4046875 0.1984375 0.0234375
3 0.1171875 0.525 0.1515625 0.01875
3 0.7765625 0.63125 0.0171875 0.0125
3 0.884375 0.63125 0.0484375 0.01875
3 0.8625 0.55625 0.1140625 0.01875