3 0.771875 0.6875 0.04375 0.140625
3 0.73125 0.7421875 0.0125 0.01875
38 0.6546875 0.4796875 0.06875 0.54375
38 0.5625 0.4796875 0.06875 0.5421875
18 0.4828125 0.7359375 0.0359375 0.0375
15 0.3984375 0.4796875 0.06875 0.5421875
15 0.3015625 0.4796875 0.0703125 0.54375
3 0.73125 0.6515625 0.015625 0.153125
3 0.2328125 0.621875 0.0234375 0.259375
3 0.3984375 0.4796875 0.0265625 0.08125
3 0.3015625 0.459375 0.0234375 0.1953125
27 0.3015625 0.5875 0.03125 0.0296875
3 0.484375 0.6328125 0.0234375 0.1484375