16 0.528125 0.4859375 0.94375 0.6140625
15 0.55 0.328125 0.0859375 0.0390625
3 0.8890625 0.4 0.1796875 0.0140625
3 0.7671875 0.6140625 0.4296875 0.0640625
3 0.946875 0.54375 0.0625 0.015625
3 0.8796875 0.225 0.2 0.0109375
3 0.7890625 0.7078125 0.3859375 0.1015625
38 0.7421875 0.503125 0.4734375 0.0453125
38 0.74375 0.4453125 0.4734375 0.0453125
28 0.2578125 0.484375 0.39375 0.6109375
3 0.7546875 0.225 0.040625 0.0140625
3 0.64375 0.225 0.1734375 0.0109375
3 0.9359375 0.209375 0.0859375 0.0140625
3 0.8765625 0.209375 0.0234375 0.009375
3 0.8140625 0.2078125 0.0953125 0.0125
3 0.5515625 0.3296875 0.0546875 0.015625
3 0.765625 0.396875 0.0578125 0.015625
3 0.6578125 0.3984375 0.1203125 0.015625
23 0.728125 0.3984375 0.003125 0.015625
27 0.0859375 0.7609375 0.015625 0.0171875