28 0.253125 0.5078125 0.115625 0.1171875
3 0.3703125 0.246875 0.0359375 0.0984375
3 0.6109375 0.2796875 0.0171875 0.1640625
3 0.6640625 0.215625 0.0234375 0.028125
15 0.7234375 0.5078125 0.053125 0.6140625
15 0.5453125 0.5078125 0.053125 0.6140625
38 0.465625 0.5078125 0.05625 0.61875
3 0.4265625 0.3171875 0.0140625 0.2328125
3 0.54375 0.2484375 0.0203125 0.0453125
27 0.5453125 0.775 0.0171875 0.028125
27 0.7234375 0.7765625 0.015625 0.025
3 0.6109375 0.3921875 0.015625 0.0515625
3 0.7234375 0.3390625 0.01875 0.228125