16 0.5 0.4625 0.3078125 0.4765625
3 0.49375 0.265625 0.2046875 0.028125
3 0.4515625 0.665625 0.1078125 0.0171875
15 0.5 0.621875 0.2609375 0.0359375
15 0.5 0.5421875 0.2609375 0.0375
38 0.5 0.484375 0.2625 0.0390625
38 0.5 0.4125 0.2625 0.0375
38 0.5 0.340625 0.2625 0.0375
3 0.5 0.6234375 0.05 0.0171875
3 0.553125 0.6671875 0.090625 0.0171875
3 0.4984375 0.5421875 0.0390625 0.0125
23 0.4984375 0.5828125 0.3015625 0.00625
3 0.4125 0.3109375 0.0859375 0.015625
3 0.4125 0.3828125 0.084375 0.0140625
3 0.4 0.45625 0.0609375 0.0140625