37 0.5 0.5546875 0.590625 0.4625
28 0.496875 0.253125 0.1734375 0.071875
38 0.5 0.4484375 0.5375 0.053125
38 0.5015625 0.515625 0.5359375 0.0546875
15 0.5 0.5953125 0.534375 0.05625
3 0.6625 0.659375 0.21875 0.01875
3 0.684375 0.6953125 0.16875 0.01875
3 0.4578125 0.725 0.4484375 0.0171875
18 0.25 0.659375 0.0375 0.034375
3 0.3296875 0.365625 0.075 0.025
3 0.63125 0.365625 0.0890625 0.0265625
3 0.5 0.5984375 0.0765625 0.025
3 0.2671875 0.74375 0.06875 0.0125
3 0.3515625 0.74375 0.0859375 0.0140625
3 0.3265625 0.6609375 0.1109375 0.0203125
27 0.2625 0.3640625 0.0375 0.0359375
27 0.5546875 0.3640625 0.0390625 0.0375