28 0.51875 0.2546875 0.1234375 0.121875
3 0.79375 0.378125 0.103125 0.0375
3 0.7578125 0.6296875 0.171875 0.01875
3 0.8265625 0.6859375 0.0296875 0.0234375
15 0.51875 0.7484375 0.64375 0.05625
15 0.51875 0.5609375 0.64375 0.0546875
38 0.5203125 0.478125 0.6484375 0.059375
3 0.71875 0.4359375 0.2453125 0.015625
3 0.790625 0.5609375 0.0484375 0.0203125
27 0.2375 0.5609375 0.0296875 0.01875
27 0.2375 0.7484375 0.025 0.015625
3 0.640625 0.6296875 0.0546875 0.0171875
3 0.6953125 0.7484375 0.2390625 0.01875