16 0.49375 0.4953125 0.5984375 0.921875
15 0.640625 0.5125 0.0375 0.0828125
3 0.571875 0.8390625 0.0140625 0.1734375
3 0.3640625 0.7203125 0.0625 0.4140625
3 0.4328125 0.8953125 0.015625 0.0609375
3 0.740625 0.8296875 0.0109375 0.1921875
3 0.275 0.7421875 0.0984375 0.371875
38 0.471875 0.696875 0.04375 0.45625
38 0.5265625 0.6984375 0.04375 0.45625
28 0.49375 0.228125 0.59375 0.3796875
3 0.740625 0.709375 0.0140625 0.0390625
3 0.740625 0.6015625 0.0109375 0.1671875
3 0.7546875 0.8828125 0.0140625 0.0828125
3 0.7546875 0.8265625 0.009375 0.021875
3 0.75625 0.7671875 0.0125 0.090625
3 0.6390625 0.5140625 0.015625 0.053125
3 0.5734375 0.7203125 0.015625 0.05625
3 0.5734375 0.6171875 0.0140625 0.115625
23 0.571875 0.6828125 0.015625 0.003125
27 0.2234375 0.0640625 0.015625 0.015625