16 0.4875 0.503125 0.975 0.634375
37 0.175 0.440625 0.2609375 0.34375
15 0.175 0.5 0.2328125 0.0375
15 0.175 0.571875 0.225 0.0375
32 0.284375 0.4609375 0.0171875 0.0171875
38 0.1765625 0.3703125 0.2296875 0.028125
38 0.1765625 0.428125 0.2296875 0.0234375
3 0.2625 0.2875 0.0609375 0.0203125
3 0.0984375 0.2890625 0.0671875 0.01875
3 0.2640625 0.3453125 0.053125 0.009375
3 0.2515625 0.4015625 0.0734375 0.0109375
3 0.109375 0.4609375 0.090625 0.0125
3 0.1765625 0.5 0.034375 0.0109375
3 0.1765625 0.5390625 0.0125 0.00625
3 0.1765625 0.5734375 0.103125 0.009375
23 0.2390625 0.5375 0.1 0.003125
23 0.1125 0.5375 0.0984375 0.0015625
28 0.665625 0.50625 0.5953125 0.628125
3 0.2265625 0.7609375 0.0359375 0.0125
3 0.18125 0.759375 0.03125 0.0109375
3 0.140625 0.759375 0.03125 0.009375
3 0.2265625 0.4609375 0.090625 0.0125