28 0.128125 0.2234375 0.1671875 0.053125
3 0.271875 0.228125 0.0875 0.0171875
3 0.1859375 0.365625 0.271875 0.0484375
38 0.2640625 0.4796875 0.43125 0.0703125
38 0.734375 0.4875 0.428125 0.0484375
15 0.1234375 0.6296875 0.1375 0.05
3 0.3390625 0.63125 0.15625 0.015625
18 0.065625 0.55625 0.03125 0.0359375
3 0.1390625 0.7703125 0.171875 0.0171875
3 0.1515625 0.409375 0.19375 0.0234375
3 0.871875 0.528125 0.1484375 0.01875
3 0.2265625 0.63125 0.0171875 0.0109375
3 0.121875 0.63125 0.046875 0.0171875
3 0.1421875 0.55625 0.1125 0.0171875