28 0.7921875 0.1140625 0.0546875 0.175
3 0.7859375 0.265625 0.0171875 0.090625
3 0.6421875 0.175 0.0515625 0.284375
38 0.5234375 0.25625 0.0734375 0.45
38 0.515625 0.746875 0.05 0.446875
15 0.3671875 0.109375 0.0515625 0.14375
3 0.365625 0.3359375 0.015625 0.1625
18 0.44375 0.05 0.0375 0.0328125
3 0.21875 0.125 0.0171875 0.1796875
3 0.596875 0.1390625 0.025 0.2015625
3 0.4734375 0.890625 0.01875 0.15625
3 0.365625 0.2171875 0.0125 0.0171875
3 0.365625 0.1078125 0.01875 0.05
3 0.4421875 0.1296875 0.01875 0.1171875