16 0.5 0.5 0.86875 0.5640625
15 0.484375 0.6375 0.078125 0.0359375
3 0.1765625 0.5734375 0.1625 0.0125
3 0.2875 0.378125 0.3890625 0.0578125
3 0.1234375 0.4421875 0.0578125 0.0140625
3 0.1859375 0.7328125 0.18125 0.0109375
3 0.2671875 0.29375 0.35 0.0921875
38 0.309375 0.4796875 0.4296875 0.040625
38 0.309375 0.53125 0.4296875 0.0421875
28 0.7515625 0.5 0.3578125 0.559375
3 0.2984375 0.7328125 0.0375 0.0125
3 0.4 0.7328125 0.1578125 0.009375
3 0.134375 0.746875 0.078125 0.0125
3 0.1875 0.746875 0.0203125 0.009375
3 0.24375 0.746875 0.0859375 0.0109375
3 0.4828125 0.6375 0.05 0.0140625
3 0.2890625 0.575 0.053125 0.0140625
3 0.3859375 0.575 0.109375 0.0140625
23 0.3234375 0.575 0.003125 0.0140625
27 0.90625 0.2453125 0.0140625 0.015625