16 0.4921875 0.4921875 0.3796875 0.625
28 0.4921875 0.715625 0.10625 0.1078125
3 0.4921875 0.6234375 0.2078125 0.01875
38 0.4921875 0.525 0.303125 0.0546875
38 0.4921875 0.4546875 0.3046875 0.0546875
15 0.396875 0.3671875 0.1140625 0.0546875
15 0.4921875 0.24375 0.30625 0.0546875
18 0.628125 0.365625 0.0390625 0.0390625
3 0.49375 0.5953125 0.178125 0.01875
3 0.396875 0.365625 0.053125 0.0171875
3 0.4921875 0.24375 0.190625 0.01875
23 0.49375 0.3046875 0.371875 0.0046875
3 0.5484375 0.3671875 0.1125 0.0140625