16 0.509375 0.54375 0.3203125 0.4953125
3 0.5046875 0.7484375 0.2125 0.028125
3 0.4609375 0.334375 0.1109375 0.0171875
15 0.5109375 0.378125 0.271875 0.0375
15 0.509375 0.4609375 0.271875 0.0375
38 0.5109375 0.5203125 0.271875 0.040625
38 0.5109375 0.5953125 0.271875 0.0390625
38 0.509375 0.6703125 0.271875 0.0390625
3 0.5109375 0.3765625 0.053125 0.0171875
3 0.565625 0.33125 0.0953125 0.01875
3 0.509375 0.4609375 0.040625 0.0140625
23 0.509375 0.4203125 0.3140625 0.00625
3 0.41875 0.7015625 0.0890625 0.015625
3 0.41875 0.6265625 0.0875 0.0140625
3 0.4078125 0.5515625 0.0625 0.0140625