16 0.4984375 0.4984375 0.9078125 0.5875
37 0.778125 0.4375 0.240625 0.3171875
15 0.778125 0.4921875 0.2140625 0.034375
15 0.778125 0.559375 0.20625 0.034375
32 0.6796875 0.4578125 0.015625 0.015625
38 0.7765625 0.3734375 0.2109375 0.025
38 0.7765625 0.4265625 0.2109375 0.0203125
3 0.6984375 0.2984375 0.05625 0.01875
3 0.85 0.2984375 0.0625 0.0171875
3 0.6984375 0.3515625 0.0484375 0.009375
3 0.709375 0.403125 0.06875 0.009375
3 0.840625 0.45625 0.0828125 0.0109375
3 0.778125 0.4921875 0.0328125 0.0109375
3 0.778125 0.528125 0.0109375 0.00625
3 0.778125 0.5609375 0.09375 0.0078125
23 0.7203125 0.5265625 0.0921875 0.003125
23 0.8359375 0.528125 0.090625 0.0015625
28 0.328125 0.5 0.5484375 0.578125
3 0.73125 0.7328125 0.0328125 0.0109375
3 0.7734375 0.73125 0.0296875 0.009375
3 0.8109375 0.73125 0.0296875 0.0078125
3 0.7328125 0.4578125 0.084375 0.0109375