16 0.4875 0.5 0.8578125 0.503125
15 0.7625 0.5890625 0.1703125 0.0296875
15 0.7125 0.5140625 0.071875 0.0296875
3 0.809375 0.5125 0.071875 0.009375
3 0.8265625 0.3328125 0.059375 0.028125
17 0.3375 0.5 0.5453125 0.49375
3 0.7625 0.5515625 0.0078125 0.00625
23 0.8125 0.5515625 0.075 0.0046875
23 0.7125 0.5515625 0.0734375 0.0046875
3 0.7140625 0.5125 0.0265625 0.009375
38 0.7609375 0.4328125 0.1734375 0.0296875
38 0.7625 0.4703125 0.171875 0.0296875
3 0.75 0.5890625 0.0796875 0.009375
28 0.8328125 0.5890625 0.0265625 0.025
3 0.7953125 0.671875 0.096875 0.009375