28 0.7625 0.296875 0.1421875 0.0890625
3 0.7671875 0.38125 0.2703125 0.0359375
38 0.7640625 0.4765625 0.35625 0.0671875
38 0.7640625 0.5421875 0.3578125 0.059375
18 0.6046875 0.596875 0.0171875 0.0203125
3 0.86875 0.5984375 0.1296875 0.0203125
15 0.7640625 0.675 0.1953125 0.05625
3 0.7375 0.734375 0.071875 0.01875
15 0.803125 0.7359375 0.0546875 0.0171875
3 0.803125 0.7359375 0.053125 0.0140625
28 0.25 0.5 0.4984375 0.6421875
3 0.7640625 0.6765625 0.0671875 0.0203125
3 0.66875 0.5984375 0.10625 0.0140625