16 0.5015625 0.5015625 0.83125 0.4875
15 0.234375 0.5875 0.165625 0.028125
15 0.2828125 0.5140625 0.0703125 0.028125
3 0.1890625 0.5140625 0.0703125 0.009375
3 0.1734375 0.340625 0.05625 0.028125
17 0.6453125 0.5015625 0.528125 0.478125
3 0.234375 0.55 0.0078125 0.00625
23 0.1859375 0.5515625 0.071875 0.0046875
23 0.2828125 0.55 0.071875 0.0046875
3 0.28125 0.5140625 0.025 0.009375
38 0.2359375 0.4359375 0.1671875 0.028125
38 0.234375 0.471875 0.1671875 0.028125
3 0.246875 0.5875 0.0765625 0.0078125
28 0.1671875 0.5875 0.025 0.0234375
3 0.203125 0.6671875 0.09375 0.009375