37 0.5546875 0.4625 0.5015625 0.6421875
28 0.2265625 0.459375 0.078125 0.1890625
38 0.4390625 0.4625 0.0578125 0.5828125
38 0.5125 0.4640625 0.059375 0.5828125
15 0.5984375 0.4625 0.0609375 0.58125
3 0.66875 0.6390625 0.0203125 0.2375
3 0.7078125 0.6625 0.0203125 0.1828125
3 0.740625 0.415625 0.01875 0.4875
18 0.66875 0.1921875 0.0375 0.040625
3 0.3484375 0.2765625 0.028125 0.08125
3 0.3484375 0.6046875 0.0296875 0.096875
3 0.603125 0.4625 0.028125 0.084375
3 0.759375 0.209375 0.0140625 0.075
3 0.759375 0.3015625 0.015625 0.09375
3 0.6703125 0.275 0.021875 0.1203125
27 0.346875 0.203125 0.0390625 0.040625
27 0.3484375 0.521875 0.040625 0.04375