16 0.5234375 0.5 0.40625 0.6421875
28 0.5234375 0.2453125 0.1125 0.115625
3 0.5234375 0.3453125 0.221875 0.0203125
38 0.5234375 0.4484375 0.3234375 0.0578125
38 0.5234375 0.5234375 0.325 0.059375
15 0.625 0.6171875 0.121875 0.0578125
15 0.5234375 0.7484375 0.325 0.059375
18 0.378125 0.61875 0.0421875 0.040625
3 0.5234375 0.375 0.190625 0.0203125
3 0.6265625 0.61875 0.05625 0.01875
3 0.5234375 0.7484375 0.203125 0.0203125
23 0.521875 0.6828125 0.396875 0.0046875
3 0.4640625 0.6171875 0.1203125 0.015625