37 0.5609375 0.4984375 0.4671875 0.596875
28 0.2546875 0.496875 0.071875 0.175
38 0.453125 0.4984375 0.0546875 0.54375
38 0.5203125 0.5 0.0546875 0.5421875
15 0.6015625 0.4984375 0.05625 0.540625
3 0.6671875 0.6640625 0.01875 0.2203125
3 0.703125 0.684375 0.01875 0.1703125
3 0.7328125 0.4546875 0.0171875 0.4546875
18 0.6671875 0.246875 0.0359375 0.0375
3 0.36875 0.325 0.0265625 0.075
3 0.36875 0.63125 0.028125 0.090625
3 0.6046875 0.4984375 0.025 0.078125
3 0.7515625 0.2625 0.0125 0.0703125
3 0.7515625 0.3484375 0.0140625 0.0875
3 0.6671875 0.3234375 0.0203125 0.1109375
27 0.3671875 0.2578125 0.0359375 0.0375
27 0.36875 0.553125 0.0375 0.040625