16 0.5046875 0.4984375 0.9375 0.60625
37 0.215625 0.5609375 0.2484375 0.3265625
15 0.215625 0.5046875 0.2203125 0.0359375
15 0.215625 0.4359375 0.2140625 0.0359375
32 0.31875 0.540625 0.015625 0.015625
38 0.2171875 0.628125 0.21875 0.0265625
38 0.2171875 0.5734375 0.21875 0.021875
3 0.2984375 0.70625 0.0578125 0.0203125
3 0.1421875 0.7046875 0.0640625 0.0171875
3 0.2984375 0.6515625 0.05 0.009375
3 0.2875 0.596875 0.0703125 0.009375
3 0.1515625 0.5421875 0.0859375 0.0109375
3 0.215625 0.5046875 0.0328125 0.0109375
3 0.215625 0.4671875 0.0109375 0.00625
3 0.215625 0.434375 0.096875 0.0078125
23 0.2765625 0.46875 0.09375 0.003125
23 0.15625 0.46875 0.09375 0.0015625
28 0.68125 0.496875 0.5671875 0.596875
3 0.2640625 0.25625 0.034375 0.0109375
3 0.221875 0.2578125 0.0296875 0.0109375
3 0.18125 0.2578125 0.0296875 0.009375
3 0.2625 0.540625 0.0859375 0.0109375