16 0.490625 0.540625 0.321875 0.4984375
3 0.4953125 0.746875 0.2140625 0.028125
3 0.5390625 0.3296875 0.1125 0.0171875
15 0.4890625 0.3734375 0.2734375 0.0375
15 0.4890625 0.4578125 0.2734375 0.0390625
38 0.4890625 0.5171875 0.2734375 0.040625
38 0.4890625 0.5921875 0.2734375 0.0390625
38 0.490625 0.66875 0.2734375 0.0390625
3 0.4890625 0.3734375 0.053125 0.0171875
3 0.434375 0.328125 0.0953125 0.01875
3 0.490625 0.4578125 0.040625 0.0140625
23 0.490625 0.415625 0.315625 0.00625
3 0.58125 0.6984375 0.0890625 0.015625
3 0.58125 0.6234375 0.0890625 0.0140625
3 0.59375 0.5484375 0.0625 0.0140625