16 0.471875 0.484375 0.8859375 0.5203125
15 0.1875 0.575 0.1765625 0.0296875
15 0.2390625 0.496875 0.075 0.03125
3 0.140625 0.496875 0.075 0.009375
3 0.121875 0.3109375 0.0609375 0.0296875
17 0.6265625 0.4828125 0.5640625 0.5109375
3 0.1875 0.5359375 0.0078125 0.00625
23 0.1359375 0.5359375 0.0765625 0.00625
23 0.2390625 0.5359375 0.0765625 0.00625
3 0.2375 0.496875 0.0265625 0.009375
38 0.1890625 0.4140625 0.1796875 0.03125
38 0.1875 0.453125 0.178125 0.03125
3 0.2015625 0.5765625 0.08125 0.009375
28 0.115625 0.575 0.0265625 0.0265625
3 0.1546875 0.6609375 0.1 0.0109375