28 0.70625 0.240625 0.0921875 0.146875
3 0.6203125 0.2359375 0.0359375 0.2796875
38 0.521875 0.2390625 0.06875 0.3671875
38 0.453125 0.2390625 0.0609375 0.36875
18 0.396875 0.4046875 0.021875 0.0171875
3 0.3953125 0.13125 0.0203125 0.134375
15 0.315625 0.2390625 0.059375 0.2015625
3 0.2546875 0.2671875 0.01875 0.075
15 0.253125 0.1984375 0.0171875 0.0578125
3 0.253125 0.1984375 0.015625 0.0546875
28 0.5 0.75625 0.6421875 0.4859375
3 0.3140625 0.2390625 0.021875 0.06875
3 0.3953125 0.3375 0.0140625 0.109375