28 0.5 0.2546875 0.115625 0.1140625
3 0.24375 0.36875 0.096875 0.034375
3 0.2765625 0.60625 0.1609375 0.0171875
3 0.2125 0.6578125 0.0265625 0.021875
15 0.5015625 0.7171875 0.603125 0.053125
15 0.5015625 0.5421875 0.603125 0.0515625
38 0.5 0.4640625 0.6078125 0.0546875
3 0.3125 0.425 0.2296875 0.0140625
3 0.2453125 0.540625 0.0453125 0.01875
27 0.7640625 0.540625 0.0265625 0.0171875
27 0.7640625 0.7171875 0.0234375 0.015625
3 0.3859375 0.60625 0.0515625 0.015625
3 0.3359375 0.7171875 0.225 0.01875