10 0.9640625 0.5 0.071875 0.4875
27 0.96875 0.7140625 0.025 0.0421875
28 0.9703125 0.5 0.046875 0.190625
16 0.7328125 0.5 0.3609375 0.4859375
2 0.7359375 0.5015625 0.2953125 0.4390625
16 0.4671875 0.6265625 0.1359375 0.234375
3 0.446875 0.6703125 0.034375 0.0921875
3 0.4921875 0.6859375 0.025 0.0671875
16 0.4671875 0.375 0.134375 0.2359375
3 0.45 0.3984375 0.0375 0.1328125
3 0.4890625 0.421875 0.034375 0.084375
13 0.0421875 0.5 0.0828125 0.4875
3 0.0171875 0.6875 0.0203125 0.090625
27 0.05 0.6875 0.0328125 0.034375
3 0.015625 0.5640625 0.0234375 0.034375
27 0.0484375 0.565625 0.03125 0.0359375
3 0.015625 0.4421875 0.01875 0.046875
27 0.0484375 0.44375 0.0296875 0.0328125
3 0.015625 0.315625 0.021875 0.05625
27 0.0484375 0.3171875 0.034375 0.034375
24 0.234375 0.5 0.2875 0.46875
3 0.346875 0.65625 0.0328125 0.128125
3 0.2046875 0.5234375 0.096875 0.403125
3 0.2796875 0.628125 0.0296875 0.1953125
23 0.128125 0.5015625 0.0140625 0.4734375