10 0.5 0.0328125 0.4828125 0.065625
27 0.721875 0.021875 0.040625 0.0328125
28 0.5046875 0.0234375 0.1890625 0.04375
16 0.628125 0.15 0.2265625 0.1296875
3 0.675 0.171875 0.1046875 0.0390625
3 0.6953125 0.125 0.0671875 0.0328125
16 0.3765625 0.1484375 0.2375 0.1296875
3 0.4015625 0.16875 0.13125 0.034375
3 0.4265625 0.1234375 0.0875 0.0296875
16 0.5 0.54375 0.4828125 0.615625
1 0.515625 0.5328125 0.421875 0.546875
13 0.5 0.965625 0.4828125 0.06875
24 0.503125 0.896875 0.478125 0.0546875
3 0.6640625 0.903125 0.13125 0.0265625
27 0.696875 0.9609375 0.034375 0.0359375
3 0.696875 0.9921875 0.0890625 0.015625
3 0.5734375 0.990625 0.040625 0.0171875
27 0.56875 0.9640625 0.0390625 0.0328125
27 0.4453125 0.9625 0.0421875 0.03125
3 0.4453125 0.9921875 0.046875 0.015625
27 0.315625 0.9625 0.0328125 0.0328125
3 0.3171875 0.9921875 0.05625 0.0140625