10 0.5 0.0375 0.4828125 0.075
27 0.2953125 0.0296875 0.040625 0.0328125
28 0.515625 0.03125 0.1921875 0.0453125
16 0.3859375 0.1609375 0.2390625 0.1328125
3 0.3421875 0.18125 0.10625 0.0390625
3 0.321875 0.134375 0.06875 0.0328125
16 0.6328125 0.159375 0.215625 0.1328125
3 0.6203125 0.1796875 0.134375 0.034375
3 0.5953125 0.1328125 0.0890625 0.0296875
16 0.5015625 0.559375 0.478125 0.6265625
1 0.50625 0.55 0.4296875 0.55625
13 0.5 0.9765625 0.4828125 0.0453125
24 0.50625 0.9203125 0.4703125 0.05625
3 0.3546875 0.9265625 0.1328125 0.0265625
27 0.3203125 0.9828125 0.034375 0.0328125
27 0.45 0.9859375 0.0390625 0.028125
27 0.575 0.9859375 0.04375 0.028125
27 0.70625 0.984375 0.0328125 0.0296875