10 0.5 0.0453125 0.4859375 0.0890625
27 0.2984375 0.046875 0.0375 0.0296875
28 0.5 0.05 0.175 0.040625
16 0.38125 0.1671875 0.2171875 0.1203125
3 0.340625 0.1859375 0.096875 0.0359375
3 0.3234375 0.1421875 0.0625 0.0296875
16 0.61875 0.165625 0.21875 0.121875
3 0.5953125 0.184375 0.121875 0.03125
3 0.571875 0.140625 0.08125 0.028125
16 0.5 0.5296875 0.4609375 0.5703125
1 0.490625 0.521875 0.390625 0.5078125
13 0.4984375 0.9453125 0.484375 0.109375
24 0.5 0.859375 0.446875 0.05
3 0.3515625 0.8640625 0.121875 0.0234375
27 0.321875 0.91875 0.03125 0.0328125
3 0.321875 0.953125 0.084375 0.025
3 0.4375 0.95 0.0375 0.0203125
27 0.440625 0.921875 0.0375 0.0296875
27 0.5546875 0.91875 0.0390625 0.028125
3 0.5546875 0.95 0.04375 0.0203125
27 0.6734375 0.91875 0.0296875 0.03125
3 0.6734375 0.95 0.0515625 0.01875