10 0.5 0.04375 0.4890625 0.0875
27 0.296875 0.0484375 0.040625 0.0234375
28 0.5015625 0.046875 0.18125 0.04375
16 0.5 0.275 0.4640625 0.34375
2 0.4984375 0.2703125 0.41875 0.28125
16 0.3796875 0.5265625 0.225 0.1296875
3 0.3390625 0.546875 0.0875 0.0328125
3 0.3234375 0.5046875 0.0640625 0.0234375
16 0.6203125 0.528125 0.225 0.128125
3 0.596875 0.54375 0.1265625 0.0359375
3 0.575 0.50625 0.08125 0.0328125
13 0.5 0.946875 0.4890625 0.10625
3 0.321875 0.95625 0.0859375 0.0203125
27 0.321875 0.925 0.0328125 0.03125
3 0.4390625 0.9578125 0.0328125 0.021875
27 0.4390625 0.9265625 0.034375 0.0296875
3 0.55625 0.9578125 0.04375 0.01875
27 0.5546875 0.9265625 0.03125 0.028125
3 0.6765625 0.9578125 0.053125 0.0203125
27 0.675 0.9265625 0.0328125 0.0328125
24 0.5 0.75 0.4484375 0.275
3 0.3515625 0.6421875 0.121875 0.03125
3 0.478125 0.778125 0.384375 0.0921875
3 0.378125 0.70625 0.1859375 0.028125
23 0.4984375 0.85 0.4515625 0.0125