10 0.5 0.9671875 0.4875 0.065625
27 0.29375 0.9765625 0.04375 0.0265625
28 0.515625 0.9765625 0.196875 0.0453125
16 0.503125 0.73125 0.48125 0.3734375
2 0.5125 0.7359375 0.4546875 0.3046875
16 0.3828125 0.4578125 0.2453125 0.140625
3 0.3390625 0.4359375 0.0953125 0.0359375
3 0.3234375 0.4828125 0.0703125 0.0265625
16 0.6328125 0.45625 0.221875 0.1390625
3 0.61875 0.4390625 0.1375 0.0390625
3 0.5953125 0.4796875 0.0875 0.0359375
13 0.5 0.0296875 0.4875 0.059375
27 0.3203125 0.025 0.0359375 0.034375
27 0.446875 0.0234375 0.0375 0.0328125
27 0.5734375 0.0234375 0.0328125 0.03125
27 0.7046875 0.0234375 0.0359375 0.0359375
24 0.50625 0.215625 0.4734375 0.2984375
3 0.353125 0.3328125 0.1328125 0.034375
3 0.490625 0.184375 0.4171875 0.1
3 0.38125 0.2625 0.2015625 0.0296875
23 0.50625 0.10625 0.4765625 0.0140625