10 0.5 0.0171875 0.25625 0.034375
27 0.3921875 0.01875 0.0171875 0.0125
28 0.50625 0.01875 0.090625 0.0203125
3 0.4328125 0.0578125 0.0984375 0.0171875
35 0.5 0.134375 0.25625 0.121875
3 0.4203125 0.2265625 0.0734375 0.0125
19 0.41875 0.2546875 0.0765625 0.021875
3 0.41875 0.2546875 0.0609375 0.0125
19 0.49375 0.2546875 0.05625 0.0234375
3 0.49375 0.2546875 0.040625 0.0140625
19 0.5578125 0.2546875 0.05625 0.0234375
3 0.5578125 0.2546875 0.0390625 0.0109375
19 0.6109375 0.2546875 0.034375 0.0234375
3 0.615625 0.2546875 0.0265625 0.0125
16 0.453125 0.328125 0.1453125 0.103125
3 0.4125 0.29375 0.05 0.0125
3 0.453125 0.3375 0.1296875 0.059375
16 0.58125 0.328125 0.0953125 0.103125
3 0.565625 0.29375 0.05 0.015625
3 0.584375 0.3390625 0.0875 0.059375
24 0.4984375 0.4875 0.240625 0.1828125
3 0.4203125 0.4125 0.0609375 0.0109375
3 0.4359375 0.446875 0.09375 0.0125
3 0.4875 0.4875 0.1984375 0.0453125
15 0.4984375 0.5484375 0.2171875 0.025
23 0.4984375 0.5234375 0.2375 0.0046875
3 0.4984375 0.5484375 0.0421875 0.0140625
24 0.5 0.6046875 0.2390625 0.0359375
3 0.4203125 0.603125 0.0640625 0.0125
24 0.4984375 0.646875 0.240625 0.0359375
3 0.4203125 0.646875 0.0640625 0.0140625
26 0.5 0.84375 0.25625 0.3125
3 0.5 0.71875 0.1046875 0.01875
28 0.446875 0.7515625 0.021875 0.0203125
28 0.4796875 0.7515625 0.01875 0.0203125
28 0.515625 0.7515625 0.01875 0.0140625
28 0.5484375 0.7515625 0.0171875 0.0171875
3 0.5 0.796875 0.025 0.0125
3 0.5015625 0.8234375 0.05625 0.015625
3 0.5015625 0.85 0.0828125 0.0140625
3 0.5015625 0.8734375 0.034375 0.0125
3 0.5 0.9 0.0375 0.0125
3 0.5 0.965625 0.134375 0.0140625