10 0.0203125 0.5 0.0390625 0.403125
27 0.0125 0.6890625 0.025 0.0234375
3 0.009375 0.5125 0.01875 0.10625
28 0.0171875 0.325 0.0328125 0.0546875
35 0.2015625 0.5 0.2046875 0.403125
3 0.075 0.6203125 0.0359375 0.1625
16 0.4578125 0.584375 0.1765625 0.234375
3 0.340625 0.640625 0.025 0.1203125
3 0.475 0.5890625 0.1109375 0.2234375
3 0.3984375 0.65625 0.0296875 0.0890625
16 0.45625 0.375 0.175 0.1546875
3 0.3984375 0.396875 0.021875 0.084375
3 0.471875 0.36875 0.1015625 0.1421875
24 0.675 0.5046875 0.2140625 0.39375
3 0.5984375 0.6421875 0.0203125 0.1078125
3 0.6546875 0.6171875 0.0234375 0.159375
3 0.725 0.5296875 0.078125 0.334375
24 0.825 0.5046875 0.0625 0.39375
3 0.8265625 0.64375 0.0203125 0.109375
24 0.8984375 0.5046875 0.0578125 0.39375
3 0.896875 0.64375 0.025 0.109375
15 0.9765625 0.5046875 0.046875 0.39375
3 0.9828125 0.509375 0.01875 0.0796875