10 0.5 0.034375 0.40625 0.0671875
27 0.3296875 0.0390625 0.025 0.0296875
3 0.496875 0.0390625 0.1 0.0203125
28 0.675 0.0390625 0.0578125 0.0453125
35 0.5 0.21875 0.40625 0.190625
3 0.39375 0.1015625 0.15625 0.0328125
16 0.425 0.4578125 0.228125 0.1640625
3 0.3734375 0.3484375 0.1171875 0.0234375
3 0.4234375 0.4734375 0.2078125 0.103125
3 0.3609375 0.403125 0.084375 0.0265625
16 0.628125 0.4578125 0.15 0.1625
3 0.603125 0.4015625 0.078125 0.0203125
3 0.634375 0.471875 0.1390625 0.09375
24 0.496875 0.6609375 0.38125 0.2
3 0.375 0.5890625 0.1015625 0.01875
3 0.3984375 0.640625 0.1484375 0.021875
3 0.4796875 0.70625 0.3109375 0.0734375
24 0.496875 0.8 0.38125 0.059375
3 0.3734375 0.8 0.103125 0.01875
24 0.496875 0.86875 0.38125 0.053125
3 0.3734375 0.8671875 0.103125 0.0234375
15 0.4984375 0.9484375 0.3796875 0.0578125
3 0.4984375 0.946875 0.0734375 0.0171875