10 0.5 0.0078125 0.25625 0.0140625
27 0.6109375 0.003125 0.0171875 0.0046875
28 0.49375 0.0046875 0.09375 0.0078125
3 0.56875 0.0390625 0.1015625 0.0171875
35 0.5 0.1171875 0.25625 0.125
3 0.58125 0.2125 0.0765625 0.0140625
19 0.5828125 0.2421875 0.078125 0.0234375
3 0.5828125 0.2421875 0.0625 0.0125
19 0.50625 0.2421875 0.0578125 0.0234375
3 0.50625 0.2421875 0.0421875 0.015625
19 0.440625 0.240625 0.0578125 0.0234375
3 0.440625 0.2421875 0.040625 0.0109375
19 0.3875 0.240625 0.03125 0.0234375
3 0.384375 0.2421875 0.0234375 0.0125
16 0.5484375 0.3171875 0.15 0.10625
3 0.5890625 0.28125 0.0515625 0.0140625
3 0.5484375 0.3265625 0.1328125 0.0625
16 0.41875 0.3171875 0.09375 0.10625
3 0.43125 0.28125 0.0515625 0.015625
3 0.415625 0.3265625 0.0859375 0.0625
24 0.5 0.48125 0.2484375 0.1890625
3 0.5828125 0.4046875 0.0625 0.0109375
3 0.565625 0.4390625 0.096875 0.0125
3 0.5125 0.48125 0.2046875 0.046875
15 0.5015625 0.54375 0.2234375 0.0265625
23 0.5015625 0.51875 0.2453125 0.0046875
3 0.5 0.5453125 0.04375 0.015625
24 0.5 0.6015625 0.246875 0.0375
3 0.5828125 0.6015625 0.065625 0.0125
24 0.5 0.6453125 0.2484375 0.0359375
3 0.58125 0.6453125 0.065625 0.0140625
26 0.5 0.84375 0.25625 0.3125
3 0.4984375 0.7203125 0.1078125 0.0203125
28 0.5546875 0.7546875 0.021875 0.021875
28 0.5203125 0.7546875 0.0203125 0.0203125
28 0.484375 0.7546875 0.01875 0.0140625
28 0.45 0.7546875 0.01875 0.01875
3 0.5 0.8 0.025 0.0125
3 0.4984375 0.828125 0.0578125 0.015625
3 0.4984375 0.8546875 0.0859375 0.0140625
3 0.4984375 0.88125 0.0359375 0.0140625
3 0.4984375 0.90625 0.0390625 0.0125
3 0.4984375 0.975 0.1390625 0.0140625