10 0.5 0.9859375 0.25625 0.028125
27 0.3890625 0.9875 0.01875 0.0125
28 0.5046875 0.9875 0.0921875 0.0203125
3 0.4296875 0.946875 0.1015625 0.0171875
35 0.5 0.8703125 0.25625 0.1234375
3 0.4171875 0.7765625 0.075 0.0140625
19 0.415625 0.746875 0.078125 0.0234375
3 0.415625 0.746875 0.0609375 0.0125
19 0.4921875 0.746875 0.0578125 0.0234375
3 0.4921875 0.746875 0.0421875 0.0140625
19 0.5578125 0.746875 0.05625 0.0234375
3 0.55625 0.746875 0.040625 0.0109375
19 0.6109375 0.746875 0.034375 0.0234375
3 0.615625 0.746875 0.0265625 0.0125
16 0.45 0.671875 0.1484375 0.10625
3 0.409375 0.7078125 0.0515625 0.0140625
3 0.45 0.6625 0.13125 0.0609375
16 0.5796875 0.671875 0.096875 0.10625
3 0.565625 0.7078125 0.0515625 0.015625
3 0.584375 0.6625 0.0890625 0.0609375
24 0.496875 0.509375 0.246875 0.1875
3 0.4171875 0.5859375 0.0625 0.0109375
3 0.4328125 0.5515625 0.0953125 0.0125
3 0.4859375 0.5109375 0.203125 0.0453125
15 0.496875 0.446875 0.221875 0.0265625
23 0.496875 0.471875 0.2421875 0.0046875
3 0.496875 0.446875 0.04375 0.015625
24 0.4984375 0.390625 0.2453125 0.0375
3 0.4171875 0.3921875 0.065625 0.0125
24 0.496875 0.346875 0.2453125 0.0359375
3 0.4171875 0.346875 0.065625 0.0140625
26 0.5 0.153125 0.25625 0.3046875
3 0.4984375 0.271875 0.10625 0.0203125
28 0.44375 0.2390625 0.021875 0.021875
28 0.478125 0.2390625 0.0203125 0.0203125
28 0.5140625 0.2390625 0.01875 0.0140625
28 0.5484375 0.2390625 0.0171875 0.0171875
3 0.4984375 0.19375 0.025 0.0125
3 0.5 0.1671875 0.05625 0.015625
3 0.5 0.140625 0.0859375 0.0140625
3 0.5 0.1140625 0.0359375 0.0125
3 0.4984375 0.0890625 0.0390625 0.0125
3 0.4984375 0.0203125 0.1375 0.0140625