24 0.303125 0.4640625 0.175 0.0140625
24 0.303125 0.45 0.175 0.0125
24 0.6984375 0.4109375 0.171875 0.0578125
24 0.09375 0.3890625 0.1734375 0.0140625
24 0.09375 0.4046875 0.1734375 0.0140625
24 0.09375 0.4203125 0.1734375 0.0125
24 0.09375 0.4359375 0.1734375 0.0125
24 0.09375 0.45 0.1734375 0.0125
27 0.0171875 0.3890625 0.00625 0.00625
27 0.0171875 0.4046875 0.00625 0.00625
27 0.0171875 0.41875 0.00625 0.00625
27 0.0171875 0.434375 0.00625 0.00625
27 0.0171875 0.45 0.00625 0.00625
3 0.0296875 0.3890625 0.0109375 0.0046875
3 0.0296875 0.4046875 0.0125 0.0046875
3 0.0296875 0.4203125 0.0109375 0.0046875
3 0.0296875 0.434375 0.0125 0.0046875
3 0.0296875 0.45 0.0109375 0.0046875
24 0.303125 0.4109375 0.175 0.059375
24 0.303125 0.4796875 0.175 0.0140625
24 0.303125 0.4953125 0.175 0.0140625
24 0.5015625 0.4109375 0.175 0.0578125
24 0.5 0.4484375 0.175 0.0140625
24 0.5015625 0.4640625 0.175 0.0125
24 0.5 0.4796875 0.1734375 0.0125
24 0.5015625 0.4953125 0.175 0.0125
24 0.6984375 0.4578125 0.1734375 0.015625
24 0.6984375 0.475 0.1734375 0.0125
24 0.6984375 0.490625 0.1734375 0.0140625
24 0.6984375 0.5046875 0.1734375 0.0140625
24 0.6984375 0.5203125 0.1734375 0.0125
24 0.90625 0.4109375 0.175 0.059375
24 0.90625 0.471875 0.175 0.0578125
24 0.90625 0.5328125 0.175 0.0578125
24 0.90625 0.590625 0.175 0.053125
3 0.3 0.421875 0.1546875 0.028125
3 0.2390625 0.390625 0.0125 0.0046875
3 0.2390625 0.45 0.0125 0.0046875
3 0.2390625 0.465625 0.0125 0.0046875
3 0.2390625 0.4796875 0.0125 0.0046875
3 0.2390625 0.4953125 0.0125 0.0046875
27 0.225 0.390625 0.00625 0.00625
27 0.2265625 0.45 0.00625 0.00625
27 0.2265625 0.4640625 0.00625 0.00625
27 0.2265625 0.4796875 0.00625 0.00625
27 0.2265625 0.4953125 0.00625 0.00625
27 0.4234375 0.4953125 0.00625 0.00625
27 0.4234375 0.4796875 0.00625 0.00625
27 0.4234375 0.4640625 0.0046875 0.00625
27 0.4234375 0.45 0.00625 0.00625
27 0.4234375 0.390625 0.00625 0.00625
3 0.4375 0.390625 0.0109375 0.0046875
3 0.496875 0.421875 0.153125 0.0265625
3 0.4375 0.45 0.0125 0.0046875
3 0.4375 0.4640625 0.0109375 0.0046875
3 0.4375 0.4796875 0.0109375 0.0046875
3 0.4375 0.4953125 0.0109375 0.0046875
3 0.6953125 0.421875 0.1546875 0.028125
3 0.9015625 0.421875 0.1546875 0.028125
3 0.9015625 0.48125 0.1546875 0.028125
3 0.903125 0.5421875 0.15625 0.028125
3 0.9015625 0.596875 0.1546875 0.028125
27 0.621875 0.390625 0.00625 0.00625
27 0.621875 0.459375 0.00625 0.00625
27 0.621875 0.475 0.00625 0.00625
27 0.621875 0.4890625 0.00625 0.00625
27 0.621875 0.5046875 0.00625 0.00625
27 0.621875 0.5203125 0.00625 0.00625
3 0.634375 0.5203125 0.0109375 0.0046875
3 0.634375 0.5046875 0.0109375 0.0046875
3 0.634375 0.4890625 0.0109375 0.0046875
3 0.634375 0.475 0.0109375 0.0046875
3 0.634375 0.459375 0.0109375 0.0046875
27 0.8296875 0.390625 0.00625 0.00625
27 0.8296875 0.4515625 0.00625 0.00625
27 0.8296875 0.5125 0.0046875 0.00625
27 0.8296875 0.5703125 0.00625 0.00625
3 0.8421875 0.5703125 0.0109375 0.0046875
3 0.8421875 0.5125 0.0125 0.0046875
3 0.8421875 0.4515625 0.0109375 0.0046875
3 0.8421875 0.390625 0.0125 0.0046875