24 0.5375 0.6953125 0.0140625 0.18125
24 0.553125 0.6953125 0.0140625 0.18125
24 0.5921875 0.284375 0.059375 0.178125
24 0.615625 0.9109375 0.0140625 0.1765625
24 0.6 0.9109375 0.0140625 0.178125
24 0.584375 0.9109375 0.0125 0.178125
24 0.5671875 0.9109375 0.0125 0.178125
24 0.5515625 0.9109375 0.0125 0.178125
27 0.615625 0.990625 0.00625 0.00625
27 0.6 0.990625 0.00625 0.00625
27 0.584375 0.990625 0.00625 0.00625
27 0.5671875 0.990625 0.00625 0.00625
27 0.5515625 0.990625 0.00625 0.00625
3 0.615625 0.978125 0.0046875 0.0125
3 0.6 0.978125 0.0046875 0.0125
3 0.584375 0.978125 0.0046875 0.0125
3 0.5671875 0.978125 0.0046875 0.0125
3 0.5515625 0.978125 0.0046875 0.0125
24 0.5921875 0.6953125 0.0609375 0.18125
24 0.5203125 0.6953125 0.0140625 0.18125
24 0.5046875 0.6953125 0.0140625 0.18125
24 0.5921875 0.490625 0.0609375 0.18125
24 0.553125 0.490625 0.0140625 0.18125
24 0.5375 0.490625 0.0140625 0.18125
24 0.5203125 0.490625 0.0140625 0.1796875
24 0.5046875 0.490625 0.0140625 0.18125
24 0.54375 0.284375 0.015625 0.1796875
24 0.5265625 0.284375 0.0140625 0.1796875
24 0.5109375 0.284375 0.0140625 0.1796875
24 0.4953125 0.284375 0.0140625 0.1796875
24 0.478125 0.284375 0.0140625 0.1796875
24 0.5921875 0.08125 0.0625 0.1609375
24 0.5296875 0.08125 0.0609375 0.1609375
24 0.4671875 0.08125 0.0609375 0.1609375
24 0.40625 0.08125 0.0546875 0.1609375
3 0.58125 0.6984375 0.0296875 0.159375
3 0.6125 0.7609375 0.0046875 0.0125
3 0.553125 0.7625 0.0046875 0.0125
3 0.5359375 0.7625 0.0046875 0.0125
3 0.5203125 0.7625 0.0046875 0.0140625
3 0.5046875 0.7625 0.0046875 0.0125
27 0.6125 0.775 0.00625 0.00625
27 0.553125 0.775 0.00625 0.00625
27 0.5375 0.775 0.00625 0.00625
27 0.5203125 0.775 0.00625 0.00625
27 0.5046875 0.775 0.00625 0.00625
27 0.5046875 0.5703125 0.00625 0.00625
27 0.5203125 0.56875 0.00625 0.00625
27 0.5375 0.5703125 0.00625 0.00625
27 0.553125 0.5703125 0.00625 0.00625
27 0.6125 0.5703125 0.00625 0.00625
3 0.6125 0.55625 0.0046875 0.0125
3 0.58125 0.49375 0.028125 0.159375
3 0.553125 0.55625 0.0046875 0.0125
3 0.5375 0.55625 0.0046875 0.0125
3 0.5203125 0.55625 0.0046875 0.0125
3 0.5046875 0.55625 0.0046875 0.0125
3 0.58125 0.2890625 0.028125 0.1609375
3 0.5828125 0.0765625 0.028125 0.153125
3 0.51875 0.0765625 0.0296875 0.153125
3 0.45625 0.078125 0.0296875 0.1546875
3 0.3984375 0.078125 0.0296875 0.1546875
27 0.6125 0.3640625 0.00625 0.00625
27 0.5421875 0.3640625 0.00625 0.00625
27 0.5265625 0.3640625 0.00625 0.00625
27 0.5109375 0.3640625 0.00625 0.00625
27 0.4953125 0.3640625 0.00625 0.00625
27 0.4796875 0.3640625 0.00625 0.00625
3 0.478125 0.3515625 0.0046875 0.0109375
3 0.4953125 0.3515625 0.0046875 0.0125
3 0.5109375 0.3515625 0.0046875 0.0109375
3 0.5265625 0.3515625 0.0046875 0.0109375
3 0.5421875 0.3515625 0.0046875 0.0125
27 0.6125 0.15 0.00625 0.00625
27 0.55 0.15 0.00625 0.00625
27 0.4875 0.15 0.00625 0.00625
27 0.4265625 0.15 0.00625 0.00625
3 0.4265625 0.1359375 0.0046875 0.0109375
3 0.4875 0.1359375 0.0046875 0.0125
3 0.55 0.1359375 0.0046875 0.0109375
3 0.6125 0.1359375 0.0046875 0.0125