24 0.728125 0.55 0.190625 0.015625
24 0.728125 0.5671875 0.190625 0.0140625
24 0.2953125 0.6 0.1875 0.0484375
24 0.9296875 0.615625 0.1390625 0.015625
24 0.9296875 0.5984375 0.1390625 0.0125
24 0.9296875 0.58125 0.1390625 0.0125
24 0.9296875 0.565625 0.1390625 0.0140625
24 0.728125 0.6 0.190625 0.0484375
24 0.728125 0.5328125 0.190625 0.015625
24 0.7265625 0.515625 0.190625 0.0140625
24 0.5109375 0.6 0.190625 0.0484375
24 0.5109375 0.5671875 0.190625 0.0140625
24 0.5109375 0.55 0.190625 0.0140625
24 0.5109375 0.5328125 0.1890625 0.0140625
24 0.5109375 0.515625 0.190625 0.0140625
24 0.2953125 0.5578125 0.1890625 0.0171875
24 0.2953125 0.5390625 0.1890625 0.0140625
24 0.2953125 0.521875 0.1890625 0.015625
24 0.2953125 0.5046875 0.1890625 0.015625
24 0.2953125 0.4890625 0.1890625 0.0140625
24 0.0828125 0.6 0.1640625 0.0484375
24 0.0828125 0.5421875 0.1640625 0.0640625
24 0.0828125 0.4765625 0.1640625 0.0640625
24 0.0828125 0.4125 0.1640625 0.0578125
3 0.73125 0.596875 0.16875 0.03125
3 0.796875 0.565625 0.0140625 0.0046875
3 0.796875 0.55 0.0125 0.00625
3 0.796875 0.5328125 0.0140625 0.0046875
3 0.796875 0.515625 0.0140625 0.00625
27 0.8109375 0.5671875 0.00625 0.00625
27 0.8109375 0.55 0.00625 0.00625
27 0.8109375 0.5328125 0.00625 0.00625
27 0.8109375 0.515625 0.00625 0.00625
27 0.5953125 0.515625 0.00625 0.00625
27 0.5953125 0.5328125 0.00625 0.00625
27 0.5953125 0.55 0.00625 0.00625
27 0.5953125 0.5671875 0.00625 0.00625
3 0.515625 0.596875 0.1671875 0.0296875
3 0.58125 0.5671875 0.0125 0.0046875
3 0.58125 0.55 0.0125 0.0046875
3 0.58125 0.5328125 0.0125 0.0046875
3 0.58125 0.515625 0.0125 0.0046875
3 0.2984375 0.596875 0.16875 0.0296875
3 0.0796875 0.596875 0.1578125 0.0296875
3 0.0796875 0.53125 0.1578125 0.03125
3 0.0796875 0.465625 0.1578125 0.03125
3 0.0796875 0.4046875 0.1578125 0.03125
27 0.378125 0.55625 0.00625 0.00625
27 0.378125 0.5390625 0.00625 0.00625
27 0.378125 0.521875 0.00625 0.00625
27 0.378125 0.50625 0.00625 0.00625
27 0.378125 0.4890625 0.00625 0.00625
3 0.3640625 0.4890625 0.0125 0.0046875
3 0.3640625 0.50625 0.0125 0.0046875
3 0.3640625 0.521875 0.0125 0.0046875
3 0.3640625 0.5390625 0.0125 0.0046875
3 0.3640625 0.55625 0.0125 0.0046875
27 0.153125 0.5640625 0.00625 0.00625
27 0.153125 0.4984375 0.00625 0.00625
27 0.153125 0.434375 0.00625 0.00625
3 0.1390625 0.434375 0.0125 0.0046875
3 0.1390625 0.4984375 0.0125 0.00625
3 0.1390625 0.5640625 0.0125 0.0046875