15 0.9421875 0.784375 0.08125 0.0328125
16 0.5015625 0.35 0.9625 0.1859375
15 0.925 0.4015625 0.071875 0.0328125
15 0.8390625 0.4015625 0.0703125 0.0328125
10 0.5 0.20625 0.9984375 0.0515625
27 0.971875 0.20625 0.01875 0.021875
3 0.0984375 0.20625 0.1640625 0.025
38 0.1859375 0.2875 0.2921875 0.0390625
38 0.5 0.290625 0.2921875 0.0328125
38 0.815625 0.2890625 0.2921875 0.0328125
18 0.0515625 0.3453125 0.0203125 0.01875
18 0.3671875 0.3453125 0.01875 0.0171875
3 0.840625 0.403125 0.05 0.015625
3 0.9265625 0.4015625 0.040625 0.01875
21 0.5 0.603125 0.9609375 0.2765625
3 0.9421875 0.7828125 0.0578125 0.0171875
3 0.1203125 0.34375 0.1046875 0.0140625
3 0.45 0.34375 0.1328125 0.015625