15 0.7921875 0.05 0.034375 0.0828125
16 0.346875 0.503125 0.190625 0.9890625
15 0.4 0.065625 0.034375 0.0734375
15 0.4 0.15625 0.034375 0.071875
10 0.203125 0.5 0.0453125 1
27 0.2 0.01875 0.0234375 0.0203125
3 0.1984375 0.915625 0.025 0.16875
38 0.2828125 0.8265625 0.0390625 0.3
38 0.2859375 0.503125 0.034375 0.3
38 0.284375 0.1796875 0.034375 0.3
18 0.3421875 0.9640625 0.01875 0.0203125
18 0.3421875 0.640625 0.01875 0.01875
3 0.4015625 0.1546875 0.015625 0.0515625
3 0.4 0.065625 0.0203125 0.0421875
21 0.6078125 0.503125 0.284375 0.9875
3 0.7921875 0.05 0.0171875 0.059375
3 0.340625 0.89375 0.015625 0.1078125
3 0.340625 0.5546875 0.015625 0.1359375