10 0.5 0.9734375 0.4921875 0.0515625
3 0.5015625 0.9828125 0.13125 0.025
28 0.2796875 0.978125 0.0515625 0.0421875
16 0.5 0.68125 0.4859375 0.490625
28 0.5 0.825 0.4765625 0.1921875
3 0.521875 0.6046875 0.403125 0.10625
3 0.528125 0.6859375 0.3875 0.0328125
15 0.5 0.4984375 0.4328125 0.059375
3 0.5015625 0.4984375 0.234375 0.025
16 0.5015625 0.2421875 0.4859375 0.365625
3 0.521875 0.1046875 0.403125 0.0890625
3 0.5375 0.178125 0.3671875 0.0265625
13 0.5 0.0296875 0.4921875 0.0578125
3 0.6953125 0.0046875 0.0578125 0.0078125
3 0.565625 0.0046875 0.0625 0.0078125
3 0.4390625 0.0046875 0.1109375 0.0078125
3 0.309375 0.0046875 0.0421875 0.0078125
28 0.5 0.3203125 0.4765625 0.1953125
27 0.6953125 0.028125 0.0328125 0.028125
27 0.565625 0.028125 0.034375 0.0296875
27 0.4390625 0.028125 0.0375 0.028125
27 0.309375 0.0296875 0.0390625 0.03125