10 0.5 0.03125 0.49375 0.0625
3 0.5 0.0296875 0.125 0.025
28 0.7171875 0.03125 0.059375 0.0421875
16 0.5 0.315625 0.4625 0.4671875
28 0.5015625 0.1796875 0.4546875 0.1828125
3 0.4796875 0.3890625 0.384375 0.1015625
3 0.475 0.3125 0.3703125 0.03125
15 0.5015625 0.490625 0.4140625 0.0578125
3 0.5 0.490625 0.2234375 0.0234375
16 0.5 0.7359375 0.4640625 0.3484375
3 0.4796875 0.8671875 0.384375 0.084375
3 0.465625 0.7953125 0.35 0.025
13 0.5 0.9546875 0.49375 0.0890625
3 0.3140625 0.9671875 0.05625 0.015625
3 0.4390625 0.9671875 0.0609375 0.0140625
3 0.559375 0.9671875 0.10625 0.0171875
3 0.684375 0.9671875 0.0390625 0.0171875
28 0.5015625 0.6609375 0.4546875 0.1875
27 0.3140625 0.9390625 0.03125 0.0265625
27 0.4390625 0.9390625 0.0328125 0.028125
27 0.559375 0.9390625 0.0359375 0.0265625
27 0.6828125 0.9375 0.0375 0.0296875