10 0.028125 0.5 0.0546875 0.4921875
3 0.0203125 0.496875 0.025 0.1296875
28 0.021875 0.278125 0.04375 0.0484375
16 0.3203125 0.496875 0.4875 0.4828125
28 0.1765625 0.4953125 0.190625 0.475
3 0.3953125 0.51875 0.10625 0.4015625
3 0.315625 0.5234375 0.0328125 0.3859375
15 0.5015625 0.496875 0.059375 0.43125
3 0.5015625 0.496875 0.025 0.2328125
16 0.7578125 0.496875 0.3640625 0.484375
3 0.89375 0.51875 0.0875 0.4015625
3 0.8203125 0.5328125 0.0265625 0.365625
13 0.96875 0.5 0.0609375 0.4921875
3 0.9953125 0.690625 0.009375 0.0578125
3 0.9953125 0.5625 0.009375 0.0625
3 0.99375 0.4359375 0.0109375 0.1109375
3 0.99375 0.30625 0.0109375 0.040625
28 0.6796875 0.496875 0.1953125 0.4734375
27 0.96875 0.690625 0.028125 0.0328125
27 0.96875 0.5609375 0.0296875 0.034375
27 0.96875 0.434375 0.028125 0.0375
27 0.9671875 0.30625 0.03125 0.0390625