3 0.503125 0.0109375 0.146875 0.021875
26 0.5 0.9390625 0.478125 0.1203125
15 0.4984375 0.9359375 0.4625 0.075
10 0.5 0.0265625 0.478125 0.0515625
27 0.7234375 0.0140625 0.0296875 0.028125
3 0.5546875 0.7328125 0.24375 0.025
18 0.7078125 0.7328125 0.03125 0.0328125
3 0.5046875 0.9359375 0.1 0.0265625
20 0.5046875 0.109375 0.453125 0.0609375
20 0.5046875 0.19375 0.4515625 0.0625
38 0.5046875 0.2796875 0.4515625 0.0625
38 0.503125 0.3640625 0.4546875 0.059375
38 0.503125 0.4484375 0.4546875 0.0609375
39 0.5046875 0.590625 0.45625 0.175