10 0.5 0.034375 0.4890625 0.06875
27 0.284375 0.0375 0.028125 0.0296875
3 0.4984375 0.0375 0.1375 0.0265625
38 0.5 0.13125 0.440625 0.059375
38 0.4984375 0.2125 0.4390625 0.05625
38 0.5 0.2921875 0.4390625 0.065625
38 0.5 0.371875 0.4390625 0.0671875
39 0.5 0.5125 0.4390625 0.1671875
29 0.5 0.6484375 0.4359375 0.059375
18 0.3046875 0.73125 0.03125 0.0296875
15 0.5 0.8203125 0.4375 0.0734375
3 0.5 0.8203125 0.1078125 0.021875
3 0.4984375 0.91875 0.0859375 0.0203125
3 0.453125 0.73125 0.2375 0.021875