10 0.5 0.9640625 0.478125 0.0703125
3 0.5 0.9671875 0.140625 0.025
3 0.6390625 0.8828125 0.1640625 0.0265625
16 0.5 0.7578125 0.4390625 0.1796875
3 0.553125 0.7984375 0.259375 0.0265625
3 0.584375 0.60625 0.1984375 0.0234375
16 0.4984375 0.2 0.4484375 0.140625
3 0.54375 0.2203125 0.275 0.021875
3 0.5046875 0.4140625 0.3734375 0.025
3 0.503125 0.7296875 0.365625 0.05625
3 0.5078125 0.5359375 0.36875 0.05625
3 0.5046875 0.346875 0.3734375 0.05625
3 0.5109375 0.1546875 0.365625 0.0453125
16 0.4984375 0.565625 0.4484375 0.1875
16 0.496875 0.3703125 0.4484375 0.1875
26 0.5 0.0640625 0.478125 0.128125
15 0.5 0.078125 0.4328125 0.071875
3 0.5015625 0.078125 0.1859375 0.0296875