3 0.5015625 0.0515625 0.1390625 0.021875
26 0.5 0.934375 0.4796875 0.1296875
15 0.5046875 0.921875 0.4359375 0.0703125
10 0.5 0.0453125 0.4796875 0.0890625
27 0.2890625 0.0515625 0.0328125 0.028125
3 0.4515625 0.73125 0.2296875 0.0234375
18 0.3078125 0.73125 0.028125 0.03125
3 0.4984375 0.921875 0.09375 0.025
20 0.4984375 0.1421875 0.428125 0.0578125
20 0.4984375 0.2234375 0.425 0.059375
38 0.4984375 0.3046875 0.425 0.0578125
38 0.5015625 0.384375 0.428125 0.05625
38 0.5 0.4625 0.428125 0.05625
39 0.5 0.596875 0.4296875 0.1640625