10 0.5 0.9640625 0.484375 0.071875
27 0.7109375 0.9625 0.0328125 0.0375
3 0.5078125 0.9640625 0.0640625 0.028125
28 0.2890625 0.9640625 0.0640625 0.0484375
38 0.5015625 0.871875 0.440625 0.05625
38 0.5015625 0.7890625 0.4421875 0.05625
38 0.503125 0.7109375 0.4421875 0.065625
38 0.503125 0.6234375 0.440625 0.0578125
39 0.5015625 0.4859375 0.4421875 0.16875
29 0.5015625 0.3484375 0.4421875 0.0578125
18 0.7015625 0.265625 0.03125 0.03125
3 0.5515625 0.265625 0.2375 0.028125
26 0.5 0.103125 0.484375 0.2046875
15 0.503125 0.1515625 0.440625 0.071875
15 0.503125 0.06875 0.44375 0.075
3 0.5015625 0.1515625 0.0921875 0.03125
3 0.5 0.0703125 0.0953125 0.0265625