38 0.5015625 0.3796875 0.4265625 0.065625
10 0.5 0.0453125 0.478125 0.090625
39 0.5015625 0.6609375 0.43125 0.2984375
3 0.49375 0.0515625 0.0953125 0.025
38 0.5015625 0.3 0.428125 0.0625
26 0.5 0.9171875 0.4765625 0.1609375
27 0.2890625 0.053125 0.028125 0.0265625
20 0.5015625 0.2203125 0.428125 0.0625
38 0.5015625 0.459375 0.428125 0.0640625
20 0.5015625 0.140625 0.428125 0.0609375
28 0.5625 0.915625 0.0953125 0.0953125
3 0.346875 0.9171875 0.0375 0.0234375
3 0.665625 0.915625 0.05 0.025
28 0.440625 0.9140625 0.0984375 0.0984375