10 0.0390625 0.5 0.0765625 0.4796875
3 0.040625 0.5046875 0.025 0.1359375
27 0.0390625 0.2875 0.028125 0.0265625
38 0.134375 0.5046875 0.059375 0.4453125
38 0.2171875 0.5046875 0.0578125 0.446875
38 0.296875 0.5046875 0.065625 0.4453125
38 0.3828125 0.5046875 0.059375 0.4453125
39 0.5234375 0.5046875 0.1703125 0.446875
29 0.6609375 0.5046875 0.0578125 0.4453125
18 0.7453125 0.3046875 0.028125 0.0375
26 0.94375 0.5 0.1109375 0.4796875
15 0.94375 0.390625 0.0765625 0.21875
15 0.94375 0.61875 0.0734375 0.2171875
3 0.94375 0.390625 0.0171875 0.0890625
3 0.94375 0.61875 0.0171875 0.0875
3 0.7453125 0.3890625 0.021875 0.10625
3 0.746875 0.509375 0.0203125 0.121875