10 0.5 0.0328125 0.4890625 0.065625
27 0.7171875 0.0359375 0.028125 0.0296875
3 0.5015625 0.0375 0.1375 0.0265625
38 0.5 0.13125 0.4421875 0.059375
38 0.5015625 0.2125 0.440625 0.05625
38 0.5 0.2921875 0.440625 0.065625
38 0.5 0.3734375 0.440625 0.0671875
39 0.5 0.5140625 0.4421875 0.16875
29 0.5 0.6515625 0.4390625 0.059375
18 0.696875 0.7328125 0.03125 0.03125
15 0.5 0.8234375 0.440625 0.0734375
3 0.5 0.8234375 0.1078125 0.021875
3 0.5015625 0.9234375 0.0875 0.0203125
3 0.546875 0.734375 0.2390625 0.021875