10 0.5 0.81875 1 0.0328125
3 0.496875 0.821875 0.1 0.0203125
16 0.496875 0.5 0.9015625 0.490625
3 0.1078125 0.70625 0.0875 0.0234375
20 0.2765625 0.653125 0.4203125 0.0390625
20 0.71875 0.653125 0.4203125 0.040625
38 0.2765625 0.5953125 0.421875 0.0375
38 0.7171875 0.5953125 0.421875 0.0390625
38 0.496875 0.5390625 0.8640625 0.040625
39 0.4984375 0.4484375 0.8640625 0.10625
23 0.496875 0.371875 0.296875 0.009375
3 0.4015625 0.325 0.0359375 0.0234375
3 0.596875 0.321875 0.0421875 0.0203125
28 0.459375 0.3234375 0.0640625 0.0609375
28 0.534375 0.3234375 0.065625 0.0640625