10 0.5 0.04375 0.48125 0.0859375
38 0.5015625 0.378125 0.43125 0.065625
39 0.5015625 0.659375 0.434375 0.3
3 0.6640625 0.915625 0.0515625 0.025
38 0.5015625 0.4578125 0.4296875 0.0640625
27 0.2890625 0.05 0.0296875 0.0296875
38 0.5015625 0.2953125 0.4296875 0.0640625
20 0.5015625 0.2171875 0.4296875 0.065625
28 0.4375 0.915625 0.0953125 0.0984375
26 0.5 0.91875 0.48125 0.1609375
20 0.5015625 0.1375 0.4296875 0.0625
3 0.3453125 0.9171875 0.0375 0.0234375
3 0.4921875 0.046875 0.09375 0.0234375
3 0.4140625 0.1390625 0.1953125 0.0234375
28 0.5625 0.915625 0.1015625 0.1