16 0.4875 0.525 0.96875 0.546875
3 0.0640625 0.7546875 0.06875 0.021875
20 0.2515625 0.696875 0.453125 0.0375
20 0.725 0.696875 0.453125 0.0359375
25 0.4734375 0.6328125 0.89375 0.040625
25 0.4734375 0.5640625 0.8890625 0.04375
25 0.4734375 0.49375 0.8953125 0.04375
25 0.4734375 0.425 0.8890625 0.040625
25 0.4734375 0.3546875 0.8890625 0.040625
27 0.9375 0.6296875 0.0265625 0.0203125
27 0.9375 0.4234375 0.025 0.0171875
27 0.9359375 0.5625 0.0265625 0.01875
27 0.9375 0.35625 0.025 0.0171875
27 0.9375 0.49375 0.025 0.01875
3 0.28125 0.603125 0.4265625 0.0140625
3 0.4125 0.534375 0.6890625 0.0125
3 0.4078125 0.4625 0.678125 0.0109375
3 0.1625 0.39375 0.184375 0.0109375
3 0.1421875 0.325 0.1484375 0.0125
15 0.846875 0.2921875 0.0578125 0.0328125
15 0.9203125 0.290625 0.059375 0.0328125
3 0.8484375 0.2921875 0.034375 0.0109375
3 0.91875 0.2921875 0.0359375 0.0125