10 0.5 0.8234375 1 0.025
3 0.4875 0.828125 0.1046875 0.015625
16 0.4890625 0.4953125 0.9421875 0.5125
3 0.08125 0.7109375 0.0921875 0.0234375
20 0.2578125 0.6546875 0.4390625 0.040625
20 0.71875 0.6546875 0.4390625 0.0421875
38 0.259375 0.59375 0.4390625 0.0390625
38 0.71875 0.59375 0.440625 0.040625
38 0.4890625 0.534375 0.9015625 0.0421875
39 0.4890625 0.440625 0.9015625 0.1109375
23 0.4875 0.3609375 0.309375 0.009375
3 0.3890625 0.3109375 0.0375 0.0234375
3 0.59375 0.309375 0.04375 0.021875
28 0.45 0.3109375 0.0671875 0.0640625
28 0.528125 0.309375 0.06875 0.065625