38 0.378125 0.4984375 0.065625 0.4296875
10 0.04375 0.5 0.0859375 0.4796875
39 0.6609375 0.4984375 0.3015625 0.434375
3 0.046875 0.50625 0.025 0.0953125
38 0.2984375 0.496875 0.0625 0.43125
26 0.91875 0.5 0.1609375 0.4796875
27 0.05 0.7125 0.0265625 0.028125
20 0.21875 0.4984375 0.0625 0.43125
38 0.459375 0.4984375 0.0640625 0.43125
20 0.1375 0.4984375 0.0625 0.43125
28 0.91875 0.4375 0.096875 0.096875
3 0.91875 0.6546875 0.025 0.0375
3 0.9171875 0.334375 0.025 0.05
28 0.9171875 0.559375 0.1 0.1