10 0.5 0.1828125 1 0.0375
3 0.5 0.1828125 0.0984375 0.0203125
16 0.5 0.5 0.8875 0.4828125
3 0.115625 0.296875 0.0859375 0.021875
20 0.2828125 0.3484375 0.4140625 0.0375
20 0.7171875 0.3484375 0.4140625 0.0390625
38 0.2828125 0.40625 0.4140625 0.0375
38 0.7171875 0.40625 0.415625 0.0375
38 0.5 0.4625 0.85 0.0390625
39 0.5 0.55 0.85 0.1046875
23 0.4984375 0.6265625 0.2921875 0.0078125
3 0.40625 0.6734375 0.034375 0.021875
3 0.5984375 0.675 0.0421875 0.0203125
28 0.4625 0.6734375 0.0625 0.0609375
28 0.5359375 0.675 0.0640625 0.0625