16 0.4984375 0.4828125 0.8875 0.5
3 0.1109375 0.271875 0.0625 0.0203125
20 0.2828125 0.3265625 0.415625 0.034375
20 0.7171875 0.325 0.415625 0.0328125
25 0.4875 0.384375 0.81875 0.0375
25 0.4875 0.446875 0.8140625 0.040625
25 0.4859375 0.5109375 0.8203125 0.0390625
25 0.4875 0.575 0.8140625 0.0375
25 0.4859375 0.6390625 0.8140625 0.0375
27 0.9125 0.3859375 0.025 0.01875
27 0.9109375 0.575 0.0234375 0.015625
27 0.9109375 0.4484375 0.025 0.0171875
27 0.9109375 0.6375 0.0234375 0.015625
27 0.9109375 0.5125 0.0234375 0.015625
3 0.3109375 0.4125 0.390625 0.0125
3 0.43125 0.475 0.63125 0.0109375
3 0.4265625 0.5390625 0.621875 0.0109375
3 0.2015625 0.603125 0.16875 0.0109375
3 0.1828125 0.6671875 0.1359375 0.0109375
15 0.8296875 0.696875 0.053125 0.0296875
15 0.896875 0.696875 0.0546875 0.0296875
3 0.8296875 0.696875 0.03125 0.0109375
3 0.8953125 0.696875 0.0328125 0.0109375