10 0.5 0.040625 0.4890625 0.08125
27 0.2859375 0.040625 0.0328125 0.0390625
3 0.4984375 0.0421875 0.1359375 0.0328125
38 0.5 0.1359375 0.4390625 0.05625
38 0.5 0.2171875 0.4375 0.0578125
38 0.5 0.2953125 0.434375 0.0671875
38 0.4984375 0.3796875 0.4359375 0.05625
39 0.5 0.515625 0.4390625 0.1671875
29 0.5 0.6515625 0.4359375 0.05625
18 0.303125 0.734375 0.0328125 0.0296875
3 0.4515625 0.7359375 0.2375 0.025
26 0.4984375 0.896875 0.4859375 0.203125
15 0.4984375 0.8453125 0.434375 0.071875
3 0.4984375 0.8453125 0.084375 0.0203125
15 0.5 0.928125 0.4375 0.0734375
3 0.5 0.928125 0.0875 0.0203125