10 0.5 0.04375 0.48125 0.0875
3 0.5 0.05 0.13125 0.0234375
27 0.290625 0.05 0.0265625 0.0265625
38 0.5 0.140625 0.4296875 0.05625
38 0.4984375 0.2203125 0.43125 0.0546875
38 0.5 0.2984375 0.4296875 0.0625
38 0.5 0.38125 0.4296875 0.0578125
39 0.5 0.515625 0.43125 0.1640625
29 0.5 0.6484375 0.4296875 0.05625
18 0.30625 0.7296875 0.0359375 0.0265625
26 0.5 0.934375 0.48125 0.1296875
15 0.390625 0.921875 0.2109375 0.075
15 0.609375 0.921875 0.209375 0.071875
3 0.3890625 0.9203125 0.0859375 0.0171875
3 0.609375 0.921875 0.084375 0.0171875
3 0.3890625 0.73125 0.1015625 0.021875
3 0.5046875 0.73125 0.1171875 0.01875