10 0.5 0.978125 0.478125 0.0421875
3 0.4875 0.9921875 0.14375 0.015625
38 0.4921875 0.9 0.4625 0.0625
38 0.4921875 0.8109375 0.4625 0.059375
38 0.4921875 0.7265625 0.4625 0.0703125
38 0.4921875 0.6359375 0.4625 0.0640625
39 0.49375 0.4875 0.4640625 0.18125
29 0.4921875 0.340625 0.4625 0.0609375
18 0.278125 0.2515625 0.034375 0.0296875
26 0.5 0.05 0.478125 0.0984375
15 0.371875 0.040625 0.221875 0.08125
15 0.609375 0.040625 0.2296875 0.078125
3 0.3671875 0.040625 0.0953125 0.01875
3 0.609375 0.040625 0.0921875 0.01875
3 0.3671875 0.25 0.1125 0.0234375
3 0.4921875 0.2484375 0.128125 0.0203125