10 0.5 0.040625 0.484375 0.08125
27 0.296875 0.0453125 0.03125 0.0375
3 0.49375 0.04375 0.0625 0.0265625
28 0.709375 0.0453125 0.0640625 0.0484375
38 0.5 0.134375 0.43125 0.0546875
38 0.5 0.215625 0.4328125 0.0546875
38 0.5 0.2921875 0.43125 0.0640625
38 0.5 0.3765625 0.43125 0.05625
39 0.5 0.5109375 0.4328125 0.1640625
29 0.5 0.6453125 0.4328125 0.05625
18 0.30625 0.7265625 0.0296875 0.0296875
3 0.4515625 0.7265625 0.23125 0.028125
26 0.5 0.89375 0.4828125 0.2125
15 0.5 0.8390625 0.4296875 0.0703125
15 0.5 0.91875 0.4328125 0.0734375
3 0.5 0.8390625 0.0890625 0.03125
3 0.503125 0.91875 0.09375 0.025