10 0.04375 0.5 0.0859375 0.4828125
27 0.046875 0.2671875 0.0234375 0.0171875
3 0.046875 0.4875 0.025 0.1390625
38 0.1421875 0.4875 0.059375 0.4578125
38 0.228125 0.4875 0.0625 0.4578125
38 0.3125 0.4875 0.071875 0.4578125
38 0.4015625 0.4890625 0.0640625 0.4578125
39 0.5421875 0.4890625 0.1796875 0.4609375
29 0.6875 0.4875 0.0640625 0.45625
18 0.7734375 0.28125 0.0375 0.0390625
26 0.9609375 0.5 0.0765625 0.4828125
15 0.96875 0.3703125 0.0625 0.2234375
15 0.96875 0.6046875 0.0625 0.2234375
3 0.9765625 0.3671875 0.0265625 0.096875
3 0.978125 0.6046875 0.0203125 0.0921875
3 0.7734375 0.4359375 0.0265625 0.25