10 0.028125 0.5 0.05625 0.4890625
27 0.0234375 0.2703125 0.0296875 0.0296875
3 0.025 0.49375 0.028125 0.1421875
38 0.121875 0.49375 0.0609375 0.4578125
38 0.2078125 0.49375 0.0578125 0.45625
38 0.2890625 0.49375 0.06875 0.45625
38 0.3734375 0.49375 0.0703125 0.45625
39 0.51875 0.49375 0.1734375 0.45625
29 0.6609375 0.49375 0.0609375 0.453125
18 0.7453125 0.290625 0.03125 0.0328125
15 0.8390625 0.49375 0.075 0.4546875
3 0.8375 0.49375 0.021875 0.1109375
3 0.940625 0.4921875 0.0203125 0.090625
3 0.746875 0.4453125 0.021875 0.246875