10 0.9609375 0.5 0.078125 0.484375
27 0.95625 0.2953125 0.0375 0.0328125
3 0.9578125 0.496875 0.028125 0.0640625
28 0.9578125 0.7125 0.0484375 0.059375
38 0.865625 0.503125 0.05625 0.4390625
38 0.7828125 0.503125 0.05625 0.440625
38 0.70625 0.503125 0.065625 0.4390625
38 0.61875 0.503125 0.0578125 0.4390625
39 0.4828125 0.503125 0.1671875 0.440625
29 0.3453125 0.503125 0.0578125 0.4390625
18 0.2625 0.30625 0.03125 0.0296875
3 0.2625 0.4546875 0.028125 0.2359375
26 0.1015625 0.5 0.2015625 0.484375
15 0.15 0.5015625 0.071875 0.4375
15 0.0671875 0.503125 0.075 0.440625
3 0.15 0.503125 0.03125 0.090625
3 0.06875 0.5046875 0.0265625 0.0953125