10 0.5 0.9703125 0.4796875 0.0578125
38 0.5125 0.628125 0.453125 0.0703125
39 0.5109375 0.3265625 0.4546875 0.321875
3 0.6921875 0.0515625 0.0546875 0.0265625
38 0.5125 0.54375 0.4515625 0.06875
27 0.290625 0.98125 0.0328125 0.03125
38 0.5125 0.7171875 0.453125 0.0703125
20 0.5125 0.803125 0.453125 0.0703125
28 0.4484375 0.053125 0.103125 0.1046875
26 0.5 0.0671875 0.4796875 0.134375
20 0.5125 0.8890625 0.453125 0.0671875
3 0.35 0.05 0.040625 0.0265625
3 0.5078125 0.984375 0.1015625 0.025
3 0.4234375 0.884375 0.209375 0.025
28 0.5828125 0.053125 0.109375 0.10625