10 0.5 0.025 0.48125 0.0484375
27 0.7296875 0.009375 0.021875 0.01875
3 0.503125 0.009375 0.14375 0.01875
38 0.5015625 0.10625 0.4734375 0.0625
38 0.503125 0.1953125 0.475 0.0640625
38 0.5015625 0.2796875 0.4703125 0.0734375
38 0.5 0.371875 0.471875 0.065625
39 0.5 0.51875 0.475 0.184375
29 0.5015625 0.665625 0.4703125 0.0671875
18 0.7125 0.7546875 0.0390625 0.0375
26 0.5 0.9546875 0.48125 0.090625
15 0.621875 0.9625 0.2296875 0.075
15 0.38125 0.9625 0.2296875 0.075
3 0.625 0.9640625 0.0984375 0.028125
3 0.38125 0.965625 0.0953125 0.0203125
3 0.5546875 0.75625 0.2578125 0.0265625