10 0.040625 0.5 0.0796875 0.4890625
27 0.040625 0.2859375 0.0390625 0.0328125
3 0.0421875 0.5 0.0328125 0.1359375
38 0.1375 0.5015625 0.0578125 0.440625
38 0.21875 0.5 0.0578125 0.440625
38 0.296875 0.5015625 0.0671875 0.4359375
38 0.3828125 0.5 0.05625 0.4375
39 0.51875 0.5015625 0.1671875 0.440625
29 0.65625 0.5015625 0.05625 0.4390625
18 0.7375 0.3046875 0.03125 0.0328125
3 0.7390625 0.4515625 0.025 0.2390625
26 0.9 0.5 0.2 0.4890625
15 0.85 0.5 0.071875 0.4375
3 0.85 0.5 0.0203125 0.084375
15 0.9328125 0.5 0.0734375 0.440625
3 0.9328125 0.5015625 0.0203125 0.0875