10 0.0421875 0.5 0.0828125 0.478125
3 0.040625 0.5046875 0.0375 0.115625
27 0.040625 0.725 0.0328125 0.028125
38 0.4859375 0.4953125 0.071875 0.465625
38 0.3125 0.4953125 0.0671875 0.4671875
20 0.1359375 0.4953125 0.0671875 0.4671875
38 0.4 0.4953125 0.06875 0.46875
20 0.2234375 0.4953125 0.06875 0.465625
39 0.7046875 0.4953125 0.325 0.46875
26 0.9484375 0.5 0.1015625 0.478125
28 0.965625 0.5640625 0.06875 0.1046875
3 0.9859375 0.3171875 0.0265625 0.05625
3 0.984375 0.6640625 0.0265625 0.0421875
28 0.965625 0.4296875 0.0671875 0.10625