10 0.5 0.0453125 0.484375 0.0890625
27 0.2875 0.053125 0.0265625 0.021875
3 0.5 0.053125 0.13125 0.0234375
38 0.5 0.14375 0.4328125 0.05625
38 0.4984375 0.2234375 0.434375 0.059375
38 0.5 0.3015625 0.43125 0.0671875
38 0.5015625 0.3859375 0.43125 0.059375
39 0.5 0.5203125 0.434375 0.16875
29 0.5 0.65625 0.4296875 0.0609375
18 0.30625 0.7375 0.0359375 0.034375
26 0.5 0.9390625 0.484375 0.1203125
15 0.3890625 0.9296875 0.2109375 0.0734375
15 0.609375 0.9296875 0.209375 0.0765625
3 0.3875 0.928125 0.090625 0.025
3 0.609375 0.9296875 0.0859375 0.01875
3 0.4515625 0.7375 0.2359375 0.025