16 0.5203125 0.509375 0.5109375 0.90625
3 0.734375 0.9046875 0.0203125 0.0640625
20 0.6796875 0.7296875 0.034375 0.4234375
20 0.68125 0.2859375 0.0328125 0.4234375
25 0.6203125 0.521875 0.0375 0.8359375
25 0.55625 0.521875 0.040625 0.83125
25 0.490625 0.521875 0.040625 0.8375
25 0.4265625 0.521875 0.0375 0.83125
25 0.3609375 0.521875 0.0375 0.83125
27 0.61875 0.0875 0.01875 0.025
27 0.425 0.0875 0.015625 0.0234375
27 0.5546875 0.0890625 0.01875 0.025
27 0.3609375 0.0875 0.0171875 0.0234375
27 0.490625 0.0875 0.0171875 0.0234375
3 0.5921875 0.7015625 0.0125 0.3984375
3 0.528125 0.578125 0.0109375 0.64375
3 0.4625 0.5828125 0.0109375 0.634375
3 0.396875 0.8125 0.0109375 0.171875
3 0.3328125 0.83125 0.0125 0.1390625
15 0.3015625 0.171875 0.03125 0.0546875
15 0.3015625 0.103125 0.03125 0.05625
3 0.3015625 0.171875 0.0109375 0.03125
3 0.3015625 0.1046875 0.0109375 0.034375