10 0.5 0.98125 0.4765625 0.0375
3 0.5125 0.99375 0.146875 0.0109375
3 0.36875 0.9140625 0.1703125 0.028125
16 0.5109375 0.784375 0.453125 0.1875
3 0.4578125 0.8265625 0.26875 0.028125
3 0.425 0.628125 0.2046875 0.0234375
16 0.509375 0.20625 0.45625 0.1453125
3 0.4671875 0.2265625 0.2859375 0.0234375
3 0.509375 0.428125 0.3859375 0.0265625
3 0.509375 0.7546875 0.3796875 0.059375
3 0.5046875 0.5546875 0.3828125 0.0578125
3 0.5078125 0.3578125 0.3875 0.059375
3 0.503125 0.159375 0.3796875 0.046875
16 0.5109375 0.584375 0.4546875 0.19375
16 0.5109375 0.3828125 0.4546875 0.1953125
26 0.5 0.065625 0.4765625 0.13125
15 0.5125 0.0796875 0.45 0.0734375
3 0.5125 0.0796875 0.1921875 0.03125