3 0.215625 0.0859375 0.0140625 0.0390625
27 0.2171875 0.053125 0.0125 0.0109375
3 0.2625 0.0859375 0.0203125 0.0890625
3 0.3109375 0.4890625 0.0390625 0.896875
38 0.3703125 0.853125 0.0328125 0.2609375
15 0.3703125 0.0984375 0.03125 0.1109375
27 0.3703125 0.065625 0.0140625 0.015625
3 0.371875 0.1109375 0.0125 0.0609375
15 0.3703125 0.215625 0.0328125 0.1
27 0.371875 0.1875 0.01875 0.01875
3 0.3703125 0.2265625 0.0140625 0.05
10 0.16875 0.5 0.009375 1
12 0.1671875 0.9796875 0.00625 0.034375
21 0.553125 0.5125 0.29375 0.94375