3 0.0984375 0.2421875 0.0375 0.0140625
27 0.065625 0.2421875 0.0109375 0.0125
3 0.096875 0.284375 0.084375 0.0203125
3 0.478125 0.33125 0.846875 0.0375
38 0.821875 0.3875 0.246875 0.03125
15 0.109375 0.3875 0.1046875 0.0296875
27 0.078125 0.3875 0.0140625 0.0125
3 0.121875 0.3875 0.0578125 0.0125
15 0.2203125 0.3875 0.0953125 0.03125
27 0.19375 0.3875 0.0171875 0.01875
3 0.23125 0.3875 0.046875 0.0140625
10 0.5 0.1828125 1 0.0375
27 0.021875 0.1828125 0.01875 0.0171875
3 0.09375 0.184375 0.1 0.01875
27 0.8625 0.184375 0.025 0.015625
12 0.903125 0.1796875 0.0171875 0.0265625
12 0.940625 0.184375 0.0328125 0.0296875
27 0.978125 0.184375 0.00625 0.0171875
21 0.5 0.559375 0.8890625 0.278125