10 0.9421875 0.5 0.0375 1
3 0.9421875 0.4875 0.021875 0.1046875
3 0.7875 0.46875 0.0421875 0.878125
3 0.8375 0.0875 0.021875 0.1140625
16 0.6234375 0.4921875 0.128125 0.915625
3 0.7140625 0.0796875 0.0203125 0.1015625
3 0.6046875 0.4875 0.040625 0.8765625
3 0.653125 0.1453125 0.0171875 0.18125
16 0.4875 0.490625 0.128125 0.9171875
3 0.46875 0.4859375 0.0390625 0.88125
3 0.5171875 0.1453125 0.0203125 0.1875
3 0.33125 0.4859375 0.040625 0.88125
3 0.38125 0.146875 0.01875 0.184375
3 0.0609375 0.4859375 0.04375 0.88125
3 0.1078125 0.1453125 0.01875 0.18125
3 0.19375 0.4890625 0.04375 0.88125
3 0.24375 0.1453125 0.01875 0.1796875
16 0.3515625 0.490625 0.128125 0.91875
16 0.2140625 0.49375 0.125 0.915625
16 0.090625 0.4890625 0.1015625 0.9171875
15 0.7140625 0.8703125 0.0296875 0.15625
27 0.7125 0.8140625 0.0140625 0.0125
3 0.7125 0.8828125 0.0125 0.1046875