10 0.953125 0.5 0.0140625 1
3 0.9578125 0.5125 0.0046875 0.10625
3 0.8109375 0.53125 0.04375 0.8828125
3 0.859375 0.9140625 0.021875 0.115625
16 0.6453125 0.5078125 0.128125 0.9203125
3 0.7375 0.921875 0.021875 0.1015625
3 0.6265625 0.5125 0.040625 0.8796875
3 0.6765625 0.85625 0.0171875 0.18125
16 0.5078125 0.509375 0.128125 0.921875
3 0.490625 0.5140625 0.0390625 0.884375
3 0.5375 0.85625 0.0203125 0.1875
3 0.3515625 0.5140625 0.040625 0.8859375
3 0.4015625 0.85625 0.01875 0.1859375
3 0.0796875 0.5140625 0.0453125 0.884375
3 0.1265625 0.85625 0.01875 0.18125
3 0.2140625 0.5109375 0.04375 0.884375
3 0.2640625 0.85625 0.01875 0.18125
16 0.371875 0.509375 0.128125 0.9234375
16 0.234375 0.50625 0.125 0.9203125
16 0.1 0.5109375 0.1203125 0.921875
15 0.7359375 0.128125 0.03125 0.1578125
27 0.7359375 0.184375 0.0140625 0.0125
3 0.7359375 0.115625 0.0125 0.10625