10 0.5 0.0578125 1 0.0375
3 0.496875 0.0578125 0.1015625 0.021875
3 0.4796875 0.2078125 0.85 0.0421875
3 0.109375 0.159375 0.1109375 0.021875
16 0.5015625 0.3671875 0.8875 0.1234375
3 0.1015625 0.278125 0.0984375 0.0203125
3 0.496875 0.384375 0.8484375 0.0390625
3 0.165625 0.3375 0.175 0.015625
16 0.5 0.4984375 0.8875 0.1234375
3 0.4953125 0.515625 0.853125 0.0375
3 0.165625 0.4703125 0.18125 0.01875
3 0.4953125 0.65 0.853125 0.0390625
3 0.165625 0.6015625 0.178125 0.01875
3 0.4953125 0.9125 0.853125 0.04375
3 0.1640625 0.8671875 0.175 0.0171875
3 0.4984375 0.7828125 0.853125 0.0421875
3 0.165625 0.734375 0.1734375 0.01875
16 0.5 0.6296875 0.8890625 0.1234375
16 0.5015625 0.7625 0.8859375 0.121875
16 0.4984375 0.8953125 0.8890625 0.1234375
15 0.8671875 0.2796875 0.1515625 0.0296875
27 0.8140625 0.2796875 0.0125 0.0140625
3 0.8796875 0.2796875 0.1015625 0.0109375