19 0.3921875 0.15625 0.1203125 0.0328125
19 0.521875 0.15625 0.1140625 0.03125
19 0.6359375 0.1546875 0.0875 0.0328125
3 0.3921875 0.15625 0.1015625 0.0140625
3 0.5234375 0.15625 0.0921875 0.0140625
3 0.640625 0.15625 0.078125 0.015625
3 0.434375 0.0921875 0.1265625 0.0109375
3 0.4453125 0.0734375 0.146875 0.0140625
12 0.621875 0.078125 0.028125 0.0359375
27 0.659375 0.0828125 0.0078125 0.0203125
11 0.3453125 0.08125 0.0375 0.0375
27 0.3421875 0.025 0.0171875 0.0171875
27 0.6578125 0.025 0.021875 0.01875
3 0.5015625 0.0265625 0.1078125 0.015625
37 0.5 0.5984375 0.359375 0.8015625
24 0.5015625 0.471875 0.3390625 0.421875
24 0.5 0.7234375 0.3359375 0.0515625
24 0.5015625 0.7921875 0.3390625 0.05
24 0.5 0.8609375 0.340625 0.053125
24 0.5 0.9296875 0.3390625 0.0515625
3 0.4046875 0.2171875 0.059375 0.015625
3 0.603125 0.215625 0.0453125 0.0125
3 0.39375 0.3546875 0.0921875 0.0140625
3 0.3625 0.334375 0.0328125 0.0140625
3 0.3671875 0.3859375 0.0375 0.0125
3 0.5875 0.3859375 0.1328125 0.0171875
3 0.3921875 0.4515625 0.0953125 0.0140625
3 0.3890625 0.4328125 0.0890625 0.0140625
3 0.365625 0.4828125 0.040625 0.0140625
3 0.6078125 0.4828125 0.0890625 0.015625
3 0.371875 0.528125 0.053125 0.0140625
3 0.39375 0.55 0.090625 0.0140625
3 0.36875 0.5796875 0.0421875 0.0140625
3 0.6046875 0.578125 0.0984375 0.01875
15 0.5 0.6375 0.3046875 0.0375
3 0.5 0.6390625 0.1578125 0.015625
3 0.3984375 0.7234375 0.103125 0.0140625
3 0.38125 0.790625 0.06875 0.0125
3 0.3875 0.859375 0.0796875 0.0125
3 0.4015625 0.928125 0.1078125 0.0125
23 0.5 0.409375 0.3328125 0.003125
23 0.5 0.50625 0.334375 0.0046875
23 0.5 0.6046875 0.334375 0.0046875