19 0.83125 0.60625 0.034375 0.13125
19 0.83125 0.465625 0.034375 0.125
19 0.8328125 0.35625 0.034375 0.06875
3 0.83125 0.60625 0.015625 0.109375
3 0.83125 0.465625 0.0140625 0.1
3 0.83125 0.35 0.0171875 0.0578125
3 0.9 0.5609375 0.0125 0.1375
3 0.9203125 0.55 0.015625 0.1609375
12 0.915625 0.35625 0.0390625 0.03125
11 0.9125 0.6578125 0.040625 0.0421875
27 0.9734375 0.6625 0.01875 0.01875
27 0.9734375 0.3265625 0.0203125 0.009375
3 0.971875 0.4890625 0.0171875 0.1171875
37 0.3921875 0.5 0.784375 0.3578125
24 0.4890625 0.496875 0.459375 0.353125
24 0.215625 0.496875 0.05625 0.3515625
24 0.140625 0.496875 0.0546875 0.353125
24 0.065625 0.4984375 0.0578125 0.3546875
24 0.009375 0.4984375 0.01875 0.353125
3 0.765625 0.5921875 0.0171875 0.0640625
3 0.7671875 0.378125 0.0140625 0.05
3 0.615625 0.60625 0.015625 0.1
3 0.6375 0.6390625 0.0140625 0.0359375
3 0.5828125 0.634375 0.0140625 0.0421875
3 0.5828125 0.3953125 0.01875 0.14375
3 0.5109375 0.60625 0.015625 0.103125
3 0.53125 0.609375 0.015625 0.096875
3 0.4765625 0.6359375 0.015625 0.0453125
3 0.4765625 0.371875 0.0171875 0.096875
3 0.4265625 0.6296875 0.015625 0.0578125
3 0.403125 0.60625 0.015625 0.1
3 0.3703125 0.6328125 0.0140625 0.046875
3 0.371875 0.375 0.0203125 0.10625
15 0.3078125 0.4890625 0.0421875 0.33125
3 0.30625 0.490625 0.0171875 0.171875
3 0.2140625 0.6 0.015625 0.1125
3 0.140625 0.6203125 0.0140625 0.075
3 0.0671875 0.6125 0.0140625 0.0875
23 0.55625 0.496875 0.0046875 0.35
23 0.4515625 0.496875 0.0046875 0.3515625
23 0.3453125 0.496875 0.00625 0.3515625