19 0.3921875 0.153125 0.121875 0.0328125
19 0.5234375 0.1546875 0.115625 0.03125
19 0.6359375 0.153125 0.0875 0.0328125
3 0.3921875 0.1546875 0.1015625 0.0140625
3 0.5234375 0.1546875 0.09375 0.0140625
3 0.640625 0.1546875 0.078125 0.015625
3 0.434375 0.090625 0.1265625 0.0109375
3 0.4453125 0.071875 0.1484375 0.0140625
12 0.6234375 0.075 0.028125 0.0359375
27 0.6609375 0.08125 0.0078125 0.0203125
11 0.3453125 0.078125 0.0390625 0.0375
27 0.340625 0.0234375 0.0171875 0.0171875
27 0.659375 0.021875 0.021875 0.01875
3 0.5015625 0.0234375 0.1078125 0.015625
37 0.5 0.5984375 0.359375 0.803125
24 0.5015625 0.471875 0.3421875 0.4234375
24 0.5 0.725 0.3375 0.0515625
24 0.5015625 0.79375 0.3421875 0.05
24 0.5 0.8625 0.34375 0.053125
24 0.5 0.9328125 0.3421875 0.0515625
3 0.4046875 0.215625 0.059375 0.015625
3 0.603125 0.2125 0.0453125 0.0125
3 0.3921875 0.353125 0.0921875 0.0140625
3 0.3625 0.3328125 0.0328125 0.0140625
3 0.365625 0.384375 0.0390625 0.0125
3 0.5875 0.384375 0.1328125 0.0171875
3 0.3921875 0.4515625 0.0953125 0.015625
3 0.3890625 0.43125 0.0890625 0.0140625
3 0.365625 0.48125 0.040625 0.0140625
3 0.609375 0.48125 0.0890625 0.0171875
3 0.371875 0.528125 0.053125 0.0140625
3 0.3921875 0.55 0.0921875 0.0140625
3 0.3671875 0.5796875 0.04375 0.0140625
3 0.60625 0.5796875 0.0984375 0.01875
15 0.5 0.6375 0.30625 0.0390625
3 0.5 0.6390625 0.159375 0.015625
3 0.3984375 0.725 0.103125 0.0140625
3 0.3796875 0.79375 0.06875 0.0125
3 0.3859375 0.8625 0.08125 0.0125
3 0.4 0.9296875 0.109375 0.0125
23 0.5 0.409375 0.3359375 0.003125
23 0.5 0.50625 0.3359375 0.0046875
23 0.5 0.6046875 0.3375 0.0046875