16 0.5 0.7484375 0.459375 0.353125
38 0.5046875 0.634375 0.425 0.075
38 0.50625 0.73125 0.4265625 0.0765625
38 0.5046875 0.825 0.425 0.075
3 0.3375 0.003125 0.1078125 0.00625
27 0.703125 0.009375 0.040625 0.01875
16 0.4484375 0.3015625 0.3578125 0.4140625
3 0.365625 0.065625 0.165625 0.0234375
3 0.3421875 0.540625 0.121875 0.028125
16 0.6859375 0.3015625 0.0875 0.4171875
3 0.696875 0.1421875 0.065625 0.028125
3 0.3734375 0.14375 0.15 0.03125
3 0.3453125 0.209375 0.096875 0.0203125
3 0.7 0.20625 0.0578125 0.0171875
3 0.3453125 0.38125 0.0921875 0.015625
3 0.7 0.265625 0.0578125 0.0171875
3 0.7 0.321875 0.0578125 0.01875
3 0.7015625 0.3796875 0.05625 0.0171875
3 0.365625 0.2671875 0.1359375 0.01875
3 0.390625 0.321875 0.18125 0.021875
3 0.359375 0.4640625 0.096875 0.0203125
3 0.359375 0.440625 0.053125 0.01875
3 0.7203125 0.4390625 0.01875 0.0140625
3 0.7078125 0.4640625 0.0421875 0.01875
26 0.5 0.9625 0.4609375 0.075
3 0.390625 0.9640625 0.0546875 0.015625
3 0.3890625 0.9890625 0.15 0.021875
27 0.5796875 0.14375 0.0234375 0.028125
3 0.5625 0.209375 0.0703125 0.015625
3 0.58125 0.265625 0.03125 0.01875
3 0.5796875 0.3234375 0.03125 0.015625
3 0.58125 0.38125 0.028125 0.0140625
15 0.528125 0.453125 0.153125 0.0453125
3 0.5296875 0.4546875 0.0796875 0.021875
27 0.5515625 0.38125 0.01875 0.01875
27 0.5515625 0.265625 0.0171875 0.0171875
15 0.61875 0.971875 0.2171875 0.05625
3 0.6171875 0.9765625 0.10625 0.021875
20 0.3921875 0.90625 0.2015625 0.0390625
20 0.6171875 0.90625 0.196875 0.0375
23 0.4484375 0.178125 0.3171875 0.00625
23 0.4484375 0.29375 0.325 0.009375
23 0.45 0.2375 0.328125 0.009375
23 0.4484375 0.3515625 0.3203125 0.0078125
23 0.45 0.4109375 0.325 0.009375
23 0.696875 0.178125 0.065625 0.00625
23 0.696875 0.2359375 0.065625 0.00625
23 0.6953125 0.29375 0.0671875 0.00625
23 0.6953125 0.3515625 0.06875 0.00625
23 0.6953125 0.409375 0.0671875 0.00625