15 0.371875 0.984375 0.203125 0.0296875
3 0.6 0.9921875 0.0546875 0.015625
16 0.496875 0.4328125 0.4546875 0.6921875
38 0.4859375 0.15 0.4328125 0.078125
26 0.5 0.975 0.459375 0.0484375
3 0.3625 0.996875 0.115625 0.00625
18 0.6796875 0.725 0.028125 0.0296875
3 0.646875 0.053125 0.1265625 0.025
38 0.4859375 0.2484375 0.4328125 0.084375
38 0.4859375 0.35 0.4328125 0.0765625
20 0.5953125 0.45 0.2109375 0.0796875
20 0.36875 0.4515625 0.1984375 0.075
39 0.4875 0.5921875 0.434375 0.165625
3 0.6 0.7265625 0.0984375 0.0203125