16 0.25 0.5546875 0.33125 0.353125
3 0.3671875 0.6328125 0.0265625 0.153125
3 0.184375 0.425 0.015625 0.03125
27 0.3671875 0.4265625 0.028125 0.0234375
3 0.0171875 0.6171875 0.0234375 0.153125
23 0.2140625 0.559375 0.00625 0.321875
27 0.24375 0.4546875 0.0171875 0.0171875
3 0.3015625 0.6625 0.015625 0.0984375
27 0.125 0.453125 0.0171875 0.0171875
3 0.24375 0.425 0.0140625 0.0296875
3 0.303125 0.3 0.0171875 0.0625
3 0.1859375 0.3015625 0.0203125 0.0640625
3 0.24375 0.3015625 0.01875 0.0640625
3 0.2421875 0.6421875 0.0171875 0.1375
3 0.125 0.425 0.0140625 0.028125
15 0.03125 0.3875 0.0625 0.221875
3 0.028125 0.3859375 0.0203125 0.1046875
3 0.0421875 0.6171875 0.015625 0.053125
3 0.125 0.6640625 0.015625 0.090625
16 0.25 0.315625 0.33125 0.09375
26 0.0421875 0.5 0.0828125 0.4625
3 0.3015625 0.4453125 0.015625 0.071875
3 0.1265625 0.3 0.015625 0.0625
23 0.2734375 0.559375 0.0046875 0.321875
3 0.3671875 0.3015625 0.03125 0.065625
3 0.1828125 0.6171875 0.025 0.1890625
23 0.1546875 0.559375 0.00625 0.3234375
23 0.096875 0.559375 0.00625 0.3203125
23 0.33125 0.559375 0.0046875 0.325
23 0.3328125 0.30625 0.0046875 0.075
23 0.2734375 0.3046875 0.0046875 0.0703125
23 0.2140625 0.3046875 0.0046875 0.0734375
23 0.15625 0.30625 0.0046875 0.075
23 0.096875 0.30625 0.0046875 0.075
3 0.4453125 0.640625 0.021875 0.16875
16 0.725 0.5 0.4921875 0.4625
3 0.515625 0.690625 0.0203125 0.0453125
3 0.515625 0.3109375 0.01875 0.0453125
3 0.5546875 0.321875 0.0171875 0.065625
3 0.5921875 0.334375 0.01875 0.0890625
3 0.5921875 0.690625 0.0203125 0.0453125
3 0.553125 0.675 0.01875 0.0796875
3 0.63125 0.6515625 0.0140625 0.04375
3 0.6328125 0.5390625 0.015625 0.065625
3 0.6328125 0.421875 0.0140625 0.05
3 0.6328125 0.3140625 0.0140625 0.04375
27 0.6328125 0.696875 0.0234375 0.0296875
27 0.6328125 0.596875 0.0296875 0.028125
27 0.6328125 0.4703125 0.0296875 0.0296875
27 0.6328125 0.359375 0.028125 0.03125
28 0.765625 0.4984375 0.19375 0.4015625
3 0.89375 0.503125 0.0203125 0.18125
3 0.928125 0.503125 0.025 0.09375