3 0.39375 0.0078125 0.146875 0.0140625
3 0.3421875 0.975 0.10625 0.0234375
15 0.6203125 0.0234375 0.2171875 0.046875
27 0.6984375 0.975 0.0421875 0.040625
3 0.3921875 0.0265625 0.0515625 0.015625
16 0.503125 0.5515625 0.4546875 0.65
38 0.50625 0.8171875 0.4203125 0.0734375
26 0.5 0.0328125 0.4609375 0.0640625
3 0.6140625 0.0140625 0.1078125 0.021875
18 0.3171875 0.278125 0.0265625 0.028125
3 0.3484375 0.9078125 0.11875 0.0234375
38 0.5046875 0.725 0.4171875 0.0796875
38 0.5046875 0.628125 0.4171875 0.071875
20 0.3953125 0.5359375 0.1984375 0.075
20 0.615625 0.534375 0.196875 0.0703125
39 0.5046875 0.403125 0.4203125 0.15625
3 0.3921875 0.2765625 0.0921875 0.01875