16 0.44375 0.7578125 0.3484375 0.3359375
3 0.359375 0.6390625 0.1546875 0.0265625
3 0.56875 0.825 0.0328125 0.015625
27 0.56875 0.6390625 0.025 0.028125
3 0.375 0.990625 0.15625 0.0171875
23 0.434375 0.7953125 0.3265625 0.00625
27 0.540625 0.765625 0.0171875 0.0171875
3 0.3296875 0.70625 0.1 0.015625
27 0.540625 0.884375 0.0171875 0.0171875
3 0.5703125 0.765625 0.0296875 0.015625
3 0.6984375 0.7046875 0.0671875 0.0171875
3 0.696875 0.8234375 0.06875 0.0203125
3 0.696875 0.765625 0.06875 0.01875
3 0.35 0.765625 0.1390625 0.01875
3 0.5703125 0.884375 0.0296875 0.015625
15 0.6078125 0.9734375 0.225 0.0515625
3 0.609375 0.9828125 0.10625 0.0203125
3 0.375 0.9703125 0.053125 0.015625
3 0.328125 0.884375 0.0921875 0.0171875
16 0.6828125 0.7578125 0.0984375 0.3359375
26 0.5 0.9640625 0.4625 0.071875
3 0.5484375 0.70625 0.0734375 0.015625
3 0.6984375 0.8828125 0.0671875 0.015625
23 0.434375 0.7359375 0.3265625 0.0046875
3 0.696875 0.6390625 0.0703125 0.03125
3 0.375 0.8265625 0.190625 0.025
23 0.434375 0.8546875 0.3265625 0.00625
23 0.434375 0.9140625 0.325 0.00625
23 0.4328125 0.675 0.328125 0.0046875
23 0.6921875 0.675 0.0796875 0.0046875
23 0.69375 0.734375 0.075 0.0046875
23 0.69375 0.79375 0.078125 0.0046875
23 0.6921875 0.853125 0.0796875 0.0046875
23 0.6921875 0.9125 0.0796875 0.0046875
3 0.3515625 0.559375 0.165625 0.021875
16 0.5 0.2765625 0.4625 0.5
3 0.3 0.4890625 0.0453125 0.0203125
3 0.6859375 0.490625 0.0453125 0.01875
3 0.6734375 0.45 0.065625 0.0171875
3 0.6609375 0.4125 0.090625 0.01875
3 0.3 0.4109375 0.0453125 0.0203125
3 0.315625 0.4515625 0.0796875 0.01875
3 0.340625 0.371875 0.0453125 0.015625
3 0.4546875 0.371875 0.065625 0.015625
3 0.5734375 0.3703125 0.0515625 0.015625
3 0.6828125 0.371875 0.04375 0.0140625
27 0.2953125 0.3703125 0.03125 0.0234375
27 0.396875 0.3703125 0.0296875 0.0296875
27 0.5234375 0.371875 0.03125 0.03125
27 0.6359375 0.3703125 0.03125 0.0296875
28 0.4953125 0.2359375 0.4078125 0.1953125
3 0.490625 0.10625 0.1828125 0.0203125
3 0.490625 0.071875 0.0953125 0.025