3 0.39375 0.9546875 0.140625 0.0203125
3 0.34375 0.0296875 0.1015625 0.021875
15 0.609375 0.9453125 0.2078125 0.0625
27 0.6828125 0.0296875 0.040625 0.0390625
3 0.3921875 0.9328125 0.0484375 0.0140625
16 0.5 0.4328125 0.4359375 0.61875
38 0.5 0.1796875 0.4 0.0703125
26 0.5 0.9484375 0.4609375 0.103125
3 0.603125 0.94375 0.103125 0.0203125
18 0.3203125 0.69375 0.025 0.0265625
3 0.35 0.09375 0.1125 0.0234375
38 0.4984375 0.2671875 0.396875 0.075
38 0.5 0.359375 0.396875 0.06875
20 0.3953125 0.4484375 0.1875 0.0703125
20 0.6046875 0.45 0.1875 0.0671875
39 0.5 0.575 0.4 0.1484375
3 0.3921875 0.69375 0.0875 0.01875