16 0.4484375 0.7421875 0.3328125 0.3046875
3 0.378125 0.6328125 0.140625 0.0234375
3 0.5703125 0.8015625 0.0296875 0.0140625
27 0.5703125 0.6328125 0.021875 0.0265625
3 0.39375 0.95625 0.140625 0.021875
23 0.4484375 0.775 0.296875 0.0046875
27 0.54375 0.746875 0.015625 0.015625
3 0.3515625 0.69375 0.090625 0.0140625
27 0.54375 0.85625 0.015625 0.015625
3 0.5703125 0.746875 0.0265625 0.0140625
3 0.69375 0.69375 0.0734375 0.015625
3 0.69375 0.8015625 0.075 0.0171875
3 0.69375 0.746875 0.075 0.0171875
3 0.3703125 0.7484375 0.1265625 0.0171875
3 0.571875 0.85625 0.0265625 0.0140625
15 0.60625 0.9453125 0.2046875 0.0640625
3 0.6078125 0.9453125 0.096875 0.01875
3 0.39375 0.9328125 0.0484375 0.0140625
3 0.35 0.85625 0.084375 0.015625
16 0.6796875 0.740625 0.1015625 0.3046875
26 0.5 0.9484375 0.4609375 0.103125
3 0.5515625 0.69375 0.0671875 0.0140625
3 0.6953125 0.8546875 0.0734375 0.0140625
23 0.446875 0.7203125 0.296875 0.0046875
3 0.69375 0.6328125 0.0765625 0.028125
3 0.39375 0.803125 0.1734375 0.0234375
23 0.446875 0.828125 0.296875 0.00625
23 0.4484375 0.8828125 0.2953125 0.0046875
23 0.446875 0.665625 0.2984375 0.003125
23 0.6890625 0.665625 0.084375 0.0046875
23 0.690625 0.7203125 0.08125 0.0046875
23 0.6890625 0.775 0.0828125 0.0046875
23 0.6890625 0.828125 0.084375 0.0046875
23 0.6890625 0.8828125 0.084375 0.0046875
3 0.371875 0.5609375 0.1546875 0.0203125
16 0.5 0.3046875 0.4375 0.453125
3 0.325 0.496875 0.040625 0.01875
3 0.6765625 0.496875 0.040625 0.0171875
3 0.665625 0.4609375 0.059375 0.015625
3 0.6546875 0.4265625 0.08125 0.0171875
3 0.325 0.4265625 0.040625 0.01875
3 0.340625 0.4625 0.0734375 0.0171875
3 0.3625 0.3890625 0.040625 0.0140625
3 0.4671875 0.3890625 0.059375 0.0140625
3 0.5734375 0.3890625 0.046875 0.0140625
3 0.6734375 0.3890625 0.0390625 0.0125
27 0.3203125 0.3875 0.028125 0.021875
27 0.4125 0.3875 0.0265625 0.0265625
27 0.528125 0.3890625 0.028125 0.028125
27 0.63125 0.3890625 0.028125 0.0265625
28 0.503125 0.265625 0.3703125 0.178125
3 0.4984375 0.1484375 0.1671875 0.01875
3 0.4984375 0.1171875 0.0859375 0.0234375
3 0.3421875 0.0296875 0.10625 0.025
27 0.6859375 0.0296875 0.0375 0.0390625