16 0.496875 0.753125 0.453125 0.35625
38 0.4875 0.6390625 0.428125 0.075
38 0.4875 0.7359375 0.4296875 0.0765625
38 0.4875 0.83125 0.4296875 0.0765625
27 0.6875 0.0078125 0.040625 0.015625
16 0.440625 0.303125 0.340625 0.41875
3 0.35 0.0625 0.159375 0.0234375
3 0.328125 0.54375 0.1140625 0.0265625
16 0.678125 0.303125 0.1046875 0.421875
3 0.6890625 0.140625 0.0828125 0.028125
3 0.3546875 0.1421875 0.1515625 0.03125
3 0.325 0.2078125 0.0984375 0.0203125
3 0.69375 0.20625 0.075 0.0171875
3 0.325 0.3828125 0.0921875 0.015625
3 0.6921875 0.265625 0.075 0.0171875
3 0.6921875 0.3234375 0.075 0.0203125
3 0.69375 0.38125 0.0734375 0.0171875
3 0.346875 0.2671875 0.1375 0.01875
3 0.371875 0.3234375 0.184375 0.021875
3 0.340625 0.465625 0.0984375 0.0203125
3 0.340625 0.44375 0.053125 0.01875
3 0.7125 0.4421875 0.0359375 0.0140625
3 0.7015625 0.465625 0.059375 0.01875
26 0.5 0.965625 0.459375 0.0671875
3 0.371875 0.971875 0.0546875 0.015625
3 0.3703125 0.9921875 0.1515625 0.0140625
27 0.5625 0.1421875 0.025 0.028125
3 0.5453125 0.2078125 0.0703125 0.0171875
3 0.5640625 0.265625 0.03125 0.01875
3 0.5640625 0.325 0.03125 0.015625
3 0.5640625 0.3828125 0.0296875 0.0140625
15 0.5109375 0.45625 0.1546875 0.0453125
3 0.5109375 0.45625 0.0796875 0.021875
27 0.534375 0.3828125 0.01875 0.01875
27 0.534375 0.265625 0.0171875 0.0171875
15 0.6015625 0.975 0.21875 0.0484375
3 0.6015625 0.984375 0.10625 0.0234375
20 0.3734375 0.9125 0.2046875 0.0390625
20 0.6015625 0.9125 0.1984375 0.0390625
23 0.43125 0.1765625 0.3203125 0.00625
23 0.43125 0.29375 0.321875 0.009375
23 0.434375 0.2359375 0.328125 0.009375
23 0.43125 0.353125 0.3203125 0.00625
23 0.4328125 0.4109375 0.325 0.009375
23 0.6890625 0.1765625 0.0828125 0.00625
23 0.6890625 0.2359375 0.0828125 0.00625
23 0.6875 0.29375 0.084375 0.00625
23 0.6875 0.353125 0.0859375 0.00625
23 0.6875 0.4109375 0.084375 0.00625