16 0.5015625 0.7265625 0.4359375 0.328125
38 0.5 0.6203125 0.3953125 0.0703125
38 0.5015625 0.709375 0.396875 0.0703125
38 0.5015625 0.7984375 0.3953125 0.0703125
3 0.3453125 0.025 0.1 0.021875
27 0.6859375 0.0265625 0.0390625 0.0390625
16 0.4484375 0.3109375 0.3328125 0.3859375
3 0.371875 0.090625 0.1546875 0.021875
3 0.35 0.5328125 0.1140625 0.025
16 0.6796875 0.3109375 0.103125 0.3890625
3 0.6890625 0.1625 0.08125 0.0265625
3 0.378125 0.1625 0.1390625 0.028125
3 0.3515625 0.2234375 0.090625 0.01875
3 0.69375 0.221875 0.075 0.015625
3 0.3515625 0.384375 0.0859375 0.015625
3 0.69375 0.2765625 0.075 0.015625
3 0.6921875 0.3296875 0.075 0.0171875
3 0.69375 0.384375 0.0734375 0.015625
3 0.371875 0.2765625 0.1265625 0.0171875
3 0.39375 0.3296875 0.16875 0.0203125
3 0.365625 0.4609375 0.090625 0.01875
3 0.365625 0.440625 0.0484375 0.0171875
3 0.7109375 0.4390625 0.0375 0.0140625
3 0.7 0.4609375 0.0609375 0.0171875
26 0.5 0.9453125 0.459375 0.1078125
3 0.39375 0.9265625 0.05 0.015625
3 0.39375 0.95 0.1390625 0.021875
27 0.5703125 0.1625 0.021875 0.025
3 0.5546875 0.2234375 0.065625 0.015625
3 0.571875 0.2765625 0.028125 0.0171875
3 0.5703125 0.33125 0.0296875 0.0140625
3 0.571875 0.384375 0.0265625 0.0125
15 0.521875 0.4515625 0.1421875 0.0421875
3 0.5234375 0.453125 0.0734375 0.0203125
27 0.54375 0.384375 0.0171875 0.0171875
27 0.54375 0.2765625 0.015625 0.015625
15 0.60625 0.9390625 0.2015625 0.0609375
3 0.60625 0.9390625 0.0984375 0.0203125
20 0.396875 0.871875 0.1875 0.0359375
20 0.60625 0.871875 0.1828125 0.0359375
23 0.4484375 0.1953125 0.2953125 0.00625
23 0.4484375 0.303125 0.3015625 0.009375
23 0.45 0.25 0.3046875 0.009375
23 0.4484375 0.35625 0.2984375 0.00625
23 0.45 0.4109375 0.3015625 0.0078125
23 0.690625 0.1953125 0.08125 0.00625
23 0.6890625 0.25 0.0828125 0.00625
23 0.6890625 0.303125 0.0828125 0.00625
23 0.6890625 0.3578125 0.084375 0.00625
23 0.6890625 0.4109375 0.0828125 0.00625