10 0.8078125 0.5 0.05625 1
27 0.8078125 0.0984375 0.015625 0.0140625
27 0.8078125 0.1390625 0.0140625 0.0140625
27 0.8078125 0.021875 0.0125 0.0046875
28 0.80625 0.928125 0.03125 0.065625
27 0.80625 0.9765625 0.0109375 0.0171875
11 0.8078125 0.059375 0.028125 0.0296875
3 0.7234375 0.86875 0.01875 0.153125
3 0.690625 0.5859375 0.015625 0.7140625
35 0.44375 0.5 0.4328125 0.9
38 0.5515625 0.7171875 0.034375 0.4171875
38 0.5515625 0.2828125 0.0328125 0.4171875
38 0.49375 0.2828125 0.034375 0.4171875
20 0.49375 0.7171875 0.034375 0.4171875
20 0.3796875 0.7171875 0.034375 0.4171875
20 0.38125 0.2828125 0.034375 0.4171875
29 0.3234375 0.7171875 0.034375 0.4171875
20 0.3234375 0.2828125 0.034375 0.4171875
38 0.4375 0.7171875 0.034375 0.41875
38 0.4375 0.2828125 0.034375 0.4171875
15 0.2671875 0.1078125 0.03125 0.0671875
3 0.26875 0.184375 0.0125 0.0421875
3 0.2671875 0.109375 0.0125 0.0453125
3 0.6265625 0.8578125 0.015625 0.0890625
3 0.628125 0.490625 0.0140625 0.084375
3 0.628125 0.121875 0.0171875 0.09375
23 0.6265625 0.6875 0.00625 0.1515625
23 0.6265625 0.3234375 0.00625 0.15625