10 0.8109375 0.5 0.05 1
27 0.8171875 0.925 0.015625 0.015625
27 0.8171875 0.9703125 0.01875 0.015625
28 0.8171875 0.046875 0.034375 0.071875
3 0.725 0.1015625 0.01875 0.1484375
21 0.45 0.5140625 0.3109375 0.9703125
15 0.6328125 0.1125 0.034375 0.165625
27 0.6328125 0.0546875 0.0125 0.0125
3 0.6875 0.3078125 0.0171875 0.5640625
15 0.6328125 0.290625 0.0359375 0.1703125
27 0.63125 0.23125 0.01875 0.0140625
3 0.63125 0.3046875 0.015625 0.109375
3 0.6328125 0.1265625 0.0125 0.1078125
38 0.6328125 0.8703125 0.034375 0.2578125