10 0.8140625 0.5 0.040625 1
27 0.8234375 0.046875 0.0171875 0.015625
27 0.8234375 0.0921875 0.015625 0.015625
28 0.8203125 0.95 0.028125 0.0703125
27 0.8234375 0.996875 0.0125 0.00625
11 0.8203125 0.0109375 0.0265625 0.021875
3 0.7328125 0.884375 0.0203125 0.1671875
3 0.696875 0.5765625 0.0171875 0.7765625
35 0.428125 0.4859375 0.4703125 0.971875
38 0.54375 0.71875 0.0375 0.453125
38 0.5453125 0.2484375 0.0359375 0.453125
38 0.4828125 0.2484375 0.0375 0.453125
20 0.4828125 0.71875 0.0375 0.453125
20 0.359375 0.71875 0.0375 0.453125
20 0.359375 0.2484375 0.0375 0.453125
29 0.296875 0.71875 0.0375 0.453125
20 0.296875 0.2484375 0.0375 0.453125
38 0.4203125 0.71875 0.0375 0.4546875
38 0.4203125 0.2484375 0.0375 0.453125
15 0.2375 0.0578125 0.034375 0.0734375
3 0.2375 0.140625 0.0140625 0.0453125
3 0.2375 0.059375 0.0125 0.05
3 0.6265625 0.871875 0.0171875 0.096875
3 0.628125 0.4734375 0.015625 0.0921875
3 0.628125 0.0734375 0.01875 0.1015625
23 0.6265625 0.6875 0.0078125 0.165625
23 0.6265625 0.290625 0.0078125 0.1703125