10 0.5 0.1921875 1 0.05625
27 0.8609375 0.1921875 0.0140625 0.0140625
11 0.940625 0.1921875 0.0296875 0.028125
27 0.9015625 0.1921875 0.0140625 0.015625
28 0.071875 0.19375 0.0640625 0.03125
27 0.0234375 0.19375 0.0171875 0.0109375
27 0.978125 0.1921875 0.0046875 0.0125
3 0.121875 0.2765625 0.1328125 0.015625
21 0.5015625 0.5234375 0.890625 0.2796875
15 0.13125 0.359375 0.1484375 0.0296875
27 0.0796875 0.3578125 0.0125 0.0109375
3 0.30625 0.309375 0.50625 0.015625
15 0.290625 0.359375 0.153125 0.03125
27 0.2375 0.359375 0.0125 0.015625
3 0.303125 0.359375 0.0984375 0.0140625
3 0.14375 0.359375 0.096875 0.0125
38 0.821875 0.3578125 0.246875 0.03125