10 0.5 0.1921875 1 0.0546875
27 0.021875 0.1921875 0.01875 0.015625
27 0.859375 0.1921875 0.0171875 0.0171875
27 0.9015625 0.19375 0.0203125 0.01875
27 0.978125 0.19375 0.0125 0.0171875
28 0.0734375 0.19375 0.065625 0.0390625
11 0.9390625 0.19375 0.0296875 0.028125
3 0.1296875 0.2765625 0.1515625 0.0203125
3 0.4140625 0.3078125 0.715625 0.015625
35 0.4984375 0.5578125 0.9 0.44375
20 0.2828125 0.4484375 0.4171875 0.0328125
20 0.7171875 0.4484375 0.415625 0.034375
20 0.7171875 0.50625 0.4171875 0.0328125
20 0.2828125 0.50625 0.4171875 0.0359375
38 0.2828125 0.5625 0.4171875 0.0359375
38 0.2828125 0.6203125 0.4171875 0.0359375
38 0.7171875 0.5625 0.4171875 0.034375
38 0.715625 0.61875 0.4171875 0.0359375
38 0.5 0.6765625 0.85 0.0359375
3 0.775 0.7328125 0.11875 0.0125
15 0.890625 0.7328125 0.06875 0.03125
3 0.6609375 0.73125 0.040625 0.0125
3 0.890625 0.73125 0.0421875 0.0140625
3 0.14375 0.3734375 0.0875 0.015625
3 0.509375 0.371875 0.0859375 0.0140625
3 0.878125 0.371875 0.09375 0.015625
23 0.3140625 0.3734375 0.15625 0.0078125
23 0.678125 0.371875 0.153125 0.00625