3 0.9359375 0.2234375 0.1265625 0.0203125
3 0.625 0.2578125 0.75 0.0171875
35 0.528125 0.5328125 0.94375 0.4875
20 0.7796875 0.4125 0.440625 0.0359375
20 0.309375 0.4125 0.4578125 0.0375
20 0.309375 0.4765625 0.459375 0.0375
20 0.778125 0.475 0.4421875 0.0390625
38 0.7796875 0.5375 0.440625 0.040625
38 0.778125 0.6015625 0.4421875 0.040625
38 0.3109375 0.5375 0.459375 0.0390625
38 0.3109375 0.6 0.459375 0.0390625
38 0.540625 0.6625 0.9171875 0.0390625
3 0.246875 0.7234375 0.1296875 0.0140625
15 0.11875 0.7234375 0.0765625 0.034375
3 0.3703125 0.7234375 0.0453125 0.0140625
3 0.1203125 0.7234375 0.046875 0.015625
3 0.940625 0.3296875 0.096875 0.0171875
3 0.5375 0.328125 0.0953125 0.015625
3 0.1328125 0.328125 0.103125 0.0171875
23 0.753125 0.3296875 0.1703125 0.0078125
23 0.3515625 0.328125 0.16875 0.00625