10 0.8046875 0.5 0.0578125 1
27 0.80625 0.0953125 0.015625 0.015625
11 0.8078125 0.0125 0.03125 0.025
27 0.80625 0.05 0.0171875 0.015625
28 0.80625 0.9515625 0.034375 0.0703125
3 0.715625 0.8984375 0.0171875 0.1453125
21 0.446875 0.4859375 0.303125 0.9671875
15 0.6265625 0.8890625 0.0328125 0.1609375
27 0.6265625 0.94375 0.0125 0.0125
3 0.68125 0.696875 0.0171875 0.55
15 0.6265625 0.7140625 0.034375 0.165625
27 0.6265625 0.771875 0.0171875 0.0140625
3 0.6265625 0.7 0.015625 0.1078125
3 0.6265625 0.875 0.0125 0.10625
38 0.6265625 0.1390625 0.0328125 0.2671875