10 0.80625 0.5 0.0546875 0.9984375
27 0.80625 0.1453125 0.0171875 0.01875
27 0.8046875 0.1 0.0203125 0.0203125
27 0.80625 0.021875 0.01875 0.0140625
28 0.8046875 0.9640625 0.040625 0.06875
11 0.8046875 0.0609375 0.0296875 0.03125
3 0.71875 0.90625 0.0203125 0.159375
3 0.6859375 0.609375 0.015625 0.746875
35 0.425 0.521875 0.4625 0.9390625
20 0.5390625 0.746875 0.034375 0.434375
20 0.5390625 0.29375 0.0359375 0.434375
20 0.4796875 0.29375 0.034375 0.434375
20 0.4796875 0.7453125 0.0375 0.434375
38 0.4203125 0.746875 0.0375 0.434375
38 0.3609375 0.7453125 0.0375 0.4359375
38 0.4203125 0.29375 0.0359375 0.434375
38 0.3609375 0.29375 0.0375 0.4359375
38 0.3015625 0.5203125 0.0375 0.8875
3 0.24375 0.2328125 0.0140625 0.1234375
15 0.24375 0.1109375 0.0328125 0.071875
3 0.24375 0.3515625 0.0125 0.0421875
3 0.24375 0.1125 0.015625 0.04375
3 0.61875 0.8921875 0.0171875 0.0921875
3 0.61875 0.509375 0.0140625 0.090625
3 0.61875 0.125 0.0171875 0.0984375
23 0.6171875 0.7125 0.0078125 0.1625
23 0.61875 0.3328125 0.00625 0.1609375