10 0.5 0.1921875 1 0.05625
27 0.9015625 0.1921875 0.0140625 0.015625
27 0.8609375 0.1921875 0.0140625 0.0140625
27 0.978125 0.1921875 0.0046875 0.0125
28 0.071875 0.19375 0.065625 0.03125
27 0.0234375 0.19375 0.0171875 0.0109375
11 0.940625 0.1921875 0.0296875 0.028125
3 0.13125 0.2765625 0.153125 0.01875
3 0.4140625 0.309375 0.7140625 0.015625
35 0.5 0.55625 0.9 0.4328125
38 0.2828125 0.4484375 0.4171875 0.034375
38 0.7171875 0.4484375 0.4171875 0.0328125
38 0.7171875 0.50625 0.4171875 0.034375
20 0.2828125 0.50625 0.4171875 0.034375
20 0.2828125 0.6203125 0.4171875 0.034375
20 0.7171875 0.61875 0.4171875 0.034375
29 0.2828125 0.6765625 0.4171875 0.034375
20 0.7171875 0.6765625 0.4171875 0.034375
38 0.2828125 0.5625 0.41875 0.034375
38 0.7171875 0.5625 0.4171875 0.034375
15 0.8921875 0.7328125 0.0671875 0.03125
3 0.815625 0.73125 0.0421875 0.0125
3 0.890625 0.7328125 0.0453125 0.0125
3 0.1421875 0.3734375 0.0890625 0.015625
3 0.509375 0.371875 0.084375 0.0140625
3 0.878125 0.371875 0.09375 0.0171875
23 0.3125 0.3734375 0.1515625 0.00625
23 0.6765625 0.3734375 0.15625 0.00625