10 0.03125 0.5 0.0625 0.484375
27 0.0234375 0.7328125 0.025 0.0171875
27 0.0234375 0.2734375 0.03125 0.03125
3 0.025 0.50625 0.0265625 0.13125
16 0.1125 0.5 0.09375 0.484375
38 0.1125 0.5046875 0.0640625 0.4734375
16 0.4875 0.5 0.609375 0.484375
3 0.246875 0.5 0.021875 0.484375
3 0.2140625 0.7046875 0.025 0.075
3 0.3109375 0.703125 0.0203125 0.078125
3 0.5046875 0.703125 0.01875 0.078125
3 0.7265625 0.703125 0.01875 0.078125
3 0.4078125 0.703125 0.0171875 0.078125
3 0.34375 0.5 0.0203125 0.484375
3 0.6359375 0.5046875 0.0203125 0.475
3 0.6015625 0.703125 0.0171875 0.078125
3 0.5375 0.5 0.0234375 0.484375
3 0.6640625 0.5 0.0203125 0.484375
3 0.7625 0.5015625 0.0203125 0.48125
3 0.4390625 0.5 0.0234375 0.484375