10 0.5 0.965625 0.484375 0.0671875
27 0.2796875 0.9703125 0.0234375 0.025
27 0.7296875 0.9734375 0.028125 0.03125
3 0.503125 0.9703125 0.128125 0.0265625
16 0.5 0.884375 0.484375 0.090625
38 0.50625 0.884375 0.4625 0.0625
16 0.5 0.5171875 0.484375 0.5953125
3 0.5015625 0.753125 0.4828125 0.0203125
3 0.3046875 0.784375 0.090625 0.021875
3 0.3046875 0.690625 0.09375 0.01875
3 0.3046875 0.5 0.0921875 0.0171875
3 0.3046875 0.2828125 0.0921875 0.0171875
3 0.3046875 0.596875 0.0921875 0.0171875
3 0.5 0.6578125 0.484375 0.01875
3 0.4984375 0.3734375 0.4796875 0.01875
3 0.3046875 0.40625 0.0921875 0.0171875
3 0.5 0.46875 0.484375 0.021875
3 0.5 0.3453125 0.484375 0.01875
3 0.5 0.25 0.484375 0.01875
3 0.5 0.5640625 0.484375 0.021875