38 0.4953125 0.05625 0.4890625 0.0609375
16 0.4953125 0.15625 0.490625 0.11875
16 0.496875 0.2828125 0.4921875 0.11875
16 0.4953125 0.4125 0.490625 0.1171875
16 0.4953125 0.54375 0.4890625 0.1171875
16 0.4953125 0.6703125 0.4890625 0.1203125
16 0.4953125 0.796875 0.4890625 0.11875
16 0.4953125 0.8875 0.4890625 0.04375
13 0.5 0.95625 0.5 0.0875
3 0.6796875 0.98125 0.09375 0.01875
27 0.68125 0.946875 0.034375 0.03125
3 0.5484375 0.98125 0.0390625 0.0171875
27 0.55 0.946875 0.0390625 0.03125
3 0.4171875 0.98125 0.0453125 0.0203125
27 0.41875 0.946875 0.0359375 0.03125
3 0.28125 0.98125 0.05625 0.0203125
27 0.284375 0.946875 0.034375 0.034375
3 0.4890625 0.175 0.4484375 0.025
3 0.6140625 0.1390625 0.203125 0.025
3 0.4890625 0.3046875 0.4453125 0.0234375
3 0.646875 0.2671875 0.1328125 0.0265625
3 0.490625 0.43125 0.45 0.0265625
3 0.540625 0.396875 0.346875 0.0296875
3 0.4890625 0.559375 0.4515625 0.021875
3 0.4875 0.5234375 0.453125 0.0234375
3 0.4890625 0.6890625 0.45 0.0234375
3 0.61875 0.653125 0.1828125 0.0265625
3 0.4890625 0.8171875 0.4453125 0.021875
3 0.640625 0.78125 0.1421875 0.0265625
3 0.634375 0.903125 0.1625 0.0171875