10 0.0359375 0.5 0.0703125 0.4953125
27 0.03125 0.2953125 0.025 0.034375
27 0.0296875 0.7359375 0.0296875 0.021875
28 0.0328125 0.5171875 0.0375 0.184375
38 0.121875 0.50625 0.05625 0.48125
16 0.2171875 0.50625 0.1140625 0.4796875
16 0.3421875 0.50625 0.1125 0.4796875
16 0.4671875 0.50625 0.115625 0.4796875
16 0.590625 0.50625 0.1109375 0.48125
16 0.7171875 0.50625 0.1140625 0.48125
16 0.840625 0.50625 0.1140625 0.4796875
16 0.93125 0.50625 0.0421875 0.4796875
13 0.9765625 0.5 0.0453125 0.4953125
27 0.9859375 0.321875 0.028125 0.03125
27 0.9859375 0.45 0.028125 0.0328125
27 0.9859375 0.578125 0.028125 0.0296875
27 0.9859375 0.7078125 0.028125 0.0296875
3 0.2015625 0.3875 0.021875 0.1921875
3 0.2359375 0.509375 0.021875 0.434375
3 0.325 0.3546875 0.021875 0.121875
3 0.3609375 0.509375 0.0203125 0.434375
3 0.4515625 0.45625 0.025 0.3265625
3 0.4859375 0.5078125 0.021875 0.434375
3 0.575 0.5109375 0.0234375 0.4375
3 0.6109375 0.5078125 0.021875 0.4328125
3 0.7 0.3828125 0.025 0.1796875
3 0.734375 0.5078125 0.0203125 0.434375
3 0.8265625 0.3609375 0.0234375 0.1359375
3 0.859375 0.5078125 0.0203125 0.434375
3 0.94375 0.3703125 0.015625 0.159375