10 0.5 0.98125 0.5 0.0375
27 0.278125 0.9875 0.03125 0.0234375
3 0.50625 0.9890625 0.14375 0.021875
38 0.50625 0.903125 0.4890625 0.0578125
16 0.50625 0.8078125 0.490625 0.1125
16 0.5046875 0.6875 0.4921875 0.1125
16 0.50625 0.5640625 0.490625 0.1109375
16 0.50625 0.440625 0.4890625 0.1109375
16 0.50625 0.3203125 0.4890625 0.1140625
16 0.50625 0.1984375 0.4890625 0.1125
16 0.50625 0.1125 0.4890625 0.040625
13 0.5 0.0453125 0.5 0.0890625
3 0.3171875 0.0234375 0.0890625 0.0171875
27 0.3171875 0.05625 0.0328125 0.0296875
3 0.44375 0.0234375 0.0359375 0.0171875
27 0.4421875 0.05625 0.0359375 0.0296875
3 0.5671875 0.0234375 0.04375 0.01875
27 0.5671875 0.05625 0.034375 0.0296875
3 0.696875 0.0234375 0.053125 0.01875
27 0.6953125 0.05625 0.0328125 0.0328125
3 0.5 0.790625 0.4265625 0.0234375
3 0.38125 0.8234375 0.19375 0.0234375
3 0.5 0.6671875 0.4234375 0.021875
3 0.3484375 0.703125 0.1265625 0.025
3 0.4984375 0.546875 0.428125 0.025
3 0.45 0.578125 0.3296875 0.028125
3 0.5 0.4234375 0.4296875 0.021875
3 0.5015625 0.4578125 0.4296875 0.021875
3 0.5 0.3015625 0.428125 0.021875
3 0.3765625 0.3359375 0.1734375 0.025
3 0.5 0.1796875 0.4234375 0.021875
3 0.3546875 0.2140625 0.1359375 0.025
3 0.3609375 0.0984375 0.1546875 0.0171875