10 0.95625 0.5 0.0859375 0.496875
27 0.9515625 0.7078125 0.0234375 0.03125
27 0.9515625 0.2828125 0.0296875 0.0265625
28 0.9515625 0.4953125 0.0359375 0.1765625
38 0.865625 0.496875 0.053125 0.475
16 0.7734375 0.4953125 0.109375 0.475
16 0.6546875 0.4953125 0.1078125 0.4765625
16 0.5359375 0.4953125 0.109375 0.475
16 0.4171875 0.4953125 0.1046875 0.478125
16 0.2984375 0.4953125 0.1078125 0.4796875
16 0.1796875 0.4953125 0.1078125 0.475
16 0.0953125 0.496875 0.040625 0.475
13 0.0375 0.5 0.0734375 0.496875
27 0.0421875 0.68125 0.0296875 0.03125
27 0.0421875 0.559375 0.0265625 0.03125
27 0.0421875 0.4359375 0.028125 0.028125
27 0.0421875 0.3125 0.03125 0.028125
3 0.0109375 0.68125 0.0171875 0.084375
3 0.0109375 0.5578125 0.015625 0.03125
3 0.0109375 0.4375 0.015625 0.040625
3 0.0109375 0.3109375 0.0171875 0.0515625
3 0.7890625 0.61875 0.021875 0.1828125
3 0.7578125 0.503125 0.0203125 0.4140625
3 0.6734375 0.65 0.0203125 0.1171875
3 0.6375 0.503125 0.01875 0.4140625
3 0.5515625 0.553125 0.0234375 0.3109375
3 0.51875 0.5046875 0.021875 0.4125
3 0.4328125 0.5015625 0.021875 0.415625
3 0.4 0.503125 0.0203125 0.4109375
3 0.3140625 0.6234375 0.0234375 0.1703125
3 0.2828125 0.503125 0.01875 0.4125
3 0.1953125 0.6453125 0.0234375 0.1296875
3 0.1625 0.5046875 0.01875 0.4140625
3 0.0828125 0.6359375 0.015625 0.1515625