10 0.5 0.0328125 0.5015625 0.0625
27 0.278125 0.0375 0.0296875 0.028125
3 0.4984375 0.0390625 0.1390625 0.0234375
38 0.5 0.1234375 0.471875 0.0546875
16 0.4984375 0.215625 0.471875 0.1078125
16 0.4984375 0.33125 0.4765625 0.1078125
16 0.4984375 0.4484375 0.4734375 0.1078125
16 0.5 0.5671875 0.471875 0.10625
16 0.5 0.684375 0.471875 0.109375
16 0.5 0.8015625 0.4734375 0.1078125
16 0.4984375 0.884375 0.4703125 0.040625
13 0.5 0.953125 0.5015625 0.09375
3 0.3171875 0.96875 0.0859375 0.0171875
27 0.315625 0.9375 0.03125 0.0296875
3 0.4375 0.96875 0.034375 0.015625
27 0.4359375 0.9375 0.034375 0.0296875
3 0.5578125 0.96875 0.0421875 0.01875
27 0.55625 0.9375 0.0328125 0.028125
3 0.6828125 0.96875 0.0515625 0.01875
27 0.6796875 0.9375 0.03125 0.03125
3 0.4921875 0.2296875 0.4109375 0.0234375
3 0.378125 0.1984375 0.1859375 0.0234375
3 0.4921875 0.3484375 0.4078125 0.021875
3 0.346875 0.3140625 0.121875 0.0234375
3 0.490625 0.465625 0.4125 0.0234375
3 0.4453125 0.434375 0.31875 0.0265625
3 0.4921875 0.5828125 0.4140625 0.0203125
3 0.49375 0.55 0.4140625 0.021875
3 0.4921875 0.7015625 0.4125 0.021875
3 0.371875 0.6671875 0.1671875 0.025
3 0.4921875 0.81875 0.4078125 0.0203125
3 0.353125 0.7859375 0.13125 0.0234375
3 0.359375 0.896875 0.1484375 0.015625