10 0.5 0.04375 0.496875 0.0859375
27 0.29375 0.0484375 0.03125 0.0234375
27 0.7078125 0.0484375 0.025 0.028125
28 0.5 0.05 0.171875 0.034375
38 0.5 0.1328125 0.465625 0.053125
16 0.5 0.2234375 0.465625 0.10625
16 0.5 0.3390625 0.4671875 0.1046875
16 0.5 0.45625 0.465625 0.10625
16 0.5 0.571875 0.4671875 0.103125
16 0.5015625 0.6890625 0.46875 0.1046875
16 0.5 0.8046875 0.465625 0.10625
16 0.5 0.8875 0.4640625 0.0390625
13 0.5 0.9546875 0.496875 0.090625
27 0.31875 0.940625 0.03125 0.0296875
27 0.4390625 0.9390625 0.0296875 0.0265625
27 0.5578125 0.9390625 0.028125 0.028125
27 0.6796875 0.9390625 0.028125 0.0296875
3 0.31875 0.9703125 0.0828125 0.0171875
3 0.4390625 0.9703125 0.0296875 0.0140625
3 0.5578125 0.9703125 0.040625 0.0140625
3 0.68125 0.9703125 0.05 0.0171875
3 0.3796875 0.2078125 0.1796875 0.0203125
3 0.49375 0.2390625 0.4046875 0.0203125
3 0.3484375 0.321875 0.1140625 0.0203125
3 0.49375 0.35625 0.4046875 0.01875
3 0.44375 0.440625 0.3046875 0.0234375
3 0.4921875 0.4734375 0.4046875 0.0203125
3 0.49375 0.55625 0.4078125 0.021875
3 0.4921875 0.5890625 0.403125 0.0203125
3 0.375 0.671875 0.1671875 0.0234375
3 0.4921875 0.7046875 0.4046875 0.01875
3 0.3546875 0.7890625 0.1265625 0.021875
3 0.4921875 0.821875 0.4046875 0.01875
3 0.3640625 0.9 0.1484375 0.0140625