28 0.5 0.5 0.496875 1
28 0.5015625 0.10625 0.2796875 0.05625
3 0.5 0.9078125 0.209375 0.021875
16 0.5 0.5046875 0.4640625 0.6015625
3 0.3578125 0.2828125 0.0984375 0.0328125
3 0.4390625 0.325 0.259375 0.0296875
38 0.5 0.3984375 0.4109375 0.0578125
38 0.5 0.48125 0.4109375 0.05625
18 0.31875 0.5640625 0.028125 0.028125
3 0.615625 0.5671875 0.1546875 0.0265625
15 0.5 0.6546875 0.409375 0.071875
3 0.5015625 0.65625 0.0703125 0.0234375
3 0.5015625 0.740625 0.1875 0.025
3 0.4125 0.565625 0.128125 0.0265625