28 0.5 0.5 0.4953125 1
28 0.5078125 0.06875 0.2984375 0.059375
3 0.50625 0.925 0.2234375 0.0234375
16 0.5015625 0.49375 0.4890625 0.640625
3 0.3546875 0.2578125 0.10625 0.034375
3 0.440625 0.3015625 0.2765625 0.03125
38 0.50625 0.3796875 0.4375 0.0609375
38 0.50625 0.46875 0.4375 0.0609375
18 0.3125 0.55625 0.0296875 0.0296875
3 0.6296875 0.5609375 0.165625 0.028125
15 0.50625 0.6546875 0.4375 0.0765625
3 0.5078125 0.6546875 0.075 0.025
3 0.5078125 0.7453125 0.2 0.0265625
3 0.4140625 0.559375 0.1375 0.028125