28 0.5 0.5 0.496875 1
28 0.496875 0.10625 0.2875 0.05625
3 0.4984375 0.9296875 0.2140625 0.021875
16 0.496875 0.515625 0.4765625 0.6171875
3 0.6421875 0.2875 0.1015625 0.0328125
3 0.5609375 0.3296875 0.265625 0.03125
38 0.496875 0.40625 0.421875 0.059375
38 0.496875 0.4921875 0.421875 0.0578125
18 0.684375 0.5765625 0.028125 0.028125
3 0.378125 0.5796875 0.159375 0.0265625
15 0.496875 0.6703125 0.4203125 0.075
3 0.496875 0.6703125 0.071875 0.0234375
3 0.496875 0.7578125 0.1921875 0.0265625
3 0.5875 0.578125 0.13125 0.0265625