37 0.5140625 0.509375 0.9703125 0.409375
3 0.99375 0.6890625 0.0125 0.0078125
15 0.9890625 0.6890625 0.0203125 0.021875
3 0.1375 0.2796875 0.2171875 0.0109375
3 0.0765625 0.2609375 0.096875 0.0125
3 0.9484375 0.6890625 0.03125 0.0078125
5 0.0078125 0.5 0.0140625 0.5609375
14 0.1046875 0.228125 0.15625 0.0109375
3 0.05625 0.31875 0.040625 0.0078125
3 0.125 0.31875 0.040625 0.009375
3 0.2 0.31875 0.0515625 0.009375
3 0.1796875 0.415625 0.2703125 0.0109375
3 0.0671875 0.39375 0.046875 0.0109375
3 0.0703125 0.3703125 0.0546875 0.0125
36 0.059375 0.4484375 0.0265625 0.015625
39 0.521875 0.5078125 0.9546875 0.071875
3 0.140625 0.4484375 0.1265625 0.0078125