37 0.509375 0.5171875 0.9359375 0.378125
3 0.940625 0.6828125 0.0328125 0.00625
15 0.9421875 0.6828125 0.0484375 0.01875
3 0.140625 0.3046875 0.2015625 0.009375
3 0.084375 0.2875 0.0890625 0.0109375
10 0.5 0.23125 1 0.0234375
3 0.0609375 0.23125 0.0671875 0.0109375
3 0.8890625 0.6828125 0.028125 0.00625
5 0.0140625 0.5125 0.028125 0.5359375
27 0.015625 0.23125 0.0109375 0.009375
27 0.9078125 0.23125 0.0109375 0.0109375
12 0.9359375 0.23125 0.0125 0.0125
12 0.9609375 0.23125 0.0203125 0.01875
27 0.984375 0.2328125 0.0046875 0.0125
14 0.1109375 0.2578125 0.14375 0.009375
3 0.0671875 0.3421875 0.0375 0.0078125
3 0.1296875 0.3421875 0.0375 0.0078125
3 0.1984375 0.3421875 0.0484375 0.009375
3 0.18125 0.43125 0.25 0.009375
3 0.0765625 0.4109375 0.0421875 0.009375
3 0.0796875 0.3890625 0.05 0.0109375
36 0.06875 0.4625 0.0234375 0.0140625
39 0.5109375 0.5171875 0.909375 0.065625
3 0.14375 0.4609375 0.1171875 0.0078125