13 0.9734375 0.5 0.053125 0.490625
27 0.9796875 0.5671875 0.021875 0.025
27 0.9796875 0.4359375 0.028125 0.0296875
27 0.9796875 0.3078125 0.0234375 0.025
27 0.9796875 0.696875 0.028125 0.028125
24 0.7203125 0.5 0.084375 0.490625
3 0.71875 0.365625 0.01875 0.071875
3 0.6234375 0.365625 0.0234375 0.06875
24 0.5265625 0.5 0.0828125 0.490625
3 0.528125 0.4203125 0.025 0.184375
24 0.43125 0.5 0.0859375 0.490625
3 0.4328125 0.4140625 0.025 0.16875
27 0.4328125 0.2984375 0.0296875 0.0234375
27 0.528125 0.3015625 0.03125 0.0296875
27 0.6234375 0.3 0.0328125 0.028125
27 0.7203125 0.2984375 0.03125 0.0265625
24 0.625 0.5015625 0.0859375 0.490625
16 0.225 0.5 0.3109375 0.490625
3 0.340625 0.5 0.0234375 0.1703125
3 0.3046875 0.5015625 0.028125 0.2890625
28 0.19375 0.503125 0.1453125 0.15
10 0.028125 0.5 0.05625 0.490625
3 0.01875 0.5 0.0265625 0.1296875
28 0.021875 0.7234375 0.0421875 0.0453125