13 0.5 0.953125 0.490625 0.09375
3 0.5609375 0.965625 0.10625 0.015625
27 0.5609375 0.9375 0.0234375 0.0203125
27 0.4375 0.9375 0.0265625 0.0265625
3 0.4390625 0.965625 0.059375 0.0140625
3 0.315625 0.9671875 0.059375 0.0140625
27 0.3171875 0.9375 0.0234375 0.021875
3 0.6828125 0.965625 0.0390625 0.0140625
27 0.684375 0.9375 0.0265625 0.0265625
24 0.5 0.69375 0.4640625 0.0796875
3 0.371875 0.6921875 0.0671875 0.0171875
3 0.371875 0.6015625 0.0640625 0.021875
24 0.5015625 0.5109375 0.465625 0.0765625
3 0.4234375 0.5125 0.1734375 0.0234375
24 0.5015625 0.421875 0.465625 0.0796875
3 0.4171875 0.421875 0.159375 0.0234375
27 0.309375 0.421875 0.021875 0.028125
27 0.3109375 0.5125 0.028125 0.0296875
27 0.309375 0.6015625 0.0265625 0.03125
27 0.309375 0.69375 0.025 0.0296875
24 0.5015625 0.603125 0.465625 0.08125
16 0.5015625 0.2265625 0.46875 0.2921875
3 0.4984375 0.3359375 0.159375 0.021875
3 0.4984375 0.3015625 0.271875 0.0265625
28 0.5 0.196875 0.140625 0.1375
10 0.5 0.034375 0.490625 0.06875
3 0.4984375 0.0328125 0.121875 0.025
28 0.7171875 0.0328125 0.059375 0.04375