13 0.5 0.04375 0.490625 0.0859375
3 0.565625 0.025 0.1078125 0.015625
27 0.565625 0.053125 0.0234375 0.0203125
27 0.440625 0.053125 0.028125 0.0265625
3 0.440625 0.025 0.059375 0.0140625
3 0.315625 0.0234375 0.059375 0.015625
27 0.3171875 0.053125 0.0234375 0.0234375
3 0.6890625 0.025 0.0390625 0.015625
27 0.690625 0.053125 0.0265625 0.0265625
24 0.503125 0.3015625 0.471875 0.0796875
3 0.3734375 0.303125 0.06875 0.0171875
3 0.3734375 0.39375 0.065625 0.021875
24 0.5046875 0.4859375 0.4734375 0.078125
3 0.4234375 0.4859375 0.1765625 0.0234375
24 0.5046875 0.578125 0.4734375 0.08125
3 0.41875 0.5765625 0.1609375 0.0234375
27 0.309375 0.5765625 0.021875 0.028125
27 0.3109375 0.4859375 0.028125 0.03125
27 0.309375 0.39375 0.028125 0.03125
27 0.3078125 0.3015625 0.025 0.03125
24 0.5046875 0.3921875 0.4734375 0.08125
16 0.5046875 0.775 0.4765625 0.296875
3 0.5 0.6640625 0.1625 0.0234375
3 0.5015625 0.6984375 0.2765625 0.0265625
28 0.503125 0.80625 0.14375 0.1390625
10 0.5 0.96875 0.490625 0.0625
3 0.5015625 0.9734375 0.1234375 0.025
28 0.71875 0.9734375 0.053125 0.0453125