27 0.6765625 0.2484375 0.0234375 0.0265625
27 0.684375 0.0265625 0.0390625 0.0390625
3 0.3484375 0.3078125 0.0890625 0.015625
3 0.6578125 0.3078125 0.06875 0.015625
3 0.678125 0.3625 0.0265625 0.0140625
23 0.5015625 0.28125 0.4234375 0.009375
3 0.36875 0.3640625 0.128125 0.0171875
27 0.65 0.3625 0.015625 0.015625
23 0.5015625 0.3375 0.41875 0.009375
23 0.503125 0.390625 0.4171875 0.0109375
3 0.6765625 0.4171875 0.0296875 0.0140625
23 0.5015625 0.4453125 0.4171875 0.009375
27 0.65 0.471875 0.0171875 0.015625
3 0.3484375 0.471875 0.084375 0.015625
3 0.6765625 0.471875 0.0265625 0.0140625
16 0.5 0.353125 0.446875 0.3015625
15 0.5 0.5609375 0.440625 0.0609375
3 0.390625 0.4171875 0.175 0.01875
3 0.415625 0.25 0.2203125 0.025
3 0.4984375 0.559375 0.14375 0.0171875
15 0.5 0.640625 0.4390625 0.0640625
3 0.5015625 0.6421875 0.090625 0.0203125
16 0.5 0.13125 0.44375 0.1109375
3 0.415625 0.028125 0.2515625 0.0234375
27 0.3125 0.1515625 0.0265625 0.028125
27 0.3125 0.1125 0.0171875 0.0234375
3 0.4796875 0.1515625 0.284375 0.0234375
3 0.4953125 0.1109375 0.31875 0.0265625