13 0.5 0.9609375 0.5 0.0765625
27 0.6859375 0.9484375 0.025 0.025
3 0.5609375 0.978125 0.1078125 0.0140625
3 0.3125 0.978125 0.0609375 0.0140625
3 0.4984375 0.0296875 0.11875 0.0203125
28 0.71875 0.03125 0.0609375 0.0453125
16 0.5 0.3796875 0.471875 0.35
3 0.4875 0.3953125 0.3328125 0.0203125
3 0.4359375 0.9765625 0.0578125 0.0140625
10 0.5 0.0328125 0.4984375 0.065625
3 0.6859375 0.9765625 0.0359375 0.0140625
27 0.3125 0.9484375 0.0296875 0.025
27 0.4359375 0.95 0.03125 0.028125
27 0.5609375 0.95 0.0234375 0.0203125
27 0.3015625 0.4390625 0.025 0.03125
27 0.3015625 0.3953125 0.0171875 0.025
16 0.5 0.7625 0.4734375 0.3109375
27 0.3015625 0.7984375 0.0171875 0.025
27 0.3015625 0.840625 0.0234375 0.025
3 0.48125 0.440625 0.3 0.0203125
3 0.403125 0.509375 0.225 0.0203125
3 0.403125 0.9109375 0.2203125 0.015625
27 0.5328125 0.5078125 0.009375 0.0140625
27 0.5328125 0.9109375 0.009375 0.0140625
3 0.4546875 0.84375 0.25 0.0171875
3 0.496875 0.7984375 0.3328125 0.025
23 0.5 0.871875 0.434375 0.0078125
23 0.4984375 0.46875 0.434375 0.0078125
3 0.365625 0.58125 0.1953125 0.0203125
3 0.371875 0.178125 0.2078125 0.0203125
28 0.5 0.6921875 0.4625 0.1515625
28 0.5 0.2859375 0.4609375 0.14375
38 0.5 0.115625 0.471875 0.0703125