13 0.5 0.9828125 0.5 0.034375
27 0.3109375 0.9890625 0.0265625 0.0203125
3 0.5140625 0.0046875 0.1296875 0.009375
28 0.2796875 0.0125 0.0578125 0.0234375
16 0.503125 0.3765625 0.49375 0.3796875
3 0.525 0.39375 0.3609375 0.021875
10 0.5 0.01875 0.5 0.0359375
27 0.7171875 0.990625 0.0328125 0.01875
27 0.5828125 0.990625 0.034375 0.01875
27 0.4453125 0.9921875 0.025 0.015625
27 0.7265625 0.4421875 0.0265625 0.0328125
27 0.728125 0.3953125 0.01875 0.0265625
16 0.5015625 0.79375 0.4953125 0.3375
27 0.728125 0.8328125 0.01875 0.028125
27 0.728125 0.878125 0.025 0.028125
3 0.5328125 0.44375 0.3265625 0.021875
3 0.6171875 0.51875 0.2453125 0.021875
3 0.6171875 0.9546875 0.2390625 0.0171875
27 0.475 0.515625 0.0109375 0.015625
27 0.475 0.9546875 0.0109375 0.015625
3 0.5609375 0.88125 0.271875 0.01875
3 0.515625 0.8328125 0.3609375 0.0265625
23 0.5109375 0.9125 0.471875 0.009375
23 0.5125 0.475 0.471875 0.0078125
3 0.6515625 0.5953125 0.196875 0.0234375
3 0.64375 0.1578125 0.2109375 0.021875
28 0.5046875 0.715625 0.4890625 0.165625
28 0.50625 0.275 0.4875 0.1546875
38 0.503125 0.090625 0.49375 0.0765625