27 0.678125 0.7640625 0.0234375 0.028125
27 0.6875 0.9859375 0.040625 0.0265625
3 0.340625 0.7015625 0.0921875 0.015625
3 0.659375 0.7015625 0.0703125 0.015625
3 0.6796875 0.6453125 0.028125 0.0140625
23 0.4984375 0.728125 0.4359375 0.009375
3 0.3609375 0.64375 0.1328125 0.0171875
27 0.6515625 0.6453125 0.0171875 0.0171875
23 0.4984375 0.671875 0.43125 0.009375
23 0.5 0.615625 0.4296875 0.0109375
3 0.6796875 0.5890625 0.0296875 0.0140625
23 0.4984375 0.559375 0.4296875 0.009375
27 0.6515625 0.5328125 0.0171875 0.015625
3 0.340625 0.5328125 0.0875 0.015625
3 0.6796875 0.5328125 0.028125 0.0140625
16 0.496875 0.65625 0.459375 0.3109375
15 0.496875 0.440625 0.4546875 0.0640625
3 0.384375 0.5890625 0.1796875 0.01875
3 0.409375 0.7625 0.228125 0.025
3 0.4953125 0.44375 0.1484375 0.01875
15 0.496875 0.3578125 0.453125 0.0671875
3 0.4984375 0.3578125 0.09375 0.021875
16 0.496875 0.884375 0.4578125 0.1140625
3 0.4078125 0.9890625 0.259375 0.0203125
27 0.303125 0.8640625 0.028125 0.0296875
27 0.303125 0.9046875 0.0171875 0.025
3 0.475 0.8625 0.29375 0.0234375
3 0.490625 0.9046875 0.328125 0.0265625