27 0.753125 0.6796875 0.0265625 0.0234375
27 0.9765625 0.6875 0.0390625 0.0390625
3 0.6921875 0.35 0.015625 0.090625
3 0.6921875 0.6609375 0.015625 0.06875
3 0.6375 0.6796875 0.0140625 0.028125
23 0.71875 0.5046875 0.009375 0.4265625
3 0.6359375 0.36875 0.0171875 0.1296875
27 0.6375 0.653125 0.015625 0.0171875
23 0.6625 0.503125 0.009375 0.421875
23 0.609375 0.5046875 0.0109375 0.41875
3 0.58125 0.6796875 0.0140625 0.0296875
23 0.553125 0.503125 0.009375 0.4203125
27 0.5265625 0.653125 0.015625 0.0171875
3 0.5265625 0.35 0.015625 0.0859375
3 0.5265625 0.6796875 0.0140625 0.028125
16 0.646875 0.5015625 0.3046875 0.45
15 0.4375 0.5015625 0.0625 0.44375
3 0.58125 0.3921875 0.01875 0.175
3 0.7515625 0.415625 0.025 0.221875
3 0.4390625 0.5 0.0171875 0.1453125
15 0.35625 0.5015625 0.065625 0.4421875
3 0.35625 0.503125 0.021875 0.090625
16 0.8703125 0.5015625 0.1109375 0.446875
3 0.975 0.415625 0.0234375 0.253125
27 0.85 0.3125 0.028125 0.0265625
27 0.8890625 0.3140625 0.025 0.0171875
3 0.85 0.4796875 0.0234375 0.2875
3 0.890625 0.496875 0.0265625 0.3203125