13 0.5 0.021875 0.5 0.0421875
27 0.3171875 0.0140625 0.0265625 0.028125
3 0.5171875 0.99375 0.128125 0.0109375
28 0.2828125 0.9875 0.0640625 0.025
16 0.50625 0.625 0.4875 0.375
3 0.528125 0.6078125 0.3578125 0.021875
10 0.5 0.9796875 0.5 0.0390625
27 0.71875 0.0140625 0.03125 0.0265625
27 0.5859375 0.0140625 0.0328125 0.0265625
27 0.45 0.0125 0.025 0.021875
27 0.728125 0.5609375 0.0265625 0.0328125
27 0.7296875 0.60625 0.01875 0.0265625
16 0.5046875 0.2125 0.4890625 0.334375
27 0.7296875 0.1734375 0.01875 0.028125
27 0.7296875 0.128125 0.025 0.028125
3 0.5359375 0.559375 0.3234375 0.021875
3 0.6203125 0.484375 0.2421875 0.021875
3 0.6203125 0.053125 0.2375 0.0171875
27 0.4796875 0.4859375 0.0109375 0.015625
27 0.4796875 0.053125 0.0109375 0.015625
3 0.565625 0.1265625 0.26875 0.01875
3 0.5203125 0.1734375 0.3578125 0.0265625
23 0.515625 0.0953125 0.4671875 0.0078125
23 0.5171875 0.528125 0.465625 0.009375
3 0.653125 0.4078125 0.19375 0.021875
3 0.646875 0.8421875 0.20625 0.0203125
28 0.5078125 0.2890625 0.4828125 0.1625
28 0.509375 0.725 0.48125 0.153125
38 0.50625 0.9078125 0.4875 0.075