21 0.325 0.6515625 0.3296875 0.634375
0 0.3234375 0.1390625 0.309375 0.2765625
3 0.53125 0.8765625 0.0171875 0.16875
15 0.534375 0.5640625 0.0296875 0.0671875
3 0.5328125 0.5640625 0.0078125 0.021875
15 0.534375 0.490625 0.0296875 0.06875
3 0.5328125 0.490625 0.0078125 0.028125
15 0.534375 0.4171875 0.0296875 0.0640625
3 0.5328125 0.4171875 0.009375 0.025
3 0.5234375 0.1984375 0.015625 0.128125
3 0.5015625 0.20625 0.0140625 0.1109375
3 0.5125 0.021875 0.021875 0.0421875
3 0.61875 0.228125 0.0140625 0.065625
3 0.6984375 0.1875 0.040625 0.14375
3 0.7 0.5296875 0.040625 0.1671875
3 0.61875 0.5828125 0.0140625 0.05625
3 0.61875 0.94375 0.0125 0.0453125
3 0.7 0.8703125 0.040625 0.190625
3 0.7921875 0.9015625 0.0265625 0.1828125
15 0.8484375 0.8015625 0.0109375 0.1296875
15 0.8484375 0.6859375 0.0109375 0.0875
15 0.8484375 0.58125 0.0109375 0.1015625
15 0.7953125 0.03125 0.0484375 0.0609375
3 0.7953125 0.00625 0.0125 0.0109375
15 0.7953125 0.1171875 0.0453125 0.1015625
3 0.79375 0.10625 0.0125 0.0515625
27 0.796875 0.025 0.0140625 0.0109375
27 0.7953125 0.14375 0.0109375 0.0140625
27 0.7953125 0.196875 0.01875 0.01875
27 0.7953125 0.2515625 0.0125 0.0140625
27 0.79375 0.3046875 0.01875 0.021875
38 0.8484375 0.3171875 0.0109375 0.246875
27 0.6359375 0.7125 0.0109375 0.015625
27 0.6359375 0.3578125 0.0125 0.0140625
27 0.6359375 0.0078125 0.0125 0.0140625
27 0.5125 0.059375 0.0125 0.015625
27 0.534375 0.359375 0.0125 0.0140625