3 0.140625 0.765625 0.0203125 0.4671875
3 0.2234375 0.978125 0.0203125 0.0421875
3 0.64375 0.95 0.0171875 0.0984375
3 0.2171875 0.621875 0.015625 0.0796875
3 0.5234375 0.9421875 0.01875 0.1140625
3 0.3109375 0.571875 0.0171875 0.1828125
3 0.3171875 0.9609375 0.0234375 0.0765625
3 0.403125 0.5625 0.015625 0.203125
3 0.7375 0.9296875 0.0203125 0.1390625
3 0.64375 0.021875 0.0171875 0.0421875
3 0.3171875 0.0203125 0.0171875 0.040625
3 0.4078125 0.0203125 0.015625 0.040625
3 0.7375 0.021875 0.0171875 0.0421875
3 0.2234375 0.0203125 0.0171875 0.040625
3 0.5609375 0.8765625 0.0171875 0.2453125
3 0.83125 0.928125 0.0171875 0.14375
23 0.784375 0.5 0.009375 1
23 0.690625 0.5 0.00625 1
23 0.3625 0.5 0.0046875 1
23 0.5984375 0.5 0.009375 1
23 0.2703125 0.5 0.0046875 1
23 0.1765625 0.5 0.0078125 1