5 0.5 0.1 0.70625 0.2
3 0.83125 0.2828125 0.0234375 0.109375
3 0.8328125 0.9578125 0.0125 0.0359375
27 0.834375 0.9875 0.0078125 0.0125
16 0.6890625 0.4203125 0.209375 0.384375
3 0.765625 0.2765625 0.0171875 0.0609375
16 0.690625 0.8109375 0.209375 0.378125
3 0.7640625 0.696875 0.01875 0.1171875
16 0.4703125 0.8109375 0.2078125 0.378125
3 0.5453125 0.6859375 0.0203125 0.0984375
16 0.46875 0.4203125 0.2109375 0.3828125
3 0.5453125 0.2703125 0.015625 0.0484375
3 0.5140625 0.259375 0.0125 0.0265625
3 0.5140625 0.5296875 0.0125 0.125
1 0.453125 0.815625 0.115625 0.3375
31 0.4890625 0.4203125 0.0140625 0.3484375
34 0.6734375 0.4234375 0.1484375 0.35625
3 0.7296875 0.646875 0.009375 0.0125
3 0.703125 0.6484375 0.009375 0.0140625
3 0.675 0.6484375 0.009375 0.015625
3 0.646875 0.6484375 0.009375 0.0125
3 0.6203125 0.6484375 0.009375 0.01875
3 0.7296875 0.9609375 0.0109375 0.0515625
3 0.7015625 0.9640625 0.009375 0.046875
3 0.675 0.9640625 0.009375 0.046875
3 0.646875 0.9640625 0.009375 0.0484375
3 0.61875 0.9640625 0.009375 0.046875
19 0.73125 0.6828125 0.0171875 0.034375
3 0.73125 0.6828125 0.00625 0.021875
19 0.703125 0.6859375 0.015625 0.0359375
3 0.703125 0.684375 0.00625 0.0234375
19 0.675 0.6953125 0.0171875 0.0578125
3 0.675 0.6953125 0.0078125 0.04375
19 0.6484375 0.6890625 0.0171875 0.04375
3 0.646875 0.6890625 0.00625 0.034375
19 0.6203125 0.6921875 0.0171875 0.0484375
3 0.61875 0.6921875 0.0078125 0.0375