27 0.2921875 0.984375 0.0453125 0.0296875
27 0.684375 0.9828125 0.034375 0.0328125
27 0.7421875 0.9875 0.0125 0.025
16 0.5046875 0.4703125 0.4890625 0.9390625
27 0.715625 0.8765625 0.0359375 0.0359375
27 0.5171875 0.4875 0.034375 0.0328125
28 0.5171875 0.3203125 0.09375 0.0984375
28 0.5171875 0.6671875 0.0921875 0.09375
3 0.41875 0.875 0.2390625 0.0328125
3 0.3625 0.775 0.08125 0.025
3 0.63125 0.775 0.1609375 0.025
3 0.375 0.5671875 0.096875 0.0421875
3 0.659375 0.5671875 0.096875 0.0421875
3 0.3671875 0.415625 0.0796875 0.021875
3 0.6296875 0.4171875 0.159375 0.0265625
3 0.3921875 0.2203125 0.1328125 0.0453125
3 0.64375 0.221875 0.1265625 0.046875
27 0.4734375 0.221875 0.0171875 0.0109375
27 0.4390625 0.5671875 0.015625 0.009375
15 0.51875 0.0265625 0.4359375 0.053125
3 0.5171875 0.0171875 0.1390625 0.025