3 0.2265625 0.50625 0.021875 0.484375
17 0.3515625 0.5 0.1453125 1
3 0.2578125 0.5359375 0.0125 0.3265625
16 0.3359375 0.95 0.1 0.0984375
16 0.3359375 0.734375 0.1 0.128125
16 0.3359375 0.50625 0.0984375 0.1265625
16 0.3359375 0.278125 0.0984375 0.1265625
3 0.2578125 0.3421875 0.0125 0.0578125
3 0.353125 0.278125 0.0140625 0.059375
3 0.353125 0.50625 0.0140625 0.0546875
28 0.325 0.50625 0.0296875 0.034375
28 0.3265625 0.2796875 0.0234375 0.078125
28 0.325 0.7359375 0.028125 0.0265625
28 0.325 0.965625 0.0171875 0.034375
3 0.353125 0.965625 0.0125 0.028125
3 0.3546875 0.7359375 0.0125 0.0453125
19 0.3859375 0.734375 0.0140625 0.053125
3 0.3859375 0.7359375 0.0046875 0.040625
16 0.3359375 0.05625 0.1015625 0.1125
3 0.3546875 0.0484375 0.015625 0.0421875
28 0.3234375 0.0484375 0.0296875 0.025
26 0.6828125 0.5 0.3625 1
3 0.5921875 0.8875 0.0125 0.0609375
3 0.653125 0.7890625 0.0703125 0.2609375
3 0.5921875 0.625 0.0109375 0.0234375
3 0.625 0.628125 0.0109375 0.01875
3 0.6515625 0.603125 0.009375 0.06875
3 0.6796875 0.6125 0.0109375 0.05
3 0.7078125 0.6203125 0.0109375 0.0359375
3 0.5921875 0.4703125 0.0125 0.0546875
3 0.621875 0.48125 0.009375 0.0359375
3 0.6515625 0.478125 0.0078125 0.0375
3 0.6796875 0.459375 0.0109375 0.078125
3 0.590625 0.3125 0.0109375 0.0953125
3 0.590625 0.1828125 0.0125 0.071875
3 0.6234375 0.1828125 0.009375 0.071875
3 0.65 0.1859375 0.009375 0.06875
3 0.6234375 0.3328125 0.0109375 0.0515625
3 0.65 0.340625 0.009375 0.0359375
3 0.6796875 0.3328125 0.0109375 0.053125
3 0.70625 0.3484375 0.009375 0.0203125
3 0.7359375 0.3421875 0.009375 0.034375
3 0.7671875 0.3390625 0.009375 0.040625
3 0.79375 0.3359375 0.0109375 0.0453125
3 0.821875 0.34375 0.009375 0.0296875
3 0.846875 0.346875 0.009375 0.0265625
19 0.7359375 0.2953125 0.01875 0.053125
3 0.7359375 0.2953125 0.009375 0.0390625
3 0.734375 0.19375 0.0125 0.0546875
3 0.70625 0.190625 0.0109375 0.0578125
3 0.678125 0.18125 0.009375 0.075