16 0.534375 0.721875 0.35625 0.4296875
16 0.3578125 0.7203125 0.0890625 0.3546875
34 0.54375 0.7203125 0.2640625 0.3546875
3 0.3453125 0.6859375 0.03125 0.2390625
3 0.378125 0.709375 0.0109375 0.19375
28 0.3578125 0.853125 0.071875 0.071875
3 0.6578125 0.259375 0.0640625 0.3609375
3 0.5671875 0.2578125 0.0796875 0.3625
3 0.4890625 0.4078125 0.0234375 0.0578125
3 0.4890625 0.2046875 0.0265625 0.0578125
3 0.4296875 0.365625 0.05625 0.146875
3 0.4296875 0.1640625 0.05625 0.146875
3 0.3546875 0.3640625 0.040625 0.1515625
3 0.353125 0.3625 0.0125 0.103125