15 0.1984375 0.60625 0.3203125 0.05
3 0.1984375 0.60625 0.040625 0.0125
3 0.2671875 0.7890625 0.0484375 0.0125
23 0.309375 0.66875 0.09375 0.003125
23 0.0890625 0.66875 0.0984375 0.003125
3 0.1984375 0.66875 0.1 0.0125
38 0.1984375 0.490625 0.3203125 0.040625
3 0.06875 0.4609375 0.059375 0.0125
38 0.1984375 0.4140625 0.3203125 0.040625
27 0.1984375 0.2453125 0.0390625 0.034375
3 0.1984375 0.296875 0.1921875 0.025
3 0.303125 0.5421875 0.1125 0.0125
3 0.1984375 0.3359375 0.16875 0.0171875
3 0.0546875 0.3828125 0.034375 0.0125
3 0.1671875 0.7890625 0.1359375 0.0125
28 0.1453125 0.728125 0.040625 0.0390625
28 0.1984375 0.728125 0.0359375 0.0390625
28 0.25 0.728125 0.0390625 0.0421875