16 0.4765625 0.4609375 0.659375 0.7109375
3 0.3203125 0.471875 0.1421875 0.0203125
27 0.4765625 0.96875 0.06875 0.0625
3 0.2578125 0.6078125 0.096875 0.01875
3 0.4765625 0.878125 0.346875 0.0421875
3 0.4734375 0.2953125 0.1625 0.0203125
3 0.275 0.734375 0.134375 0.0203125
3 0.6578125 0.4703125 0.1765625 0.021875
3 0.4375 0.0515625 0.2203125 0.0234375
15 0.609375 0.196875 0.271875 0.059375
3 0.625 0.196875 0.10625 0.021875
3 0.5890625 0.05 0.071875 0.0203125
15 0.33125 0.196875 0.246875 0.059375
3 0.346875 0.19375 0.0734375 0.0234375
23 0.2921875 0.29375 0.1671875 0.00625
23 0.659375 0.29375 0.1671875 0.00625
15 0.4765625 0.3921875 0.5328125 0.0578125
3 0.475 0.3890625 0.0734375 0.021875
18 0.221875 0.4703125 0.03125 0.034375
38 0.478125 0.5609375 0.5359375 0.0625
38 0.475 0.6875 0.5359375 0.0609375