21 0.3046875 0.3265625 0.31875 0.653125
0 0.2984375 0.85625 0.3078125 0.2859375
3 0.50625 0.0953125 0.0171875 0.175
15 0.509375 0.4171875 0.03125 0.06875
3 0.5078125 0.4171875 0.0078125 0.021875
15 0.509375 0.49375 0.0296875 0.071875
3 0.5078125 0.4921875 0.009375 0.0296875
15 0.509375 0.5671875 0.0296875 0.065625
3 0.5078125 0.56875 0.009375 0.025
3 0.4984375 0.79375 0.015625 0.13125
3 0.4765625 0.7859375 0.0140625 0.1140625
3 0.4875 0.978125 0.021875 0.04375
3 0.596875 0.7625 0.0140625 0.0671875
3 0.6796875 0.8046875 0.0421875 0.1484375
3 0.6796875 0.4515625 0.040625 0.1734375
3 0.5953125 0.396875 0.0140625 0.059375
3 0.5953125 0.0265625 0.0125 0.046875
3 0.6796875 0.1015625 0.0421875 0.1953125
3 0.775 0.08125 0.028125 0.1609375
3 0.8484375 0.015625 0.0109375 0.03125
15 0.8421875 0.1734375 0.028125 0.134375
3 0.8515625 0.1859375 0.009375 0.05
15 0.8421875 0.2921875 0.028125 0.090625
3 0.8515625 0.3078125 0.0078125 0.028125
15 0.8421875 0.4 0.028125 0.1046875
3 0.85 0.4125 0.0109375 0.05
3 0.8546875 0.9421875 0.003125 0.0328125
3 0.8421875 0.9390625 0.009375 0.028125
15 0.778125 0.9671875 0.05 0.0640625
3 0.778125 0.9921875 0.0140625 0.0140625
15 0.778125 0.878125 0.046875 0.1046875
3 0.778125 0.8890625 0.0140625 0.053125
27 0.7796875 0.9734375 0.015625 0.0125
27 0.7796875 0.85 0.0109375 0.0140625
27 0.778125 0.7953125 0.01875 0.01875
27 0.778125 0.7390625 0.0125 0.0140625
27 0.7765625 0.684375 0.0203125 0.0234375
27 0.85 0.8328125 0.0125 0.015625
11 0.8453125 0.8984375 0.021875 0.0359375
38 0.8421875 0.671875 0.028125 0.2546875
27 0.85 0.146875 0.0109375 0.0171875
27 0.85 0.2765625 0.0109375 0.0203125
27 0.85 0.3734375 0.0109375 0.01875
27 0.6140625 0.2640625 0.0125 0.015625
27 0.6140625 0.6296875 0.0125 0.015625
27 0.6140625 0.990625 0.0125 0.015625
27 0.4859375 0.9390625 0.0125 0.0171875
27 0.509375 0.628125 0.0125 0.0140625