5 0.0796875 0.5 0.159375 0.7140625
10 0.58125 0.1484375 0.8375 0.0109375
16 0.315625 0.21875 0.265625 0.09375
16 0.5984375 0.2171875 0.2703125 0.0921875
16 0.8734375 0.2171875 0.2515625 0.09375
16 0.590625 0.5671875 0.81875 0.578125
3 0.275 0.3046875 0.153125 0.01875
3 0.3765625 0.3046875 0.0390625 0.0171875
21 0.5984375 0.5921875 0.7984375 0.5109375
15 0.86875 0.3078125 0.08125 0.028125
3 0.8578125 0.309375 0.0375 0.0109375
15 0.959375 0.3078125 0.0796875 0.028125
3 0.9515625 0.309375 0.034375 0.0109375
27 0.8875 0.3078125 0.009375 0.0046875
27 0.978125 0.309375 0.0109375 0.0109375
3 0.871875 0.1953125 0.090625 0.0125
3 0.8453125 0.2171875 0.0359375 0.015625
3 0.896875 0.2421875 0.1375 0.009375
3 0.584375 0.1953125 0.0828125 0.009375
3 0.5546875 0.2171875 0.021875 0.015625
3 0.6109375 0.2421875 0.1359375 0.0109375
3 0.2953125 0.19375 0.0671875 0.0109375
3 0.2796875 0.2171875 0.034375 0.0140625
3 0.3421875 0.240625 0.1609375 0.0109375
27 0.225 0.2171875 0.0171875 0.01875
27 0.50625 0.2171875 0.0171875 0.0171875
27 0.7921875 0.2171875 0.01875 0.0109375