22 0.50625 0.5109375 0.2765625 0.3484375
27 0.625 0.353125 0.0109375 0.0109375
15 0.565625 0.65 0.10625 0.028125
27 0.5484375 0.65 0.0125 0.0109375
15 0.446875 0.6515625 0.10625 0.028125
27 0.43125 0.65 0.0109375 0.009375
3 0.50625 0.371875 0.04375 0.0078125
3 0.50625 0.396875 0.1765625 0.01875
3 0.50625 0.571875 0.0609375 0.0109375
3 0.50625 0.5953125 0.2140625 0.009375
3 0.50625 0.6109375 0.203125 0.0078125
3 0.575 0.65 0.0296875 0.009375
3 0.45625 0.65 0.0234375 0.009375
8 0.50625 0.4828125 0.1140625 0.121875