16 0.16875 0.6 0.3140625 0.415625
3 0.06875 0.43125 0.0640625 0.015625
16 0.8265625 0.6 0.315625 0.415625
3 0.7265625 0.43125 0.0609375 0.0125
16 0.496875 0.6 0.3140625 0.4140625
3 0.390625 0.43125 0.046875 0.0125
3 0.090625 0.6078125 0.059375 0.0125
3 0.1546875 0.4640625 0.2375 0.0140625
3 0.815625 0.4625 0.2390625 0.0125
3 0.48125 0.465625 0.2359375 0.015625
3 0.4234375 0.6109375 0.06875 0.0125
3 0.8296875 0.7078125 0.2203125 0.0140625
3 0.4734375 0.709375 0.1671875 0.0140625
3 0.4953125 0.265625 0.553125 0.0171875
3 0.5375 0.3578125 0.05625 0.0125
3 0.7765625 0.640625 0.1171875 0.0125
3 0.1 0.6734375 0.08125 0.0125
3 0.4546875 0.64375 0.134375 0.0125
3 0.7703125 0.6078125 0.1078125 0.0125
3 0.4546875 0.35625 0.053125 0.0140625
3 0.121875 0.640625 0.1234375 0.0125
19 0.5875 0.4328125 0.075 0.021875
3 0.5875 0.43125 0.0640625 0.0109375
3 0.771875 0.6734375 0.10625 0.0125
3 0.7828125 0.740625 0.1265625 0.0140625
3 0.4421875 0.675 0.109375 0.0125
3 0.14375 0.7078125 0.1703125 0.0125
3 0.496875 0.2875 0.3578125 0.0140625
3 0.453125 0.7421875 0.1296875 0.0140625
3 0.1140625 0.521875 0.040625 0.0109375
3 0.44375 0.5234375 0.0421875 0.0109375
15 0.496875 0.5640625 0.259375 0.0328125
3 0.496875 0.5625 0.0671875 0.0109375
3 0.7734375 0.521875 0.040625 0.0109375
3 0.784375 0.771875 0.13125 0.0140625
3 0.3921875 0.4828125 0.053125 0.0109375
15 0.1671875 0.5609375 0.259375 0.0328125
3 0.1671875 0.5609375 0.065625 0.0109375
3 0.7234375 0.4828125 0.053125 0.0125
15 0.8265625 0.5625 0.259375 0.0328125
3 0.828125 0.5609375 0.065625 0.0109375
3 0.49375 0.2265625 0.4453125 0.03125
3 0.496875 0.1984375 0.0421875 0.0140625
3 0.05625 0.48125 0.0390625 0.0109375
27 0.046875 0.609375 0.0125 0.0109375
27 0.046875 0.6421875 0.0125 0.009375
27 0.046875 0.675 0.0125 0.009375
27 0.70625 0.609375 0.0125 0.009375
27 0.046875 0.7078125 0.0125 0.009375
27 0.70625 0.6421875 0.0125 0.009375
27 0.3765625 0.6109375 0.0125 0.0109375
27 0.70625 0.675 0.0125 0.009375
27 0.378125 0.6453125 0.0125 0.0109375
27 0.70625 0.7078125 0.0125 0.009375
27 0.70625 0.740625 0.0125 0.009375
27 0.3765625 0.6765625 0.0125 0.009375
27 0.3765625 0.709375 0.0125 0.0109375
27 0.70625 0.7734375 0.0125 0.009375
27 0.3765625 0.7421875 0.0125 0.009375
3 0.721875 0.515625 0.0484375 0.0265625
3 0.39375 0.51875 0.0484375 0.028125
3 0.0625 0.515625 0.046875 0.028125