16 0.5546875 0.5 0.7171875 1
21 0.5859375 0.4953125 0.6359375 0.990625
3 0.2296875 0.090625 0.021875 0.18125
3 0.2296875 0.215625 0.021875 0.046875
20 0.234375 0.825 0.0359375 0.0984375
15 0.234375 0.9375 0.034375 0.1
3 0.234375 0.928125 0.0125 0.0421875
16 0.1328125 0.8390625 0.0890625 0.321875
3 0.1515625 0.859375 0.0140625 0.171875
3 0.09375 0.828125 0.0125 0.1109375
3 0.1203125 0.796875 0.0171875 0.0453125
16 0.13125 0.490625 0.0875 0.33125
3 0.15 0.50625 0.0140625 0.1734375
3 0.1203125 0.434375 0.0171875 0.0265625
3 0.09375 0.4734375 0.0109375 0.109375
16 0.1328125 0.1515625 0.0890625 0.303125
3 0.09375 0.1140625 0.0125 0.0859375
3 0.1515625 0.171875 0.015625 0.2
3 0.1203125 0.0953125 0.01875 0.0453125
27 0.1203125 0.3765625 0.0203125 0.025
27 0.1203125 0.7296875 0.015625 0.025
27 0.1203125 0.0265625 0.0234375 0.0203125
27 0.234375 0.9609375 0.0140625 0.0140625