3 0.3046875 0.7265625 0.046875 0.3859375
3 0.4515625 0.546875 0.009375 0.0234375
3 0.2515625 0.109375 0.0234375 0.203125
3 0.4359375 0.5796875 0.0125 0.0890625
3 0.4921875 0.7296875 0.046875 0.3890625
3 0.6765625 0.728125 0.046875 0.3828125
3 0.6375 0.590625 0.0109375 0.1109375
3 0.621875 0.571875 0.0125 0.0734375
3 0.25 0.571875 0.0125 0.071875
3 0.265625 0.575 0.0125 0.078125
28 0.6921875 0.440625 0.16875 0.1546875
28 0.50625 0.440625 0.1703125 0.153125
28 0.3203125 0.440625 0.16875 0.1515625
3 0.3125 0.1578125 0.05625 0.296875
27 0.353125 0.5484375 0.0265625 0.0265625
27 0.3515625 0.5859375 0.0265625 0.025
27 0.5390625 0.55 0.0265625 0.0265625
27 0.5390625 0.5859375 0.0265625 0.0265625
27 0.725 0.55 0.0265625 0.025
27 0.725 0.5859375 0.0265625 0.025