3 0.5703125 0.5546875 0.1765625 0.028125
3 0.5828125 0.6125 0.15625 0.0265625
3 0.58125 0.671875 0.1546875 0.0265625
3 0.5609375 0.896875 0.196875 0.028125
3 0.5828125 0.7328125 0.1625 0.0265625
18 0.6859375 0.734375 0.028125 0.028125
18 0.6859375 0.553125 0.028125 0.028125
3 0.5375 0.3921875 0.25 0.0234375
18 0.6859375 0.6140625 0.025 0.025
3 0.6390625 0.83125 0.15625 0.021875
3 0.64375 0.4890625 0.15 0.021875
18 0.6859375 0.95625 0.028125 0.028125
3 0.596875 0.95625 0.1234375 0.028125
18 0.684375 0.896875 0.0328125 0.03125
18 0.6859375 0.675 0.0296875 0.028125
18 0.6859375 0.3921875 0.0296875 0.0296875
20 0.5 0.134375 0.43125 0.0859375
20 0.5 0.221875 0.4296875 0.084375
20 0.571875 0.30625 0.28125 0.0796875
38 0.3578125 0.30625 0.1375 0.078125
10 0.5 0.034375 0.4640625 0.06875
3 0.6625 0.0265625 0.115625 0.0375