16 0.5 0.503125 0.7140625 0.971875
35 0.4984375 0.5046875 0.5625 0.8140625
27 0.8234375 0.0546875 0.0125 0.0140625
16 0.4734375 0.50625 0.4875 0.2609375
27 0.6984375 0.390625 0.015625 0.015625
3 0.8046875 0.5046875 0.0203125 0.190625
3 0.7671875 0.721875 0.0109375 0.096875
3 0.7671875 0.571875 0.009375 0.0265625
3 0.765625 0.4296875 0.0109375 0.0796875
3 0.765625 0.2578125 0.0125 0.0890625
23 0.7671875 0.3578125 0.003125 0.0484375
23 0.7671875 0.525 0.003125 0.0484375
23 0.7671875 0.640625 0.003125 0.0484375
16 0.4734375 0.775 0.4875 0.2609375
3 0.684375 0.8125 0.01875 0.1453125
3 0.653125 0.775 0.028125 0.21875
3 0.6546875 0.50625 0.0296875 0.2203125
3 0.684375 0.53125 0.0203125 0.1703125
16 0.4734375 0.2359375 0.4890625 0.259375
3 0.6859375 0.271875 0.015625 0.15
3 0.6546875 0.2484375 0.028125 0.1953125
3 0.60625 0.840625 0.0203125 0.0875
3 0.575 0.8453125 0.0125 0.0765625
3 0.60625 0.56875 0.0203125 0.0921875
3 0.575 0.5265625 0.009375 0.178125
3 0.5765625 0.41875 0.009375 0.0359375
3 0.559375 0.578125 0.0109375 0.0734375
3 0.60625 0.3 0.0203125 0.0921875
3 0.575 0.25625 0.0109375 0.1765625
3 0.575 0.146875 0.009375 0.0375
3 0.559375 0.30625 0.009375 0.075
15 0.5203125 0.2359375 0.0375 0.221875
3 0.5203125 0.234375 0.0125 0.06875
15 0.5203125 0.5046875 0.0375 0.2234375
3 0.5203125 0.5046875 0.0125 0.0671875
15 0.5375 0.7765625 0.0375 0.2234375
3 0.5375 0.7765625 0.0125 0.071875
3 0.4921875 0.8109375 0.0109375 0.146875
3 0.475 0.540625 0.0125 0.1484375
3 0.475 0.26875 0.0125 0.153125
3 0.4625 0.796875 0.0109375 0.1390625
3 0.4390625 0.809375 0.0109375 0.1109375
3 0.415625 0.796875 0.0109375 0.1375
3 0.3921875 0.8140625 0.0125 0.1046875
3 0.36875 0.8328125 0.0109375 0.065625
3 0.446875 0.5265625 0.0109375 0.140625
3 0.375 0.525 0.0109375 0.1421875
3 0.3984375 0.528125 0.0109375 0.1375
3 0.421875 0.540625 0.0109375 0.1109375
3 0.3515625 0.5625 0.0109375 0.0640625
3 0.328125 0.503125 0.0109375 0.1859375
3 0.446875 0.25625 0.0109375 0.1359375
3 0.3984375 0.25625 0.0109375 0.1359375
3 0.421875 0.26875 0.0109375 0.109375
3 0.375 0.271875 0.0109375 0.1046875
3 0.3515625 0.2546875 0.0109375 0.140625
3 0.328125 0.2921875 0.0109375 0.065625
3 0.303125 0.2328125 0.0125 0.184375
3 0.2796875 0.2796875 0.0109375 0.0921875
3 0.2546875 0.284375 0.0125 0.0796875
27 0.4640625 0.878125 0.00625 0.0078125
27 0.4390625 0.878125 0.00625 0.0109375
27 0.415625 0.878125 0.00625 0.0078125
27 0.3921875 0.878125 0.0078125 0.009375
27 0.3671875 0.878125 0.0078125 0.0125
27 0.446875 0.6078125 0.0078125 0.0109375
27 0.4234375 0.6078125 0.0078125 0.0109375
27 0.4 0.6078125 0.0078125 0.0109375
27 0.375 0.6078125 0.0078125 0.009375
27 0.3515625 0.6078125 0.00625 0.0109375
27 0.328125 0.6078125 0.0078125 0.0109375
27 0.446875 0.3375 0.0078125 0.009375
27 0.4234375 0.3375 0.00625 0.0109375
27 0.4 0.3390625 0.00625 0.009375
27 0.375 0.3390625 0.00625 0.0109375
27 0.3515625 0.3375 0.00625 0.0109375
27 0.3265625 0.3375 0.00625 0.009375
27 0.303125 0.3375 0.00625 0.009375
27 0.2796875 0.3375 0.00625 0.009375
27 0.25625 0.3375 0.00625 0.009375
15 0.1734375 0.5640625 0.0296875 0.0859375
3 0.171875 0.5640625 0.009375 0.0265625
15 0.1734375 0.45625 0.0296875 0.10625
3 0.171875 0.45625 0.009375 0.046875