16 0.503125 0.765625 0.3046875 0.3734375
3 0.63125 0.6546875 0.0171875 0.1234375
3 0.5859375 0.6171875 0.0125 0.0515625
3 0.5859375 0.9140625 0.0140625 0.040625
3 0.5375 0.9171875 0.0140625 0.0328125
3 0.4890625 0.9171875 0.0140625 0.034375
3 0.4421875 0.909375 0.0140625 0.05
3 0.5359375 0.6484375 0.0140625 0.109375
3 0.4890625 0.63125 0.0140625 0.0796875
3 0.440625 0.6265625 0.0125 0.06875
15 0.3859375 0.7640625 0.0390625 0.3421875
3 0.3859375 0.7640625 0.0125 0.06875
23 0.5625 0.7640625 0.003125 0.3421875
23 0.5140625 0.7640625 0.003125 0.3421875
23 0.465625 0.7640625 0.003125 0.3421875
23 0.45625 0.2796875 0.003125 0.5390625
20 0.6375 0.425 0.0359375 0.0625
20 0.4109375 0.421875 0.0359375 0.0640625
27 0.4203125 0.540625 0.0125 0.0109375
27 0.6453125 0.540625 0.0140625 0.0125
27 0.5015625 0.2109375 0.0109375 0.015625
27 0.2765625 0.2109375 0.0125 0.015625
3 0.2765625 0.25625 0.0125 0.05
3 0.378125 0.2171875 0.0125 0.05
3 0.3984375 0.23125 0.0125 0.075
3 0.4171875 0.253125 0.0140625 0.115625
3 0.5015625 0.25625 0.0109375 0.0484375
3 0.6015625 0.21875 0.0125 0.05
3 0.621875 0.2359375 0.0125 0.084375
3 0.6421875 0.25625 0.0125 0.1234375
3 0.703125 0.1421875 0.0421875 0.2625
28 0.56875 0.0953125 0.1734375 0.1734375
28 0.34375 0.0953125 0.171875 0.171875