3 0.2421875 0.803125 0.0171875 0.3921875
3 0.2796875 0.7625 0.01875 0.4734375
3 0.5 0.25625 0.165625 0.3578125
3 0.6265625 0.3328125 0.015625 0.09375
3 0.6453125 0.3640625 0.0125 0.0328125
3 0.746875 0.8328125 0.021875 0.3328125
15 0.690625 0.7390625 0.0578125 0.521875
3 0.690625 0.7609375 0.0171875 0.0765625
38 0.353125 0.8859375 0.0453125 0.2265625
38 0.353125 0.615625 0.046875 0.275
38 0.440625 0.6140625 0.0453125 0.275
38 0.4390625 0.8859375 0.046875 0.2265625
39 0.5734375 0.7375 0.14375 0.5234375
11 0.634375 0.415625 0.040625 0.0453125
28 0.3796875 0.384375 0.0265625 0.0921875