16 0.425 0.5390625 0.7140625 0.6625
3 0.434375 0.6953125 0.0203125 0.14375
27 0.9328125 0.5375 0.0640625 0.06875
3 0.571875 0.759375 0.01875 0.096875
3 0.8421875 0.5390625 0.0421875 0.3484375
3 0.2578125 0.5421875 0.0203125 0.1625
3 0.7 0.740625 0.0203125 0.1359375
3 0.4328125 0.35625 0.021875 0.178125
3 0.0125 0.578125 0.0234375 0.2203125
15 0.159375 0.40625 0.0609375 0.2734375
3 0.159375 0.3890625 0.021875 0.10625
3 0.0109375 0.4265625 0.021875 0.071875
15 0.159375 0.6859375 0.0609375 0.2484375
3 0.15625 0.66875 0.0234375 0.075
23 0.25625 0.7234375 0.00625 0.1671875
23 0.25625 0.3546875 0.00625 0.1671875
15 0.3546875 0.5390625 0.0578125 0.5359375
3 0.353125 0.540625 0.021875 0.0734375
18 0.434375 0.79375 0.034375 0.03125
38 0.5234375 0.5375 0.0625 0.5390625
38 0.653125 0.540625 0.0609375 0.5390625