5 0.940625 0.5 0.11875 0.746875
16 0.4328125 0.7 0.865625 0.2359375
3 0.834375 0.846875 0.0703125 0.01875
11 0.06875 0.84375 0.028125 0.028125
3 0.025 0.8375 0.05 0.0109375
3 0.025 0.8515625 0.05 0.0109375
16 0.4328125 0.4546875 0.865625 0.2375
16 0.4328125 0.2265625 0.865625 0.2
3 0.79375 0.784375 0.0765625 0.015625
3 0.7796875 0.7078125 0.140625 0.0296875
3 0.7984375 0.7390625 0.1046875 0.0125
15 0.796875 0.615625 0.1046875 0.028125
3 0.7984375 0.615625 0.0859375 0.0109375
15 0.6921875 0.615625 0.078125 0.028125
3 0.690625 0.615625 0.0609375 0.0125
3 0.46875 0.784375 0.103125 0.015625
3 0.2625 0.78125 0.0328125 0.0109375
3 0.0375 0.7828125 0.0453125 0.0109375
3 0.0578125 0.75 0.090625 0.0125
3 0.065625 0.728125 0.103125 0.0109375
3 0.2578125 0.75 0.025 0.0109375
3 0.2546875 0.728125 0.03125 0.0109375
3 0.065625 0.7046875 0.103125 0.009375
3 0.065625 0.68125 0.103125 0.0109375
3 0.065625 0.6578125 0.1078125 0.0109375
3 0.253125 0.703125 0.034375 0.009375
3 0.2578125 0.68125 0.0203125 0.0125
3 0.2546875 0.6578125 0.0296875 0.009375
27 0.2765625 0.75 0.00625 0.0046875
27 0.275 0.728125 0.0046875 0.00625
27 0.2765625 0.7046875 0.00625 0.00625
27 0.2765625 0.68125 0.0078125 0.0078125
27 0.2765625 0.659375 0.0078125 0.0078125
27 0.84375 0.784375 0.009375 0.0171875
27 0.734375 0.7390625 0.009375 0.0078125
3 0.7546875 0.5390625 0.146875 0.0125
3 0.7984375 0.49375 0.1046875 0.009375
3 0.7796875 0.459375 0.1390625 0.028125
3 0.46875 0.5390625 0.1015625 0.015625
15 0.796875 0.3703125 0.1046875 0.028125
3 0.796875 0.36875 0.084375 0.0109375
14 0.6921875 0.3703125 0.078125 0.028125
3 0.6921875 0.3703125 0.0578125 0.009375
3 0.2640625 0.5359375 0.0296875 0.0109375
3 0.0359375 0.5359375 0.04375 0.0109375
3 0.25625 0.5046875 0.0265625 0.009375
3 0.0578125 0.5046875 0.090625 0.0109375
3 0.065625 0.48125 0.1046875 0.009375
3 0.065625 0.4578125 0.1046875 0.009375
3 0.065625 0.4359375 0.1046875 0.009375
3 0.065625 0.4125 0.10625 0.0109375
3 0.2578125 0.4125 0.021875 0.009375
3 0.253125 0.4359375 0.0328125 0.009375
3 0.2578125 0.459375 0.0234375 0.009375
3 0.253125 0.48125 0.0296875 0.0078125
3 0.0359375 0.290625 0.04375 0.0109375
3 0.2640625 0.290625 0.03125 0.009375
3 0.0578125 0.2578125 0.0890625 0.0125
3 0.065625 0.2359375 0.103125 0.0109375
3 0.065625 0.2125 0.103125 0.0109375
3 0.0640625 0.1890625 0.1046875 0.009375
3 0.065625 0.1671875 0.1046875 0.0109375
3 0.25625 0.259375 0.025 0.0109375
3 0.253125 0.2359375 0.03125 0.009375
3 0.25625 0.2125 0.0234375 0.0109375
3 0.2578125 0.1890625 0.0203125 0.009375
3 0.2515625 0.1671875 0.034375 0.009375
3 0.46875 0.29375 0.103125 0.0140625
3 0.7578125 0.29375 0.140625 0.015625
3 0.8 0.2484375 0.1046875 0.0109375
3 0.740625 0.2140625 0.2171875 0.03125
15 0.796875 0.1328125 0.10625 0.0125
3 0.796875 0.128125 0.084375 0.003125
15 0.6921875 0.1328125 0.078125 0.0125
3 0.6921875 0.128125 0.05625 0.003125
27 0.734375 0.4921875 0.0109375 0.009375
27 0.734375 0.246875 0.0109375 0.0078125
1 0.4671875 0.6859375 0.1421875 0.1453125
1 0.4671875 0.4390625 0.14375 0.14375
1 0.4671875 0.1953125 0.14375 0.1390625