16 0.2421875 0.60625 0.484375 0.44375
3 0.075 0.846875 0.1484375 0.0125
16 0.7546875 0.603125 0.490625 0.4453125
3 0.5828125 0.846875 0.134375 0.0109375
3 0.021875 0.3421875 0.04375 0.0140625
3 0.971875 0.3421875 0.05625 0.0140625
3 0.078125 0.4890625 0.140625 0.0140625
16 0.5 0.2296875 1 0.165625
3 0.1078125 0.190625 0.0625 0.0109375
3 0.5609375 0.7859375 0.05 0.0125
3 0.5734375 0.665625 0.075 0.0125
3 0.5625 0.725 0.0546875 0.0125
3 0.5640625 0.6046875 0.059375 0.0125
3 0.5546875 0.5453125 0.0390625 0.0125
3 0.56875 0.484375 0.0671875 0.0140625
3 0.559375 0.425 0.0484375 0.0125
3 0.7125 0.7859375 0.0296875 0.0109375
3 0.7171875 0.725 0.0390625 0.009375
3 0.7125 0.665625 0.0296875 0.0109375
3 0.7125 0.6046875 0.0296875 0.0109375
3 0.7125 0.54375 0.0296875 0.0109375
3 0.7171875 0.484375 0.0390625 0.0109375
3 0.7171875 0.425 0.0390625 0.0109375
3 0.14375 0.278125 0.13125 0.0109375
3 0.525 0.25625 0.8953125 0.009375
3 0.95 0.2796875 0.0453125 0.0125
3 0.95 0.190625 0.0484375 0.0140625
3 0.525 0.1671875 0.8953125 0.009375
3 0.0953125 0.2328125 0.0328125 0.009375
3 0.159375 0.2328125 0.0609375 0.009375
3 0.2171875 0.2328125 0.0234375 0.009375
3 0.103125 0.1484375 0.0515625 0.003125
3 0.1671875 0.1484375 0.04375 0.003125
3 0.228125 0.1484375 0.046875 0.003125
23 0.7171875 0.2140625 0.5359375 0.0015625
28 0.0359375 0.2671875 0.0484375 0.0484375
28 0.0359375 0.178125 0.046875 0.0484375
36 0.6703125 0.7859375 0.034375 0.01875
36 0.6703125 0.725 0.0328125 0.01875
36 0.66875 0.665625 0.0328125 0.01875
36 0.66875 0.6046875 0.034375 0.01875
36 0.66875 0.5453125 0.034375 0.0203125
36 0.66875 0.484375 0.0328125 0.01875
36 0.66875 0.425 0.03125 0.0171875
38 0.828125 0.7859375 0.0796875 0.0375
38 0.94375 0.7859375 0.08125 0.0375
38 0.828125 0.665625 0.08125 0.0390625
38 0.94375 0.665625 0.08125 0.0390625
38 0.828125 0.6046875 0.08125 0.0390625
38 0.94375 0.6046875 0.08125 0.0390625
38 0.828125 0.5453125 0.08125 0.0390625
38 0.94375 0.5453125 0.08125 0.040625
23 0.7578125 0.4546875 0.45625 0.003125
23 0.7578125 0.515625 0.45625 0.003125
23 0.7578125 0.5765625 0.4578125 0.0015625
23 0.8859375 0.5453125 0.0140625 0.0015625
23 0.8859375 0.6046875 0.0125 0.0015625
23 0.759375 0.6359375 0.4546875 0.003125
23 0.8859375 0.665625 0.0125 0.003125
23 0.7578125 0.696875 0.45625 0.003125
23 0.7578125 0.75625 0.4546875 0.0015625
23 0.8875 0.7859375 0.015625 0.003125
15 0.1640625 0.7765625 0.159375 0.0359375
3 0.1640625 0.775 0.128125 0.0125
27 0.275 0.775 0.015625 0.0171875
28 0.040625 0.7765625 0.059375 0.0609375
38 0.2390625 0.6875 0.453125 0.0390625
3 0.0578125 0.721875 0.090625 0.009375
3 0.028125 0.646875 0.03125 0.009375
3 0.2546875 0.646875 0.0203125 0.009375
3 0.2546875 0.571875 0.0203125 0.0125
3 0.05 0.5734375 0.0765625 0.0109375
38 0.121875 0.6125 0.2203125 0.0390625
38 0.3546875 0.6140625 0.2203125 0.0390625
38 0.3546875 0.5390625 0.2203125 0.0390625
38 0.121875 0.5390625 0.2203125 0.0390625
3 0.05 0.4578125 0.0765625 0.0109375
3 0.2828125 0.4578125 0.071875 0.0109375
16 0.121875 0.425 0.2203125 0.040625
16 0.3546875 0.425 0.2203125 0.0390625