22 0.5125 0.4671875 0.596875 0.6203125
3 0.2453125 0.2078125 0.01875 0.0609375
3 0.2859375 0.2171875 0.0109375 0.0765625
3 0.31875 0.1953125 0.0109375 0.0171875
3 0.328125 0.2609375 0.009375 0.078125
3 0.3125 0.253125 0.009375 0.0640625
3 0.3109375 0.415625 0.0109375 0.084375
3 0.3265625 0.4359375 0.0109375 0.0421875
3 0.2875 0.546875 0.0109375 0.1375
27 0.2453125 0.7484375 0.0140625 0.0125
20 0.33125 0.6171875 0.034375 0.2828125
16 0.53125 0.31875 0.3578125 0.2828125
3 0.375 0.228125 0.009375 0.078125
3 0.409375 0.259375 0.0125 0.1390625
3 0.4078125 0.44375 0.0078125 0.0140625
37 0.584375 0.61875 0.4546875 0.3
3 0.3734375 0.5453125 0.0125 0.03125
3 0.3734375 0.6890625 0.0109375 0.03125
3 0.415625 0.546875 0.0125 0.1375
3 0.465625 0.5953125 0.01875 0.0140625
3 0.4671875 0.625 0.01875 0.0359375
3 0.5125 0.4953125 0.0125 0.015625
3 0.5125 0.5375 0.0125 0.01875
3 0.5125 0.5875 0.0125 0.0234375
3 0.5125 0.634375 0.0125 0.025
3 0.5125 0.684375 0.015625 0.028125
3 0.5125 0.734375 0.0125 0.028125
3 0.5125 0.771875 0.009375 0.0078125
3 0.428125 0.20625 0.0109375 0.0296875
3 0.453125 0.4421875 0.0109375 0.0109375
3 0.4953125 0.4390625 0.0109375 0.0140625
3 0.5421875 0.440625 0.0109375 0.0109375
3 0.61875 0.43125 0.0125 0.034375
3 0.64375 0.4328125 0.0109375 0.03125
3 0.6734375 0.4265625 0.0109375 0.0375
3 0.61875 0.2109375 0.009375 0.0390625
3 0.64375 0.2140625 0.0109375 0.0484375
3 0.675 0.2046875 0.0109375 0.028125
3 0.5625 0.20625 0.009375 0.0296875
3 0.453125 0.2484375 0.0109375 0.1171875
3 0.471875 0.2078125 0.009375 0.0328125
3 0.4984375 0.23125 0.009375 0.078125
3 0.5171875 0.2078125 0.0125 0.0328125
3 0.5421875 0.2375 0.0109375 0.09375
15 0.79375 0.6171875 0.0328125 0.28125
3 0.796875 0.61875 0.0125 0.05
3 0.56875 0.521875 0.0125 0.0109375
3 0.6265625 0.521875 0.0140625 0.0125
3 0.56875 0.6171875 0.0140625 0.0109375
3 0.56875 0.7140625 0.0140625 0.009375
3 0.628125 0.6171875 0.0140625 0.0109375
3 0.6265625 0.7140625 0.0140625 0.0125
3 0.684375 0.521875 0.0140625 0.0109375
3 0.7484375 0.521875 0.0078125 0.0078125
3 0.74375 0.6171875 0.0140625 0.0125
3 0.6859375 0.6171875 0.0140625 0.009375
3 0.6859375 0.7125 0.0125 0.0125
27 0.74375 0.7140625 0.0140625 0.015625