27 0.99375 0.71875 0.0125 0.01875
3 0.990625 0.615625 0.0171875 0.15625
12 0.9921875 0.296875 0.0140625 0.01875
16 0.8234375 0.5609375 0.1984375 0.3328125
3 0.9015625 0.66875 0.0171875 0.071875
3 0.9015625 0.4703125 0.0171875 0.1015625
16 0.825 0.315625 0.203125 0.1125
3 0.903125 0.3125 0.01875 0.0671875
17 0.8015625 0.5609375 0.1375 0.3078125
23 0.8796875 0.5609375 0.0046875 0.2890625
17 0.803125 0.30625 0.1328125 0.0953125
23 0.88125 0.303125 0.0046875 0.0890625
3 0.68125 0.6765625 0.01875 0.0953125
3 0.6796875 0.3390625 0.01875 0.0859375
27 0.68125 0.2828125 0.009375 0.015625
27 0.68125 0.4 0.015625 0.015625
16 0.5 0.496875 0.2953125 0.4578125
27 0.625 0.5375 0.0109375 0.01875
3 0.6234375 0.6296875 0.0203125 0.146875
0 0.48125 0.4984375 0.228125 0.4203125
3 0.3078125 0.621875 0.021875 0.2046875
16 0.1390625 0.4984375 0.2765625 0.459375
3 0.2390625 0.559375 0.0171875 0.13125
3 0.2375 0.346875 0.01875 0.075
3 0.2140625 0.35 0.0125 0.0828125
3 0.15625 0.3484375 0.01875 0.075
3 0.134375 0.35 0.0140625 0.0828125
3 0.2140625 0.575 0.0140625 0.0953125
3 0.1578125 0.565625 0.015625 0.1171875
3 0.1328125 0.5765625 0.0140625 0.0953125
3 0.0765625 0.559375 0.015625 0.128125
3 0.0515625 0.575 0.0125 0.096875
3 0.05 0.35 0.0140625 0.0828125
3 0.0734375 0.3484375 0.0171875 0.075
3 0.0015625 0.5671875 0.003125 0.11875
3 0.0015625 0.35 0.003125 0.075
3 0.309375 0.3078125 0.0140625 0.0234375
27 0.3109375 0.2828125 0.00625 0.015625
27 0.309375 0.3359375 0.015625 0.015625
27 0.2296875 0.671875 0.025 0.028125
27 0.1484375 0.6703125 0.0265625 0.025
27 0.0640625 0.671875 0.0265625 0.0265625
27 0.2234375 0.4125 0.0140625 0.0203125
27 0.1453125 0.4125 0.0140625 0.0171875
27 0.0609375 0.4125 0.015625 0.01875
27 0.0015625 0.4125 0.0015625 0.0171875
23 0.1890625 0.4984375 0.003125 0.3890625
23 0.1078125 0.4984375 0.0046875 0.3875
23 0.025 0.5 0.003125 0.3890625