27 0.721875 0.321875 0.0140625 0.0109375
27 0.7203125 0.3578125 0.0140625 0.0109375
27 0.3671875 0.25 0.015625 0.0109375
27 0.721875 0.25 0.015625 0.0109375
27 0.3671875 0.2859375 0.0140625 0.0109375
27 0.3671875 0.321875 0.0140625 0.0109375
27 0.0125 0.39375 0.0140625 0.0109375
27 0.721875 0.2859375 0.015625 0.0109375
27 0.0125 0.2859375 0.015625 0.0109375
27 0.0125 0.3578125 0.0140625 0.009375
27 0.3671875 0.39375 0.0140625 0.0109375
27 0.0125 0.321875 0.0140625 0.009375
27 0.3671875 0.3578125 0.0140625 0.0109375
27 0.721875 0.39375 0.0140625 0.0109375
3 0.0296875 0.5703125 0.053125 0.025
15 0.50625 0.4953125 0.2984375 0.0359375
15 0.8546875 0.4953125 0.2890625 0.0359375
3 0.8 0.359375 0.1234375 0.0140625
3 0.796875 0.3234375 0.1171875 0.0140625
3 0.7390625 0.5703125 0.0515625 0.025
15 0.153125 0.4953125 0.3 0.0375
3 0.078125 0.3234375 0.09375 0.0125
3 0.44375 0.3234375 0.121875 0.0140625
3 0.7921875 0.3953125 0.1203125 0.0140625
3 0.0953125 0.359375 0.140625 0.0140625
3 0.3859375 0.5703125 0.053125 0.025
3 0.453125 0.359375 0.146875 0.0140625
3 0.0859375 0.5640625 0.046875 0.0125
3 0.8578125 0.2859375 0.2453125 0.015625
3 0.79375 0.5640625 0.046875 0.0125
3 0.1203125 0.2859375 0.1890625 0.0140625
3 0.440625 0.5640625 0.0453125 0.0125
3 0.734375 0.6140625 0.05 0.0140625
3 0.5046875 0.7765625 0.4890625 0.0265625
3 0.471875 0.2859375 0.18125 0.0140625
3 0.503125 0.7078125 0.390625 0.0171875
3 0.50625 0.7328125 0.6 0.0171875
3 0.3875 0.6140625 0.0640625 0.0140625
3 0.50625 0.4421875 0.2984375 0.0328125
3 0.0625 0.39375 0.0671875 0.0140625
3 0.021875 0.6140625 0.0390625 0.0125
3 0.4546875 0.25 0.14375 0.0140625
3 0.4453125 0.5359375 0.1890625 0.015625
3 0.853125 0.44375 0.2921875 0.0359375
3 0.1390625 0.4421875 0.275 0.034375
3 0.80625 0.25 0.1375 0.0140625
3 0.8 0.5359375 0.1875 0.015625
3 0.0921875 0.5359375 0.1796875 0.015625
3 0.4203125 0.39375 0.075 0.0140625
3 0.15 0.4953125 0.059375 0.0171875
3 0.5046875 0.49375 0.059375 0.01875
3 0.859375 0.4953125 0.0609375 0.015625
23 0.3296875 0.428125 0.0046875 0.4390625
23 0.6828125 0.428125 0.0046875 0.440625