28 0.5 0.2703125 0.65 0.540625
3 0.8015625 0.8921875 0.03125 0.215625
3 0.75 0.8171875 0.0359375 0.365625
3 0.3390625 0.9609375 0.015625 0.0765625
3 0.309375 0.9578125 0.0140625 0.084375
3 0.284375 0.96875 0.015625 0.0609375
3 0.259375 0.9640625 0.015625 0.0703125
3 0.234375 0.9828125 0.0140625 0.0328125
15 0.1796875 0.65 0.009375 0.10625
23 0.203125 0.7984375 0.003125 0.403125
38 0.696875 0.915625 0.0375 0.1671875
38 0.696875 0.7046875 0.0375 0.215625
38 0.6421875 0.7984375 0.0375 0.403125
38 0.5859375 0.796875 0.0375 0.4046875
38 0.5296875 0.7984375 0.0375 0.403125
39 0.4328125 0.7984375 0.121875 0.403125