16 0.503125 0.5 0.9234375 0.5375
3 0.1546875 0.29375 0.0578125 0.021875
16 0.7140625 0.5 0.4109375 0.4484375
3 0.6171875 0.3328125 0.115625 0.01875
3 0.8609375 0.33125 0.0453125 0.01875
3 0.859375 0.4078125 0.0421875 0.0171875
3 0.859375 0.484375 0.0421875 0.0171875
3 0.8609375 0.559375 0.040625 0.0171875
3 0.60625 0.559375 0.090625 0.0171875
16 0.725 0.6515625 0.36875 0.103125
3 0.60625 0.6296875 0.08125 0.01875
3 0.7109375 0.628125 0.0640625 0.01875
3 0.7953125 0.628125 0.0390625 0.0171875
3 0.6109375 0.6625 0.0125 0.0171875
3 0.725 0.6625 0.0140625 0.01875
3 0.8203125 0.6625 0.0125 0.0171875
3 0.678125 0.5609375 0.01875 0.0125
3 0.7625 0.484375 0.0203125 0.0140625
3 0.646875 0.4859375 0.1734375 0.0203125
3 0.6078125 0.409375 0.0953125 0.01875
3 0.6828125 0.4078125 0.01875 0.0140625
3 0.703125 0.33125 0.01875 0.015625
27 0.5484375 0.33125 0.0125 0.0125
27 0.5484375 0.4078125 0.0140625 0.0125
27 0.5484375 0.484375 0.0140625 0.0125
27 0.5484375 0.559375 0.0125 0.0140625
27 0.58125 0.6625 0.0265625 0.028125
27 0.696875 0.6625 0.0265625 0.0265625
27 0.7921875 0.6625 0.0265625 0.028125
27 0.103125 0.29375 0.0265625 0.028125
23 0.7109375 0.3640625 0.340625 0.00625
23 0.7109375 0.4390625 0.3390625 0.0046875
23 0.7125 0.515625 0.340625 0.00625
1 0.278125 0.5328125 0.3828125 0.384375
3 0.278125 0.575 0.121875 0.0203125
3 0.2734375 0.51875 0.178125 0.078125