37 0.3078125 0.7171875 0.29375 0.5640625
33 0.3484375 0.9609375 0.0125 0.078125
3 0.165625 0.734375 0.0078125 0.53125
33 0.1859375 0.9609375 0.0140625 0.078125
3 0.440625 0.95625 0.0171875 0.0859375
3 0.4421875 0.8625 0.0171875 0.0296875
3 0.440625 0.784375 0.01875 0.0546875
3 0.365625 0.96875 0.0140625 0.0625
3 0.384375 0.971875 0.015625 0.05625
3 0.3046875 0.71875 0.0484375 0.5609375
3 0.2046875 0.96875 0.0109375 0.0625
3 0.221875 0.971875 0.0125 0.0546875
23 0.2609375 0.71875 0.0046875 0.5609375
23 0.3234375 0.20625 0.003125 0.4125
23 0.4609375 0.2078125 0.003125 0.4140625
3 0.4296875 0.3921875 0.0109375 0.046875
3 0.378125 0.209375 0.0640625 0.415625
3 0.290625 0.3953125 0.0125 0.0390625
27 0.2578125 0.3953125 0.0125 0.0140625
27 0.25625 0.3625 0.0125 0.0140625
27 0.2578125 0.328125 0.0125 0.0140625
27 0.2578125 0.29375 0.0140625 0.0140625
3 0.58125 0.3796875 0.0140625 0.0703125
3 0.553125 0.321875 0.0125 0.184375
3 0.5328125 0.3484375 0.0125 0.1296875
3 0.5125 0.3515625 0.0109375 0.11875
3 0.4921875 0.34375 0.009375 0.1375
15 0.653125 0.3140625 0.0390625 0.2015625
3 0.653125 0.3140625 0.0140625 0.0703125
15 0.653125 0.096875 0.040625 0.19375
3 0.653125 0.0921875 0.0140625 0.05625
23 0.6140625 0.2078125 0.003125 0.4140625
3 0.821875 0.278125 0.0296875 0.2734375
3 0.7890625 0.3265625 0.0125 0.1765625
3 0.7265625 0.209375 0.075 0.415625
16 0.659375 0.7171875 0.3578125 0.5640625