5 0.5 0.0359375 0.490625 0.071875
16 0.2640625 0.540625 0.0171875 0.9171875
27 0.2578125 0.0953125 0.00625 0.0078125
16 0.321875 0.4046875 0.0828125 0.64375
27 0.2984375 0.1796875 0.00625 0.0078125
15 0.259375 0.1390625 0.0078125 0.0140625
27 0.2578125 0.1375 0.003125 0.003125
27 0.2578125 0.98125 0.00625 0.0078125
27 0.2578125 0.996875 0.00625 0.0046875
3 0.2578125 0.11875 0.0046875 0.0203125
3 0.2578125 0.1421875 0.0046875 0.003125
16 0.3234375 0.8125 0.0859375 0.1546875
16 0.3234375 0.9484375 0.0859375 0.1015625
16 0.4171875 0.8125 0.084375 0.1546875
16 0.4171875 0.9484375 0.084375 0.1015625
16 0.5078125 0.8671875 0.0796875 0.265625
16 0.653125 0.8671875 0.1859375 0.265625
16 0.653125 0.5671875 0.1859375 0.31875
16 0.653125 0.240625 0.1859375 0.3171875
16 0.4625 0.403125 0.1765625 0.6453125
0 0.4734375 0.29375 0.140625 0.409375
3 0.39375 0.11875 0.00625 0.0515625
27 0.39375 0.4921875 0.0078125 0.003125
27 0.3015625 0.7546875 0.01875 0.0171875
27 0.2984375 0.875 0.0078125 0.0015625
27 0.3921875 0.875 0.00625 0.003125
27 0.3953125 0.7546875 0.01875 0.01875
27 0.3953125 0.91875 0.01875 0.01875
27 0.3015625 0.91875 0.01875 0.01875
34 0.5046875 0.965625 0.046875 0.0671875
27 0.6078125 0.7546875 0.01875 0.01875
27 0.6359375 0.7546875 0.0171875 0.01875
27 0.6640625 0.7546875 0.0171875 0.01875
27 0.6921875 0.7546875 0.0171875 0.0171875
27 0.721875 0.7546875 0.01875 0.01875
27 0.74375 0.7546875 0.0046875 0.0171875
27 0.609375 0.43125 0.021875 0.0203125
27 0.6703125 0.1015625 0.0171875 0.01875
27 0.696875 0.1015625 0.0171875 0.01875
27 0.7234375 0.1015625 0.0171875 0.0171875
27 0.74375 0.1015625 0.0046875 0.01875
27 0.5828125 0.3796875 0.0078125 0.003125
27 0.521875 0.5796875 0.0171875 0.015625
27 0.521875 0.6328125 0.0171875 0.0171875
3 0.2984375 0.1328125 0.00625 0.078125
3 0.3203125 0.1609375 0.015625 0.1359375
15 0.3453125 0.115625 0.0125 0.0453125
3 0.3453125 0.115625 0.00625 0.0359375
28 0.3234375 0.6515625 0.0796875 0.1
3 0.321875 0.7546875 0.00625 0.015625
3 0.334375 0.7609375 0.0078125 0.0296875
3 0.35 0.7640625 0.00625 0.0171875
3 0.321875 0.9171875 0.00625 0.0171875
3 0.334375 0.9234375 0.0078125 0.0265625
3 0.35 0.9296875 0.0046875 0.0203125
27 0.35 0.75 0.0046875 0.0046875
27 0.35 0.9140625 0.0046875 0.003125
27 0.44375 0.75 0.0046875 0.0046875
27 0.44375 0.9140625 0.0046875 0.003125
3 0.415625 0.7609375 0.00625 0.0296875
3 0.428125 0.759375 0.0078125 0.0265625
3 0.415625 0.928125 0.00625 0.0375
3 0.428125 0.925 0.0078125 0.0296875
3 0.4859375 0.771875 0.0078125 0.0515625
3 0.4984375 0.7640625 0.0046875 0.028125
3 0.515625 0.765625 0.00625 0.01875
3 0.5296875 0.7703125 0.009375 0.0484375
27 0.515625 0.75 0.0046875 0.0046875
3 0.5796875 0.76875 0.0078125 0.046875
3 0.6125 0.7875 0.00625 0.0375
3 0.603125 0.778125 0.0046875 0.01875
3 0.640625 0.778125 0.00625 0.01875
3 0.63125 0.7765625 0.0046875 0.0171875
3 0.66875 0.7796875 0.00625 0.021875
3 0.659375 0.7796875 0.0046875 0.021875
3 0.696875 0.790625 0.00625 0.040625
3 0.6890625 0.784375 0.0046875 0.0296875
3 0.7265625 0.784375 0.00625 0.03125
3 0.7171875 0.7765625 0.0046875 0.015625
3 0.74375 0.784375 0.003125 0.03125
27 0.6125 0.478125 0.003125 0.0046875
3 0.6125 0.4921875 0.0046875 0.0125
3 0.6140625 0.4578125 0.00625 0.0234375
3 0.603125 0.465625 0.00625 0.0390625
15 0.5796875 0.440625 0.0171875 0.040625
3 0.5796875 0.440625 0.00625 0.0234375
3 0.5796875 0.4859375 0.00625 0.0296875
3 0.5796875 0.5328125 0.00625 0.01875
34 0.6828125 0.5671875 0.1078125 0.303125
3 0.74375 0.575 0.0046875 0.0546875
1 0.7421875 0.53125 0.00625 0.0203125
1 0.6296875 0.3671875 0.040625 0.040625
1 0.634375 0.3671875 0.00625 0.01875
1 0.625 0.3671875 0.0078125 0.0171875
1 0.6703125 0.3796875 0.009375 0.01875
1 0.696875 0.378125 0.00625 0.01875
1 0.7234375 0.3828125 0.00625 0.0125
1 0.74375 0.125 0.003125 0.021875
1 0.728125 0.1359375 0.00625 0.040625
1 0.71875 0.125 0.00625 0.0203125
1 0.7015625 0.140625 0.00625 0.0515625
1 0.6921875 0.128125 0.00625 0.025
1 0.675 0.1421875 0.0046875 0.053125
1 0.665625 0.13125 0.00625 0.0328125
1 0.5890625 0.121875 0.0078125 0.0578125
1 0.578125 0.121875 0.0078125 0.059375
1 0.621875 0.109375 0.0109375 0.0359375
1 0.6359375 0.1109375 0.00625 0.0359375
1 0.49375 0.6171875 0.00625 0.06875
1 0.4640625 0.61875 0.00625 0.021875
1 0.453125 0.61875 0.0078125 0.0203125
1 0.5265625 0.603125 0.00625 0.021875
1 0.51875 0.5984375 0.00625 0.015625
1 0.5265625 0.6546875 0.00625 0.0203125
1 0.5171875 0.65 0.00625 0.015625
20 0.4015625 0.61875 0.0171875 0.0453125