16 0.49375 0.4984375 0.85 0.5859375
3 0.16875 0.2546875 0.1421875 0.0296875
38 0.49375 0.4265625 0.7953125 0.2625
3 0.2203125 0.746875 0.15625 0.0234375
27 0.1140625 0.746875 0.021875 0.03125
15 0.51875 0.659375 0.16875 0.05625
27 0.459375 0.6609375 0.028125 0.0265625
15 0.68125 0.659375 0.1296875 0.05625
27 0.64375 0.6609375 0.03125 0.0296875
15 0.8296875 0.659375 0.1421875 0.0578125
27 0.784375 0.6609375 0.0296875 0.0296875
3 0.534375 0.6609375 0.1015625 0.0234375
3 0.6953125 0.659375 0.0609375 0.021875
3 0.84375 0.6609375 0.0734375 0.0234375
15 0.8484375 0.7453125 0.109375 0.0640625
3 0.846875 0.7453125 0.0609375 0.021875
23 0.4921875 0.7 0.840625 0.0078125