3 0.528125 0.15625 0.028125 0.3109375
21 0.728125 0.490625 0.3375 0.98125
15 0.525 0.715625 0.0375 0.140625
3 0.525 0.7171875 0.0125 0.05
27 0.525 0.8265625 0.0140625 0.015625
11 0.525 0.9203125 0.0375 0.125
28 0.3390625 0.4921875 0.2875 0.9828125
14 0.16875 0.1171875 0.015625 0.234375
38 0.1140625 0.125 0.0375 0.25
27 0.115625 0.55625 0.01875 0.015625
27 0.1140625 0.6125 0.0171875 0.0140625
29 0.1140625 0.7265625 0.0375 0.1578125
15 0.1140625 0.9046875 0.0375 0.1578125
3 0.115625 0.903125 0.0125 0.040625