3 0.78125 0.5359375 0.4359375 0.0171875
3 0.9515625 0.5765625 0.096875 0.0140625
15 0.9125 0.6296875 0.1734375 0.0484375
3 0.9109375 0.6296875 0.1375 0.01875
3 0.8015625 0.4375 0.396875 0.0515625
3 0.765625 0.55625 0.46875 0.0171875
10 0.5 0.215625 1 0.025
28 0.246875 0.5140625 0.49375 0.565625
3 0.059375 0.20625 0.046875 0.0046875
3 0.1375 0.20625 0.028125 0.0046875
3 0.2203125 0.20625 0.0578125 0.0046875
3 0.3015625 0.20625 0.028125 0.00625
27 0.959375 0.2078125 0.0171875 0.0078125
3 0.903125 0.4890625 0.19375 0.05