27 0.0265625 0.7140625 0.01875 0.01875
3 0.028125 0.6109375 0.0234375 0.1578125
12 0.0265625 0.2921875 0.0234375 0.0203125
16 0.2 0.55625 0.1984375 0.3328125
3 0.1203125 0.665625 0.0171875 0.071875
3 0.121875 0.4671875 0.0171875 0.1015625
16 0.196875 0.3125 0.203125 0.1078125
3 0.1203125 0.3078125 0.01875 0.0671875
17 0.221875 0.5578125 0.1375 0.3078125
23 0.1421875 0.5578125 0.0046875 0.2890625
17 0.2203125 0.3046875 0.1328125 0.0921875
23 0.1421875 0.3015625 0.0046875 0.0859375
3 0.3421875 0.6734375 0.01875 0.0953125
3 0.3421875 0.3359375 0.01875 0.0859375
27 0.3421875 0.278125 0.009375 0.015625
27 0.3421875 0.3953125 0.015625 0.015625
16 0.5234375 0.49375 0.2953125 0.4578125
27 0.396875 0.534375 0.0109375 0.01875
3 0.4 0.6265625 0.0203125 0.146875
0 0.540625 0.49375 0.228125 0.4203125
3 0.7140625 0.61875 0.021875 0.2046875
16 0.8734375 0.49375 0.253125 0.459375
3 0.7828125 0.5546875 0.0171875 0.13125
3 0.7859375 0.34375 0.01875 0.075
3 0.8078125 0.3453125 0.0125 0.0828125
3 0.865625 0.34375 0.01875 0.075
3 0.8890625 0.346875 0.0140625 0.0828125
3 0.8078125 0.571875 0.0140625 0.0953125
3 0.8640625 0.5625 0.015625 0.1171875
3 0.8890625 0.571875 0.0140625 0.0953125
3 0.946875 0.55625 0.015625 0.128125
3 0.971875 0.571875 0.0125 0.096875
3 0.971875 0.3453125 0.0140625 0.0828125
3 0.9484375 0.34375 0.0171875 0.075
3 0.7125 0.3046875 0.0140625 0.0234375
27 0.7125 0.278125 0.00625 0.015625
27 0.7125 0.33125 0.015625 0.015625
27 0.79375 0.6671875 0.025 0.028125
27 0.8734375 0.6671875 0.0265625 0.025
27 0.9578125 0.6671875 0.0265625 0.0265625
27 0.7984375 0.4078125 0.0140625 0.0203125
27 0.878125 0.409375 0.0140625 0.0171875
27 0.9609375 0.4078125 0.015625 0.01875
23 0.8328125 0.4953125 0.003125 0.3890625
23 0.915625 0.4953125 0.0046875 0.3875
23 0.996875 0.4953125 0.003125 0.3890625