16 0.50625 0.89375 0.1515625 0.2109375
3 0.478125 0.9203125 0.0109375 0.1203125
16 0.50625 0.3828125 0.15 0.246875
3 0.478125 0.390625 0.0125 0.11875
16 0.50625 0.6484375 0.1515625 0.25
3 0.478125 0.6640625 0.0125 0.103125
16 0.5046875 0.1203125 0.1515625 0.240625
3 0.4765625 0.134375 0.0125 0.1015625
3 0.5421875 0.9578125 0.0109375 0.0828125
3 0.5421875 0.178125 0.0109375 0.096875
3 0.4546875 0.9546875 0.015625 0.0484375
3 0.4546875 0.1546875 0.015625 0.059375
3 0.4546875 0.425 0.015625 0.05
3 0.5421875 0.325 0.0125 0.103125
3 0.4546875 0.6890625 0.015625 0.05
3 0.5421875 0.5890625 0.0125 0.1015625
3 0.5421875 0.0421875 0.0140625 0.0671875
3 0.5421875 0.8375 0.0125 0.0640625
3 0.5421875 0.734375 0.0109375 0.034375
3 0.5421875 0.465625 0.0109375 0.05
27 0.465625 0.8265625 0.015625 0.0046875
27 0.465625 0.5609375 0.015625 0.0046875
27 0.465625 0.0296875 0.015625 0.00625
27 0.465625 0.2953125 0.015625 0.003125
31 0.5640625 0.9015625 0.00625 0.1953125
31 0.5640625 0.38125 0.00625 0.2203125
31 0.5640625 0.6484375 0.00625 0.2203125
31 0.5640625 0.1171875 0.00625 0.221875
28 0.465625 0.9921875 0.0359375 0.0140625
28 0.465625 0.2078125 0.0359375 0.0359375
28 0.465625 0.7375 0.034375 0.0359375
28 0.465625 0.471875 0.0359375 0.034375