3 0.3421875 0.4640625 0.0765625 0.5921875
3 0.278125 0.2421875 0.03125 0.1390625
3 0.4953125 0.2328125 0.021875 0.1265625
15 0.85 0.2640625 0.0421875 0.1859375
27 0.8484375 0.3375 0.015625 0.015625
15 0.63125 0.2515625 0.04375 0.159375
27 0.6296875 0.3078125 0.015625 0.0171875
15 0.4125 0.2421875 0.0421875 0.14375
27 0.4140625 0.2921875 0.015625 0.0171875
3 0.5578125 0.4671875 0.0734375 0.6
3 0.771875 0.465625 0.084375 0.5890625
3 0.7109375 0.2609375 0.021875 0.1828125
28 0.2984375 0.11875 0.0640625 0.0625
28 0.515625 0.1203125 0.0609375 0.0625
3 0.1625 0.4265625 0.0296875 0.640625
3 0.125 0.4265625 0.03125 0.7015625
28 0.7328125 0.1203125 0.0609375 0.0625
3 0.8484375 0.253125 0.0171875 0.13125
3 0.6328125 0.2390625 0.0234375 0.1015625
3 0.4125 0.23125 0.01875 0.0875