16 0.50625 0.753125 0.7546875 0.49375
16 0.50625 0.2421875 0.7546875 0.4828125
21 0.5078125 0.209375 0.7234375 0.378125
3 0.30625 0.4421875 0.31875 0.0265625
27 0.8484375 0.44375 0.0265625 0.025
20 0.7546875 0.9671875 0.11875 0.040625
27 0.8484375 0.9671875 0.0234375 0.0234375
3 0.321875 0.9734375 0.346875 0.025
16 0.325 0.721875 0.3515625 0.4
16 0.69375 0.721875 0.353125 0.403125
28 0.325 0.8375 0.3484375 0.1671875
28 0.69375 0.8375 0.3484375 0.1671875
3 0.2421875 0.7125 0.1484375 0.021875
3 0.215625 0.665625 0.1 0.015625
3 0.3671875 0.6640625 0.1765625 0.015625
3 0.3046875 0.628125 0.05 0.0171875
3 0.2015625 0.628125 0.0703125 0.015625
15 0.2421875 0.5703125 0.153125 0.0484375
3 0.240625 0.571875 0.0359375 0.0171875
15 0.4078125 0.5703125 0.1515625 0.0484375
3 0.4078125 0.5703125 0.1078125 0.01875
15 0.609375 0.5703125 0.1515625 0.0484375
3 0.609375 0.5703125 0.034375 0.015625
15 0.775 0.571875 0.15 0.046875
3 0.775 0.56875 0.1109375 0.01875
3 0.6609375 0.7109375 0.2546875 0.0234375
3 0.5828125 0.665625 0.1 0.015625
3 0.56875 0.628125 0.0703125 0.015625
3 0.690625 0.6265625 0.0859375 0.0171875
3 0.7359375 0.665625 0.1796875 0.01875