27 0.7796875 0.99375 0.0140625 0.0109375
3 0.7828125 0.6328125 0.0078125 0.0546875
3 0.7828125 0.5359375 0.0078125 0.05625
3 0.7828125 0.36875 0.0078125 0.0515625
3 0.7828125 0.4515625 0.0078125 0.0390625
3 0.7828125 0.03125 0.0078125 0.0390625
15 0.575 0.50625 0.028125 0.3453125
15 0.334375 0.56875 0.0328125 0.0984375
3 0.334375 0.5703125 0.0125 0.0703125
15 0.334375 0.45 0.0328125 0.11875
3 0.334375 0.4578125 0.0078125 0.071875
27 0.334375 0.4109375 0.0078125 0.0078125
3 0.4125 0.50625 0.0125 0.5125
3 0.3921875 0.5046875 0.0140625 0.4515625
3 0.5140625 0.5046875 0.0484375 0.415625
3 0.4671875 0.5046875 0.040625 0.34375
3 0.575 0.55625 0.0109375 0.2234375
3 0.5734375 0.3796875 0.009375 0.071875
3 0.575 0.4296875 0.0109375 0.021875
27 0.7828125 0.0015625 0.0078125 0.003125