3 0.1125 0.6453125 0.1828125 0.0296875
3 0.1953125 0.6109375 0.3453125 0.0140625
16 0.1875 0.4375 0.3328125 0.19375
3 0.0640625 0.509375 0.053125 0.009375
19 0.1375 0.509375 0.0765625 0.0171875
3 0.1359375 0.509375 0.065625 0.009375
3 0.1640625 0.48125 0.25625 0.0140625
3 0.1828125 0.4328125 0.29375 0.0640625
3 0.134375 0.3640625 0.1 0.0125
3 0.125 0.38125 0.0859375 0.0125
16 0.525 0.4359375 0.3328125 0.19375
3 0.4046875 0.509375 0.0625 0.009375
19 0.478125 0.509375 0.06875 0.0171875
3 0.4765625 0.509375 0.0578125 0.009375
3 0.5015625 0.48125 0.259375 0.0125
3 0.5203125 0.440625 0.296875 0.046875
3 0.5109375 0.3640625 0.18125 0.0109375
3 0.4578125 0.38125 0.0765625 0.0125
16 0.846875 0.4359375 0.3046875 0.1921875
3 0.7421875 0.5109375 0.0640625 0.0109375
19 0.815625 0.509375 0.0734375 0.0171875
3 0.815625 0.509375 0.059375 0.0109375
3 0.8171875 0.48125 0.2109375 0.0140625
3 0.8375 0.440625 0.2546875 0.0484375
3 0.8625 0.3640625 0.2109375 0.0125
3 0.79375 0.38125 0.0734375 0.0125
11 0.728125 0.375 0.034375 0.0328125
11 0.390625 0.375 0.034375 0.034375
11 0.053125 0.375 0.0328125 0.034375