16 0.375 0.7046875 0.1828125 0.578125
16 0.375 0.2015625 0.1828125 0.403125
16 0.6046875 0.2015625 0.2484375 0.403125
16 0.603125 0.7046875 0.25 0.58125
16 0.39375 0.84375 0.1125 0.2703125
16 0.3953125 0.565625 0.1109375 0.2703125
16 0.625 0.9125 0.1765625 0.1328125
16 0.625 0.7734375 0.175 0.13125
16 0.625 0.6359375 0.1765625 0.1328125
16 0.625 0.496875 0.1765625 0.1328125
3 0.3125 0.9078125 0.015625 0.1390625
19 0.359375 0.859375 0.01875 0.0421875
3 0.359375 0.859375 0.00625 0.025
3 0.6328125 0.934375 0.0140625 0.065625
3 0.665625 0.9390625 0.0140625 0.0515625
3 0.6640625 0.8921875 0.0140625 0.034375
3 0.6921875 0.8875 0.00625 0.0640625
3 0.6328125 0.7796875 0.0109375 0.0953125
3 0.6640625 0.790625 0.0125 0.0703125
3 0.6921875 0.7546875 0.00625 0.0640625
3 0.6328125 0.6453125 0.0109375 0.084375
3 0.665625 0.6609375 0.015625 0.0546875
3 0.6921875 0.6125 0.0046875 0.0640625
3 0.6359375 0.5109375 0.0109375 0.075
3 0.6640625 0.51875 0.0125 0.0609375
3 0.6921875 0.4734375 0.0046875 0.0625
16 0.6859375 0.29375 0.053125 0.1859375
3 0.675 0.309375 0.009375 0.0484375
3 0.6953125 0.3046875 0.009375 0.0546875
16 0.6859375 0.1015625 0.053125 0.1859375
3 0.675 0.1296875 0.0078125 0.0203125
3 0.6953125 0.1140625 0.0078125 0.053125
16 0.6234375 0.1015625 0.053125 0.1859375
3 0.6125 0.1265625 0.0078125 0.028125
3 0.6328125 0.1125 0.009375 0.0546875
16 0.5609375 0.1015625 0.0546875 0.1859375
3 0.55 0.125 0.0078125 0.028125
3 0.5703125 0.1125 0.0078125 0.05625
15 0.5109375 0.05 0.0296875 0.078125
3 0.5109375 0.0390625 0.0078125 0.021875
16 0.5609375 0.29375 0.053125 0.1859375
3 0.55 0.3125 0.009375 0.040625
3 0.5703125 0.3109375 0.009375 0.04375
16 0.6234375 0.29375 0.0515625 0.1859375
3 0.6125 0.31875 0.0078125 0.028125
3 0.6328125 0.3046875 0.0078125 0.0546875
3 0.5125 0.34375 0.0125 0.0859375
16 0.39375 0.29375 0.109375 0.184375
3 0.39375 0.2625 0.0109375 0.0546875
3 0.415625 0.25625 0.0078125 0.065625
3 0.428125 0.2796875 0.0078125 0.0203125
16 0.3953125 0.1 0.1109375 0.184375
3 0.39375 0.078125 0.0109375 0.0375
3 0.415625 0.0640625 0.0078125 0.065625
3 0.428125 0.0859375 0.0078125 0.0234375
19 0.365625 0.0734375 0.01875 0.046875
3 0.365625 0.0734375 0.0078125 0.028125
19 0.3640625 0.265625 0.0203125 0.0453125
3 0.365625 0.265625 0.00625 0.0296875
3 0.3140625 0.296875 0.01875 0.1796875
3 0.3875 0.584375 0.0109375 0.0390625
3 0.4109375 0.540625 0.009375 0.125
3 0.4328125 0.5296875 0.0109375 0.1515625
19 0.359375 0.5875 0.0171875 0.0328125
3 0.359375 0.5875 0.00625 0.0140625
19 0.359375 0.525 0.01875 0.0796875
3 0.359375 0.525 0.009375 0.0625
19 0.359375 0.790625 0.021875 0.0796875
3 0.359375 0.790625 0.0078125 0.0609375
3 0.3875 0.8625 0.0109375 0.0375
3 0.4109375 0.81875 0.009375 0.1265625
3 0.4328125 0.80625 0.0109375 0.15
28 0.39375 0.9296875 0.090625 0.078125
28 0.3953125 0.6515625 0.0921875 0.078125
28 0.3953125 0.3375 0.090625 0.078125
28 0.3953125 0.1453125 0.09375 0.078125
27 0.5109375 0.0625 0.0140625 0.0140625
27 0.559375 0.3609375 0.015625 0.015625
27 0.6234375 0.3609375 0.0203125 0.0171875
27 0.6859375 0.3609375 0.0078125 0.0203125
27 0.6859375 0.16875 0.01875 0.0203125
27 0.5671875 0.5328125 0.0171875 0.015625
27 0.5671875 0.6703125 0.01875 0.0171875
27 0.5671875 0.809375 0.015625 0.015625
27 0.5671875 0.9484375 0.0171875 0.01875
3 0.509375 0.9203125 0.01875 0.1171875
19 0.690625 0.94375 0.015625 0.040625
3 0.690625 0.9484375 0.0078125 0.0203125
27 0.690625 0.9328125 0.0078125 0.00625
19 0.690625 0.8078125 0.0140625 0.0359375
3 0.690625 0.8140625 0.0078125 0.0171875
19 0.690625 0.6671875 0.015625 0.040625
3 0.690625 0.6734375 0.0078125 0.0203125
19 0.690625 0.528125 0.015625 0.040625
3 0.690625 0.5359375 0.0078125 0.0203125
19 0.6953125 0.2328125 0.015625 0.0421875
3 0.6953125 0.2390625 0.00625 0.0203125
19 0.6328125 0.2328125 0.015625 0.0421875
3 0.6328125 0.2390625 0.00625 0.0203125
19 0.5703125 0.234375 0.0171875 0.0421875
3 0.5703125 0.2390625 0.00625 0.021875
19 0.5703125 0.0375 0.015625 0.0359375
3 0.5703125 0.04375 0.0078125 0.015625
19 0.6328125 0.040625 0.015625 0.0421875
3 0.6328125 0.046875 0.00625 0.021875
19 0.6953125 0.0375 0.0171875 0.0359375
3 0.696875 0.04375 0.0078125 0.0140625
27 0.690625 0.8 0.0078125 0.00625
27 0.690625 0.65625 0.0078125 0.00625
27 0.690625 0.51875 0.0078125 0.0046875
27 0.6953125 0.221875 0.0078125 0.0046875
27 0.6953125 0.0296875 0.0078125 0.0046875
27 0.6328125 0.0296875 0.0078125 0.0046875
27 0.6328125 0.221875 0.009375 0.00625
27 0.5609375 0.16875 0.01875 0.0109375
27 0.6234375 0.16875 0.015625 0.0203125