3 0.5890625 0.25 0.1296875 0.021875
3 0.34375 0.2515625 0.134375 0.021875
3 0.8375 0.2515625 0.1359375 0.0234375
3 0.209375 0.21875 0.0375 0.009375
3 0.10625 0.2515625 0.1484375 0.0234375
16 0.4984375 0.8515625 0.3078125 0.1328125
3 0.4046875 0.809375 0.0484375 0.0125
10 0.4984375 0.0921875 0.9828125 0.05
27 0.0375 0.0921875 0.0234375 0.0203125
3 0.5796875 0.090625 0.05625 0.0109375
27 0.0265625 0.4265625 0.0140625 0.015625
27 0.0265625 0.4953125 0.0140625 0.0140625
27 0.0265625 0.5515625 0.0140625 0.0140625
16 0.8234375 0.8515625 0.309375 0.134375
3 0.725 0.809375 0.040625 0.0109375
3 0.5359375 0.65625 0.0546875 0.0125
27 0.0265625 0.653125 0.0140625 0.0140625
3 0.5390625 0.490625 0.0609375 0.0125
3 0.5046875 0.090625 0.040625 0.0109375
3 0.4328125 0.090625 0.05 0.0109375
3 0.53125 0.4296875 0.04375 0.0109375
19 0.190625 0.5 0.0609375 0.0265625
3 0.1921875 0.4984375 0.0484375 0.0109375
3 0.0421875 0.6125 0.053125 0.0125
3 0.7 0.8890625 0.04375 0.009375
3 0.3734375 0.8890625 0.04375 0.0109375
16 0.171875 0.8515625 0.309375 0.1328125
3 0.0703125 0.809375 0.0296875 0.0109375
3 0.453125 0.21875 0.04375 0.009375
3 0.0328125 0.3859375 0.0328125 0.0125
3 0.0484375 0.14375 0.0703125 0.0140625
3 0.0484375 0.8890625 0.04375 0.009375
3 0.09375 0.553125 0.0828125 0.0140625
3 0.096875 0.496875 0.090625 0.0125
3 0.09375 0.4296875 0.0828125 0.0125
3 0.0953125 0.65625 0.090625 0.0125
3 0.7 0.21875 0.0421875 0.009375
3 0.5265625 0.5546875 0.0359375 0.0125
3 0.9453125 0.21875 0.0421875 0.009375
3 0.7109375 0.8546875 0.0671875 0.009375
3 0.0578125 0.753125 0.0828125 0.0109375
3 0.059375 0.34375 0.0890625 0.0125
3 0.059375 0.8546875 0.0671875 0.009375
3 0.5640625 0.89375 0.0546875 0.0109375
3 0.0515625 0.2171875 0.046875 0.009375
3 0.384375 0.8546875 0.0703125 0.0109375
3 0.2234375 0.89375 0.05 0.0109375
3 0.08125 0.675 0.0609375 0.009375
3 0.525 0.509375 0.0296875 0.009375
3 0.2875 0.14375 0.05 0.009375
3 0.08125 0.4484375 0.059375 0.009375
3 0.08125 0.571875 0.0609375 0.009375
3 0.89375 0.89375 0.0515625 0.0109375
3 0.2171875 0.14375 0.0765625 0.0109375
3 0.79375 0.2171875 0.05 0.009375
3 0.925 0.575 0.0328125 0.009375
3 0.5375 0.5734375 0.059375 0.0109375
3 0.5484375 0.675 0.078125 0.009375
3 0.3203125 0.2171875 0.0921875 0.0109375
3 0.925 0.4515625 0.03125 0.0078125
3 0.925 0.5125 0.03125 0.0078125
3 0.6 0.8546875 0.0875 0.0109375
3 0.3015625 0.8546875 0.0296875 0.009375
3 0.928125 0.428125 0.096875 0.0125
3 0.5765625 0.2171875 0.10625 0.0109375
3 0.93125 0.6546875 0.1046875 0.009375
3 0.925 0.678125 0.03125 0.0078125
3 0.93125 0.490625 0.1046875 0.0109375
3 0.55 0.4484375 0.08125 0.009375
3 0.925 0.8546875 0.0921875 0.0109375
3 0.9296875 0.553125 0.103125 0.0109375
3 0.946875 0.7578125 0.046875 0.0125
19 0.171875 0.43125 0.040625 0.0265625
3 0.171875 0.43125 0.0203125 0.0109375
19 0.621875 0.8953125 0.0390625 0.025
3 0.6203125 0.89375 0.021875 0.0109375
19 0.946875 0.8953125 0.0390625 0.025
3 0.9484375 0.89375 0.021875 0.0109375
19 0.18125 0.55625 0.0578125 0.025
3 0.18125 0.55625 0.0390625 0.009375
19 0.2859375 0.8953125 0.059375 0.0265625
3 0.2875 0.89375 0.0421875 0.009375
19 0.1796875 0.659375 0.040625 0.025
3 0.1796875 0.659375 0.021875 0.0125
27 0.040625 0.8125 0.015625 0.0171875
27 0.3671875 0.8109375 0.015625 0.0140625
27 0.6921875 0.8109375 0.015625 0.0140625
27 0.29375 0.8125 0.0171875 0.0125
27 0.6203125 0.8125 0.0171875 0.0109375
27 0.9453125 0.8125 0.015625 0.009375
23 0.171875 0.8734375 0.2890625 0.003125
23 0.496875 0.8734375 0.2875 0.003125
23 0.8234375 0.871875 0.2875 0.0046875
3 0.959375 0.575 0.03125 0.0078125
3 0.959375 0.678125 0.0328125 0.0078125
3 0.959375 0.5140625 0.03125 0.009375
3 0.9609375 0.4515625 0.034375 0.009375
3 0.1328125 0.1453125 0.065625 0.0125
3 0.3625 0.0921875 0.0359375 0.0125
23 0.0890625 0.14375 0.003125 0.0375
15 0.9234375 0.14375 0.1140625 0.0296875
23 0.9328125 0.14375 0.0703125 0.0109375
27 0.884375 0.14375 0.0078125 0.0078125
27 0.915625 0.0921875 0.0171875 0.01875
11 0.95625 0.090625 0.0328125 0.03125