16 0.4984375 0.496875 0.959375 0.728125
27 0.1078125 0.2078125 0.0421875 0.04375
3 0.2703125 0.209375 0.2625 0.034375
3 0.2 0.3359375 0.228125 0.0390625
29 0.2859375 0.621875 0.4 0.1
3 0.1609375 0.5484375 0.15 0.0265625
3 0.48125 0.4890625 0.2515625 0.0328125
29 0.7140625 0.621875 0.4 0.1
3 0.578125 0.5484375 0.13125 0.028125
15 0.5375 0.7890625 0.2421875 0.084375
3 0.5375 0.7875 0.165625 0.0296875
15 0.7921875 0.7875 0.2390625 0.08125
3 0.7921875 0.7890625 0.084375 0.0265625
23 0.4984375 0.278125 0.953125 0.0109375
23 0.2125 0.4890625 0.265625 0.0109375
23 0.75 0.490625 0.265625 0.0109375
23 0.496875 0.7171875 0.95625 0.009375
19 0.15625 0.409375 0.14375 0.06875
19 0.325 0.4109375 0.1625 0.065625
19 0.5046875 0.4109375 0.16875 0.0671875
19 0.6875 0.409375 0.1703125 0.071875
3 0.15625 0.409375 0.0875 0.0296875
3 0.328125 0.4109375 0.1015625 0.0296875
3 0.50625 0.4109375 0.103125 0.03125
3 0.6875 0.409375 0.10625 0.0296875