5 0.9015625 0.5 0.1953125 0.678125
10 0.4015625 0.8109375 0.803125 0.05625
3 0.7359375 0.815625 0.1015625 0.0140625
27 0.6609375 0.815625 0.0140625 0.0109375
3 0.6125 0.8140625 0.0765625 0.0109375
12 0.2875 0.815625 0.015625 0.0171875
38 0.1265625 0.815625 0.253125 0.0328125
3 0.7375 0.7609375 0.0921875 0.0125
3 0.5 0.7609375 0.0328125 0.0125
3 0.203125 0.7609375 0.09375 0.015625
16 0.125 0.6671875 0.25 0.159375
3 0.0421875 0.7609375 0.0328125 0.009375
16 0.659375 0.6671875 0.2515625 0.1578125
3 0.7421875 0.725 0.0515625 0.0140625
3 0.584375 0.7234375 0.0625 0.0109375
16 0.3921875 0.665625 0.2484375 0.1578125
3 0.475 0.7234375 0.0515625 0.0140625
3 0.315625 0.7234375 0.0640625 0.0109375
3 0.2078125 0.725 0.05 0.0125
17 0.1234375 0.6484375 0.2203125 0.096875
23 0.125 0.70625 0.21875 0.00625
3 0.0484375 0.7234375 0.0640625 0.009375
17 0.390625 0.6484375 0.2203125 0.0953125
23 0.3921875 0.70625 0.2171875 0.0046875
17 0.659375 0.6484375 0.2203125 0.0984375
23 0.659375 0.70625 0.2171875 0.0046875
3 0.71875 0.5640625 0.13125 0.0125
3 0.4875 0.5640625 0.0609375 0.0140625
16 0.659375 0.353125 0.25 0.384375
16 0.2640625 0.45625 0.5265625 0.1765625
16 0.2640625 0.240625 0.5265625 0.1578125
3 0.05625 0.34375 0.109375 0.0078125
3 0.4421875 0.3390625 0.1515625 0.0140625
3 0.4359375 0.2765625 0.0421875 0.0109375
3 0.4390625 0.2921875 0.034375 0.009375
3 0.265625 0.2765625 0.040625 0.0109375
3 0.275 0.2921875 0.021875 0.0109375
3 0.278125 0.2625 0.015625 0.009375
3 0.0828125 0.290625 0.0609375 0.009375
3 0.10625 0.2625 0.0140625 0.0078125
3 0.09375 0.2765625 0.0421875 0.0109375
27 0.040625 0.2765625 0.0140625 0.0109375
27 0.3828125 0.278125 0.0140625 0.0125
27 0.2140625 0.278125 0.0140625 0.0140625
27 0.0421875 0.2078125 0.0140625 0.0125
27 0.2125 0.2078125 0.0125 0.0125
27 0.384375 0.2078125 0.0125 0.0140625
27 0.48125 0.278125 0.0109375 0.0109375
27 0.3109375 0.2765625 0.0140625 0.0140625
27 0.1390625 0.278125 0.0109375 0.0125
27 0.1390625 0.2078125 0.0125 0.003125
27 0.3109375 0.2078125 0.0109375 0.0109375
27 0.48125 0.2078125 0.0125 0.0125
27 0.4234375 0.2625 0.00625 0.0078125
27 0.2515625 0.2625 0.00625 0.0078125
27 0.2515625 0.1921875 0.00625 0.0078125
27 0.08125 0.2625 0.00625 0.00625
27 0.08125 0.1921875 0.00625 0.0078125
27 0.4234375 0.1921875 0.00625 0.0078125
3 0.4265625 0.221875 0.0578125 0.0078125
3 0.265625 0.221875 0.0390625 0.0078125
3 0.1 0.221875 0.028125 0.00625
3 0.4484375 0.2625 0.0140625 0.0078125
3 0.4484375 0.1921875 0.015625 0.00625
3 0.278125 0.1921875 0.0140625 0.0078125
3 0.10625 0.1921875 0.0140625 0.0078125
37 0.6578125 0.359375 0.225 0.34375
23 0.659375 0.4328125 0.2171875 0.003125
23 0.659375 0.3703125 0.2140625 0.003125
23 0.659375 0.3046875 0.215625 0.003125
23 0.659375 0.2375 0.2140625 0.003125
3 0.690625 0.46875 0.0734375 0.0109375
3 0.5765625 0.453125 0.046875 0.009375
3 0.575 0.4671875 0.04375 0.0109375
3 0.7015625 0.453125 0.05625 0.0078125
3 0.7015625 0.390625 0.05625 0.0078125
3 0.6953125 0.4046875 0.0671875 0.009375
3 0.5765625 0.390625 0.046875 0.0078125
3 0.575 0.4046875 0.04375 0.0109375
3 0.69375 0.340625 0.0671875 0.0109375
3 0.5765625 0.328125 0.046875 0.0078125
3 0.5796875 0.340625 0.0375 0.0109375
3 0.7140625 0.328125 0.0296875 0.0078125
3 0.6921875 0.2796875 0.075 0.009375
3 0.5765625 0.265625 0.046875 0.0078125
3 0.578125 0.278125 0.0375 0.009375
3 0.7 0.2640625 0.05625 0.0078125
3 0.6921875 0.215625 0.075 0.009375
3 0.5765625 0.2015625 0.0484375 0.009375
3 0.575 0.215625 0.04375 0.0109375
3 0.7015625 0.2015625 0.05625 0.0078125
27 0.7546875 0.4609375 0.0140625 0.0140625
27 0.7546875 0.4 0.0140625 0.015625
27 0.7546875 0.3359375 0.0140625 0.0140625
27 0.7546875 0.2734375 0.0140625 0.0140625
27 0.7546875 0.2125 0.0125 0.0125
27 0.6125 0.209375 0.009375 0.0078125
27 0.6125 0.271875 0.009375 0.009375
27 0.6125 0.3359375 0.009375 0.0078125
27 0.6125 0.3984375 0.009375 0.0078125
27 0.6125 0.459375 0.009375 0.0078125
3 0.7421875 0.515625 0.0234375 0.015625
3 0.6890625 0.515625 0.053125 0.0125
3 0.6046875 0.515625 0.0640625 0.0140625