16 0.503125 0.3171875 0.959375 0.0921875
16 0.503125 0.4171875 0.9625 0.090625
16 0.503125 0.5171875 0.9625 0.0890625
16 0.503125 0.615625 0.9609375 0.0890625
16 0.503125 0.715625 0.9609375 0.090625
3 0.1625 0.3046875 0.1765625 0.0171875
3 0.265625 0.3296875 0.3859375 0.0171875
3 0.946875 0.3 0.03125 0.0140625
3 0.95 0.4 0.034375 0.0171875
3 0.9484375 0.5 0.0375 0.01875
3 0.95 0.6 0.0296875 0.0140625
3 0.95 0.6984375 0.0265625 0.0140625
3 0.1359375 0.728125 0.121875 0.015625
3 0.1546875 0.703125 0.159375 0.01875
3 0.2390625 0.428125 0.3328125 0.0140625
3 0.1484375 0.4015625 0.1515625 0.01875
3 0.4359375 0.4296875 0.053125 0.0140625
3 0.40625 0.528125 0.04375 0.015625
3 0.40625 0.628125 0.04375 0.0125
3 0.4734375 0.6296875 0.0875 0.0140625
3 0.4734375 0.5296875 0.0875 0.0125
3 0.15 0.503125 0.1515625 0.01875
3 0.228125 0.528125 0.30625 0.0140625
3 0.15 0.6015625 0.1515625 0.015625
3 0.228125 0.628125 0.30625 0.0171875
3 0.23125 0.728125 0.0625 0.0125
3 0.275 0.728125 0.0171875 0.0125
3 0.3 0.728125 0.025 0.0109375
3 0.4328125 0.7296875 0.2296875 0.0171875
3 0.9171875 0.2265625 0.10625 0.015625
3 0.115625 0.2265625 0.1890625 0.0265625
27 0.05 0.3171875 0.0109375 0.0109375
27 0.05 0.415625 0.0109375 0.0125