16 0.809375 0.4875 0.2640625 0.85
15 0.896875 0.8203125 0.040625 0.1421875
3 0.896875 0.8171875 0.015625 0.1140625
15 0.8984375 0.675 0.0421875 0.1296875
3 0.896875 0.671875 0.015625 0.0984375
16 0.3234375 0.4875 0.6203125 0.85
15 0.5890625 0.675 0.040625 0.128125
3 0.590625 0.6734375 0.015625 0.1015625
3 0.984375 0.4859375 0.0265625 0.8453125
15 0.5890625 0.81875 0.0390625 0.1421875
3 0.5890625 0.81875 0.015625 0.1125
15 0.821875 0.8328125 0.0421875 0.1171875
3 0.8203125 0.83125 0.0171875 0.084375
15 0.5140625 0.8328125 0.04375 0.1171875
3 0.5125 0.83125 0.015625 0.084375
15 0.7734375 0.8328125 0.04375 0.115625
3 0.7734375 0.83125 0.015625 0.103125
15 0.465625 0.8328125 0.0421875 0.11875
3 0.465625 0.834375 0.0140625 0.1046875
15 0.1578125 0.8328125 0.0421875 0.115625
3 0.15625 0.83125 0.0171875 0.084375
15 0.3359375 0.8328125 0.0421875 0.11875
3 0.334375 0.83125 0.0171875 0.084375
15 0.2875 0.8328125 0.0453125 0.1171875
3 0.2875 0.834375 0.0140625 0.1046875
15 0.109375 0.8328125 0.04375 0.1171875
3 0.109375 0.8328125 0.015625 0.103125
3 0.784375 0.4734375 0.059375 0.3984375
3 0.8984375 0.125 0.021875 0.125
3 0.590625 0.1265625 0.01875 0.128125
3 0.475 0.4640625 0.0625 0.38125
3 0.30625 0.465625 0.04375 0.3828125
3 0.1296875 0.4734375 0.0390625 0.396875
3 0.8953125 0.30625 0.015625 0.21875
3 0.7296875 0.3046875 0.0203125 0.0578125
3 0.5875 0.303125 0.0171875 0.2078125
3 0.0890625 0.3046875 0.01875 0.059375
3 0.4234375 0.309375 0.0171875 0.06875
3 0.265625 0.3046875 0.021875 0.0578125
28 0.2859375 0.1578125 0.146875 0.1890625
28 0.1078125 0.1578125 0.146875 0.190625
28 0.4640625 0.15625 0.1453125 0.1875
28 0.7703125 0.1578125 0.1453125 0.190625
3 0.8296875 0.35625 0.015625 0.1640625
3 0.521875 0.3546875 0.0203125 0.1609375
3 0.34375 0.346875 0.0171875 0.1421875
3 0.165625 0.35625 0.015625 0.1625