28 0.6328125 0.709375 0.390625 0.5109375
3 0.7109375 0.03125 0.0140625 0.0625
3 0.678125 0.084375 0.03125 0.1671875
3 0.61875 0.18125 0.05625 0.3609375
15 0.55625 0.03125 0.028125 0.0609375
3 0.55625 0.025 0.0140625 0.05
3 0.346875 0.04375 0.0265625 0.0875
3 0.284375 0.2953125 0.05625 0.590625
3 0.225 0.303125 0.03125 0.60625
3 0.3796875 0.79375 0.028125 0.0875
3 0.346875 0.79375 0.0140625 0.1265625
3 0.296875 0.79375 0.028125 0.06875
3 0.2640625 0.7921875 0.0140625 0.1015625
3 0.2109375 0.79375 0.0234375 0.071875
3 0.1796875 0.79375 0.0125 0.15625