5 0.078125 0.5015625 0.1546875 0.7453125
16 0.5734375 0.296875 0.809375 0.21875
3 0.196875 0.1609375 0.065625 0.0171875
11 0.90625 0.1625 0.025 0.0265625
3 0.9484375 0.16875 0.05 0.009375
3 0.95 0.15625 0.0515625 0.0078125
16 0.5734375 0.525 0.809375 0.2203125
16 0.5734375 0.7515625 0.809375 0.2203125
3 0.2359375 0.2171875 0.0703125 0.0140625
3 0.2484375 0.2890625 0.1296875 0.028125
3 0.23125 0.259375 0.096875 0.0109375
15 0.2328125 0.3734375 0.096875 0.0265625
3 0.23125 0.3734375 0.0796875 0.009375
15 0.3296875 0.3734375 0.071875 0.025
3 0.3296875 0.3734375 0.05625 0.0109375
3 0.5359375 0.2171875 0.0953125 0.0140625
3 0.7265625 0.2203125 0.03125 0.0109375
3 0.9359375 0.2203125 0.0421875 0.009375
3 0.915625 0.25 0.084375 0.0109375
3 0.909375 0.2703125 0.0953125 0.0109375
3 0.73125 0.25 0.0234375 0.009375
3 0.734375 0.2703125 0.028125 0.0109375
3 0.909375 0.2921875 0.0953125 0.009375
3 0.909375 0.3125 0.0953125 0.009375
3 0.9078125 0.334375 0.1 0.009375
3 0.7359375 0.2921875 0.0328125 0.009375
3 0.73125 0.3140625 0.01875 0.0109375
3 0.7328125 0.334375 0.0265625 0.009375
27 0.7140625 0.2484375 0.00625 0.0046875
27 0.7140625 0.2703125 0.0046875 0.0046875
27 0.7140625 0.2921875 0.00625 0.00625
27 0.7140625 0.3125 0.0078125 0.00625
27 0.7140625 0.334375 0.00625 0.00625
27 0.1890625 0.2171875 0.0078125 0.015625
27 0.290625 0.2609375 0.009375 0.00625
3 0.271875 0.4453125 0.1359375 0.0109375
3 0.23125 0.4859375 0.096875 0.0078125
3 0.2484375 0.5171875 0.128125 0.0265625
3 0.5359375 0.4453125 0.09375 0.0140625
15 0.2328125 0.6015625 0.096875 0.025
3 0.23125 0.6015625 0.078125 0.0109375
14 0.3296875 0.6015625 0.071875 0.0265625
3 0.3296875 0.6015625 0.053125 0.0078125
3 0.725 0.446875 0.0265625 0.009375
3 0.9359375 0.4484375 0.040625 0.009375
3 0.7328125 0.4765625 0.0234375 0.009375
3 0.915625 0.4765625 0.084375 0.009375
3 0.909375 0.4984375 0.096875 0.009375
3 0.909375 0.51875 0.096875 0.009375
3 0.909375 0.540625 0.096875 0.009375
3 0.9078125 0.5625 0.0984375 0.009375
3 0.73125 0.5625 0.0203125 0.009375
3 0.7359375 0.540625 0.0296875 0.009375
3 0.73125 0.51875 0.021875 0.009375
3 0.734375 0.4984375 0.028125 0.0078125
3 0.9359375 0.675 0.040625 0.009375
3 0.725 0.675 0.0296875 0.0078125
3 0.915625 0.7046875 0.0828125 0.0109375
3 0.9078125 0.725 0.0953125 0.0109375
3 0.909375 0.746875 0.0953125 0.0109375
3 0.909375 0.76875 0.096875 0.0078125
3 0.909375 0.7890625 0.096875 0.0109375
3 0.7328125 0.7046875 0.0234375 0.009375
3 0.734375 0.725 0.0296875 0.009375
3 0.73125 0.746875 0.021875 0.009375
3 0.73125 0.76875 0.01875 0.0078125
3 0.7375 0.7890625 0.03125 0.009375
3 0.5359375 0.671875 0.0953125 0.0125
3 0.26875 0.671875 0.1296875 0.0140625
3 0.2296875 0.7140625 0.096875 0.0109375
3 0.284375 0.7453125 0.2015625 0.028125
15 0.2328125 0.828125 0.096875 0.025
3 0.2328125 0.828125 0.0765625 0.009375
15 0.3296875 0.828125 0.071875 0.025
3 0.3296875 0.828125 0.053125 0.0078125
27 0.290625 0.4875 0.009375 0.0078125
27 0.290625 0.7140625 0.009375 0.0078125
1 0.5375 0.309375 0.13125 0.134375
1 0.5375 0.5375 0.1328125 0.134375
1 0.5375 0.765625 0.1328125 0.1328125