16 0.4984375 0.496875 0.7125 0.99375
35 0.490625 0.496875 0.578125 0.8359375
27 0.15625 0.034375 0.0125 0.0140625
16 0.515625 0.496875 0.5 0.2671875
27 0.284375 0.3796875 0.015625 0.0171875
3 0.1765625 0.496875 0.0203125 0.1953125
3 0.2140625 0.71875 0.0109375 0.0984375
3 0.2140625 0.5640625 0.009375 0.028125
3 0.215625 0.41875 0.0109375 0.0828125
3 0.215625 0.24375 0.0125 0.090625
23 0.2140625 0.3453125 0.003125 0.05
23 0.2140625 0.5171875 0.003125 0.05
23 0.2140625 0.6359375 0.003125 0.05
16 0.5171875 0.775 0.5015625 0.26875
3 0.2984375 0.8125 0.01875 0.15
3 0.33125 0.775 0.028125 0.225
3 0.33125 0.4984375 0.0296875 0.2265625
3 0.2984375 0.5234375 0.021875 0.175
16 0.515625 0.2203125 0.503125 0.265625
3 0.2984375 0.25625 0.0171875 0.153125
3 0.3296875 0.2328125 0.028125 0.2
3 0.3796875 0.8421875 0.0203125 0.090625
3 0.4109375 0.846875 0.0125 0.0796875
3 0.3796875 0.5625 0.0203125 0.0953125
3 0.4109375 0.51875 0.0109375 0.1828125
3 0.4109375 0.4078125 0.009375 0.0359375
3 0.428125 0.571875 0.0109375 0.0765625
3 0.3796875 0.2859375 0.021875 0.0953125
3 0.4109375 0.2421875 0.0109375 0.1828125
3 0.4109375 0.128125 0.009375 0.0390625
3 0.428125 0.2921875 0.009375 0.0765625
15 0.4671875 0.2203125 0.0390625 0.228125
3 0.4671875 0.21875 0.0125 0.0703125
15 0.4671875 0.496875 0.0375 0.2296875
3 0.4671875 0.496875 0.0125 0.06875
15 0.45 0.775 0.0390625 0.2296875
3 0.45 0.775 0.0140625 0.075
3 0.496875 0.8109375 0.0125 0.1515625
3 0.5140625 0.534375 0.0125 0.1515625
3 0.5140625 0.253125 0.0125 0.1578125
3 0.5265625 0.7953125 0.0109375 0.1421875
3 0.5515625 0.809375 0.0109375 0.1140625
3 0.5765625 0.796875 0.0125 0.140625
3 0.6 0.8140625 0.0125 0.10625
3 0.6234375 0.8328125 0.0109375 0.06875
3 0.54375 0.51875 0.0109375 0.14375
3 0.6171875 0.5171875 0.0125 0.1453125
3 0.5921875 0.5203125 0.0109375 0.140625
3 0.56875 0.5328125 0.0109375 0.1140625
3 0.640625 0.55625 0.0109375 0.065625
3 0.665625 0.4953125 0.0109375 0.190625
3 0.5421875 0.240625 0.0109375 0.140625
3 0.5921875 0.2421875 0.0109375 0.1390625
3 0.56875 0.2546875 0.0109375 0.1125
3 0.6171875 0.2578125 0.0125 0.1078125
3 0.6421875 0.2390625 0.0109375 0.14375
3 0.665625 0.278125 0.0109375 0.0671875
3 0.690625 0.2171875 0.0125 0.1890625
3 0.715625 0.2640625 0.0109375 0.0953125
3 0.740625 0.2703125 0.0140625 0.0828125
27 0.5265625 0.8796875 0.00625 0.0078125
27 0.5515625 0.8796875 0.00625 0.0109375
27 0.575 0.8796875 0.00625 0.0078125
27 0.6 0.8796875 0.0078125 0.0109375
27 0.625 0.8796875 0.0078125 0.0125
27 0.54375 0.603125 0.0078125 0.0109375
27 0.5671875 0.6015625 0.0078125 0.0109375
27 0.5921875 0.6015625 0.0078125 0.0109375
27 0.6171875 0.603125 0.0078125 0.0109375
27 0.6421875 0.6015625 0.00625 0.0109375
27 0.665625 0.6015625 0.0078125 0.0109375
27 0.5421875 0.325 0.0078125 0.009375
27 0.5671875 0.325 0.0078125 0.0109375
27 0.5921875 0.325 0.00625 0.009375
27 0.6171875 0.325 0.00625 0.0109375
27 0.6421875 0.325 0.0078125 0.0109375
27 0.665625 0.325 0.00625 0.009375
27 0.690625 0.325 0.00625 0.009375
27 0.715625 0.325 0.00625 0.009375
27 0.7390625 0.3234375 0.00625 0.009375
15 0.825 0.55625 0.03125 0.0890625
3 0.825 0.5578125 0.009375 0.028125
15 0.825 0.446875 0.03125 0.109375
3 0.8265625 0.446875 0.009375 0.0484375