28 0.0328125 0.446875 0.0609375 0.0703125
15 0.1453125 0.446875 0.053125 0.7015625
3 0.146875 0.446875 0.01875 0.1671875
3 0.2296875 0.446875 0.0140625 0.01875
3 0.8421875 0.3203125 0.0265625 0.346875
15 0.9375 0.446875 0.0546875 0.7046875
3 0.9390625 0.446875 0.0234375 0.1328125
3 0.99375 0.459375 0.0109375 0.1546875
18 0.840625 0.1203125 0.0296875 0.0265625
27 0.9921875 0.365625 0.0140625 0.015625
38 0.753125 0.2046875 0.0671875 0.2234375
38 0.753125 0.4453125 0.06875 0.225
38 0.7515625 0.6890625 0.06875 0.2234375
38 0.665625 0.446875 0.06875 0.70625
38 0.578125 0.3640625 0.0671875 0.5421875
38 0.5765625 0.7265625 0.0671875 0.146875
38 0.490625 0.446875 0.0671875 0.7046875
38 0.4015625 0.446875 0.0671875 0.7078125
38 0.315625 0.446875 0.0671875 0.7046875
23 0.2296875 0.2546875 0.0046875 0.321875
23 0.2296875 0.6359375 0.00625 0.3203125