3 0.515625 0.6171875 0.39375 0.0296875
27 0.3859375 0.4921875 0.0359375 0.0359375
3 0.3859375 0.446875 0.1109375 0.0171875
3 0.515625 0.65 0.1328125 0.009375
27 0.896875 0.4921875 0.034375 0.034375
3 0.640625 0.4453125 0.1015625 0.01875
3 0.896875 0.446875 0.1140625 0.0171875
27 0.6421875 0.4921875 0.034375 0.034375
3 0.13125 0.446875 0.1046875 0.0171875
3 0.13125 0.3890625 0.23125 0.046875
3 0.3859375 0.390625 0.21875 0.05
3 0.6421875 0.390625 0.2171875 0.05
3 0.89375 0.3890625 0.2109375 0.05
23 0.896875 0.4296875 0.021875 0.0046875
23 0.6421875 0.4296875 0.021875 0.003125
23 0.3859375 0.4296875 0.021875 0.003125
23 0.1296875 0.4296875 0.021875 0.003125
3 0.515625 0.575 0.546875 0.015625
3 0.515625 0.5546875 0.29375 0.0140625
27 0.1296875 0.490625 0.0359375 0.0375