16 0.5 0.4953125 0.7953125 0.9890625
3 0.1703125 0.228125 0.0328125 0.4015625
3 0.2578125 0.0984375 0.0265625 0.1359375
3 0.3671875 0.0625 0.0265625 0.0703125
3 0.4765625 0.0703125 0.0265625 0.0875
3 0.5890625 0.090625 0.0296875 0.121875
3 0.7109375 0.415625 0.025 0.184375
15 0.8203125 0.3421875 0.0765625 0.1734375
3 0.8203125 0.340625 0.025 0.0953125
15 0.8203125 0.528125 0.075 0.15625
3 0.8203125 0.528125 0.0234375 0.0765625
18 0.7109375 0.2921875 0.0375 0.0375
38 0.603125 0.6015625 0.075 0.6921875
38 0.490625 0.6 0.075 0.69375
38 0.3828125 0.6015625 0.075 0.690625
38 0.271875 0.6015625 0.075 0.69375