33 0.65 0.8234375 0.109375 0.0171875
37 0.2859375 0.3 0.571875 0.275
33 0.0640625 0.334375 0.08125 0.0125
33 0.065625 0.178125 0.0796875 0.0140625
3 0.05625 0.4234375 0.1125 0.015625
3 0.1609375 0.4234375 0.028125 0.015625
3 0.2359375 0.4234375 0.053125 0.0171875
3 0.05625 0.3515625 0.0671875 0.0125
3 0.053125 0.36875 0.0625 0.0140625
3 0.2953125 0.29375 0.546875 0.0453125
3 0.05625 0.1953125 0.06875 0.009375
3 0.053125 0.2125 0.0609375 0.0125
23 0.296875 0.25 0.5453125 0.0046875
11 0.0046875 0.3578125 0.009375 0.0296875
11 0.0046875 0.203125 0.009375 0.028125
23 0.796875 0.309375 0.40625 0.003125
23 0.7953125 0.4421875 0.40625 0.003125
3 0.6140625 0.4125 0.0453125 0.0109375
3 0.7890625 0.3640625 0.4 0.0625
3 0.6109375 0.2796875 0.0375 0.0109375
27 0.609375 0.246875 0.0140625 0.0125
27 0.6421875 0.246875 0.0140625 0.0125
27 0.675 0.246875 0.0140625 0.0125
27 0.7078125 0.246875 0.0125 0.0125
3 0.625 0.559375 0.0671875 0.0140625
3 0.68125 0.53125 0.1765625 0.0109375
3 0.6546875 0.5125 0.125 0.0125
3 0.6515625 0.4921875 0.1140625 0.0109375
3 0.6609375 0.471875 0.13125 0.009375
15 0.6890625 0.6265625 0.19375 0.0375
3 0.6890625 0.628125 0.0671875 0.0125
15 0.9015625 0.6265625 0.1953125 0.0390625
3 0.9015625 0.6265625 0.0546875 0.0140625
23 0.7953125 0.5890625 0.4078125 0.003125
3 0.7234375 0.7890625 0.2625 0.028125
3 0.6765625 0.7578125 0.16875 0.0125
3 0.7890625 0.6984375 0.3984375 0.071875
16 0.2859375 0.65 0.571875 0.3765625