16 0.5109375 0.5125 0.9296875 0.746875
3 0.4828125 0.303125 0.0265625 0.209375
38 0.265625 0.5109375 0.0890625 0.6296875
3 0.665625 0.5109375 0.0234375 0.190625
38 0.3859375 0.509375 0.090625 0.6296875
23 0.6671875 0.29375 0.0078125 0.196875
23 0.6671875 0.7296875 0.0078125 0.1953125
3 0.1390625 0.5171875 0.040625 0.4203125
15 0.7703125 0.5140625 0.0875 0.63125
3 0.7703125 0.4921875 0.0296875 0.1109375
15 0.875 0.5125 0.0828125 0.6296875
3 0.875 0.490625 0.028125 0.146875
15 0.5640625 0.5125 0.0828125 0.628125
3 0.56875 0.5109375 0.0328125 0.096875
27 0.76875 0.578125 0.0328125 0.0328125
27 0.875 0.596875 0.034375 0.0328125