15 0.125 0.50625 0.075 0.975
3 0.125 0.50625 0.025 0.1625
15 0.325 0.1921875 0.146875 0.3484375
3 0.2984375 0.1921875 0.0234375 0.2671875
15 0.325 0.578125 0.146875 0.3765625
3 0.296875 0.5765625 0.025 0.2875
3 0.8859375 0.278125 0.053125 0.5125
14 0.9671875 0.13125 0.028125 0.2203125
3 0.790625 0.05 0.03125 0.065625
3 0.659375 0.4921875 0.1140625 0.9578125
3 0.7875 0.4 0.01875 0.1265625
3 0.4578125 0.0453125 0.021875 0.053125
33 0.790625 0.215625 0.0265625 0.1625
3 0.540625 0.1796875 0.025 0.2453125
27 0.546875 0.034375 0.01875 0.025
3 0.334375 0.1109375 0.025 0.1
3 0.334375 0.465625 0.025 0.0671875
3 0.040625 0.5265625 0.025 0.2578125
27 0.0421875 0.3640625 0.0234375 0.034375
23 0.7953125 0.1078125 0.0515625 0.00625