5 0.06875 0.5 0.1359375 0.646875
3 0.1921875 0.8125 0.0578125 0.01875
16 0.2578125 0.7375 0.1921875 0.0890625
3 0.23125 0.753125 0.0953125 0.0125
3 0.2453125 0.7234375 0.1234375 0.01875
16 0.471875 0.7359375 0.190625 0.0890625
3 0.440625 0.753125 0.0875 0.0125
3 0.4515625 0.7234375 0.1078125 0.01875
16 0.684375 0.7359375 0.1921875 0.0890625
3 0.634375 0.753125 0.0484375 0.0109375
3 0.6453125 0.725 0.06875 0.0171875
16 0.896875 0.7359375 0.1921875 0.0890625
3 0.840625 0.753125 0.0390625 0.0109375
3 0.846875 0.725 0.0484375 0.015625
15 0.746875 0.8125 0.1078125 0.0203125
3 0.75625 0.8140625 0.0671875 0.009375
27 0.7109375 0.8140625 0.0125 0.0125
20 0.9015625 0.8125 0.18125 0.0203125
16 0.3140625 0.534375 0.30625 0.275
16 0.740625 0.534375 0.50625 0.2765625
16 0.3765625 0.28125 0.4296875 0.1921875
16 0.803125 0.28125 0.38125 0.190625
16 0.3140625 0.5203125 0.25 0.196875
3 0.2234375 0.6359375 0.06875 0.0109375
3 0.3140625 0.5875 0.0359375 0.009375
3 0.3140625 0.5734375 0.05625 0.009375
3 0.25 0.5328125 0.0234375 0.0171875
3 0.25 0.5109375 0.0171875 0.009375
3 0.2890625 0.534375 0.0234375 0.0171875
3 0.3328125 0.534375 0.0265625 0.01875
3 0.378125 0.534375 0.0265625 0.0171875
3 0.3765625 0.5109375 0.0171875 0.009375
3 0.3328125 0.5109375 0.021875 0.009375
3 0.290625 0.5109375 0.028125 0.009375
3 0.3140625 0.4734375 0.159375 0.015625
3 0.5359375 0.6328125 0.0453125 0.0140625
3 0.5546875 0.6046875 0.08125 0.0140625
3 0.6296875 0.6046875 0.0578125 0.0109375
20 0.8578125 0.6328125 0.0578125 0.0234375
20 0.93125 0.6328125 0.0703125 0.0234375
34 0.740625 0.5 0.4609375 0.178125
3 0.23125 0.3421875 0.0859375 0.009375
3 0.4296875 0.3421875 0.1015625 0.0125
15 0.371875 0.225 0.3671875 0.025
3 0.371875 0.225 0.03125 0.009375
20 0.2765625 0.3140625 0.178125 0.0265625
20 0.4671875 0.3140625 0.1765625 0.028125
38 0.2765625 0.2671875 0.1765625 0.0265625
38 0.4671875 0.2671875 0.1765625 0.025
16 0.803125 0.2703125 0.3296875 0.1125
23 0.803125 0.2703125 0.328125 0.0046875
27 0.9609375 0.340625 0.0125 0.003125
3 0.6703125 0.340625 0.0640625 0.0125
3 0.7046875 0.30625 0.025 0.0078125
3 0.75 0.30625 0.0515625 0.0078125
3 0.70625 0.2890625 0.028125 0.0078125
3 0.7015625 0.25 0.01875 0.0078125
3 0.74375 0.25 0.053125 0.0078125
3 0.70625 0.2328125 0.03125 0.009375
28 0.6671875 0.2421875 0.0234375 0.025
28 0.6671875 0.2984375 0.0234375 0.0234375