3 0.2484375 0.925 0.0265625 0.15
3 0.559375 0.9390625 0.025 0.1203125
16 0.2859375 0.5203125 0.121875 0.325
3 0.290625 0.5703125 0.015625 0.171875
3 0.265625 0.61875 0.0125 0.0703125
16 0.2859375 0.1796875 0.121875 0.3234375
3 0.2640625 0.2828125 0.0109375 0.059375
16 0.59375 0.1796875 0.11875 0.325
3 0.5734375 0.2890625 0.0125 0.05
16 0.4234375 0.5203125 0.121875 0.325
3 0.4015625 0.6140625 0.0109375 0.090625
16 0.728125 0.1796875 0.11875 0.3234375
3 0.70625 0.2703125 0.0125 0.0859375
16 0.4234375 0.1796875 0.121875 0.3234375
3 0.4015625 0.2859375 0.0140625 0.05625
16 0.5953125 0.51875 0.11875 0.325
3 0.5734375 0.625 0.0125 0.0640625
3 0.2921875 0.234375 0.015625 0.171875
3 0.428125 0.240625 0.0140625 0.1515625
3 0.4296875 0.58125 0.0140625 0.1515625
16 0.728125 0.5203125 0.1203125 0.325
3 0.70625 0.634375 0.0125 0.040625
3 0.309375 0.609375 0.0125 0.0875
3 0.446875 0.609375 0.0109375 0.09375
3 0.309375 0.2671875 0.0109375 0.090625
3 0.446875 0.26875 0.0109375 0.090625
3 0.615625 0.6 0.0109375 0.1109375
3 0.5984375 0.6046875 0.0109375 0.1
3 0.596875 0.2609375 0.0109375 0.103125
3 0.73125 0.26875 0.0109375 0.0859375
3 0.303125 0.8421875 0.0359375 0.3140625
3 0.609375 0.8421875 0.0328125 0.3140625
3 0.73125 0.6140625 0.0109375 0.08125
3 0.7484375 0.609375 0.0125 0.096875
3 0.7484375 0.24375 0.0125 0.140625
3 0.6140625 0.2640625 0.0125 0.1
23 0.509375 0.5078125 0.009375 0.984375