16 0.49375 0.4828125 0.5265625 0.965625
14 0.6765625 0.9921875 0.165625 0.015625
38 0.4796875 0.86875 0.5 0.0484375
3 0.675 0.9078125 0.1109375 0.0171875
39 0.4796875 0.6703125 0.5 0.2125
3 0.684375 0.7890625 0.0890625 0.01875
20 0.4828125 0.4703125 0.5046875 0.05
3 0.696875 0.5078125 0.071875 0.015625
20 0.4828125 0.353125 0.5046875 0.0484375
3 0.709375 0.3921875 0.046875 0.0140625
3 0.7140625 0.275 0.0296875 0.0140625
3 0.678125 0.15625 0.1015625 0.015625
3 0.6890625 0.040625 0.0796875 0.0140625
20 0.346875 0.0125 0.234375 0.025
3 0.428125 0.040625 0.071875 0.0140625
3 0.4265625 0.15625 0.075 0.015625
3 0.4078125 0.2734375 0.1125 0.015625
20 0.6078125 0.0125 0.2453125 0.025
38 0.60625 0.1171875 0.2453125 0.0484375
38 0.346875 0.11875 0.2359375 0.0484375
38 0.346875 0.2359375 0.2359375 0.0484375
38 0.60625 0.234375 0.24375 0.0484375