3 0.25 0.6625 0.2671875 0.034375
3 0.2515625 0.625 0.0578125 0.025
3 0.7984375 0.6625 0.215625 0.0296875
3 0.79375 0.628125 0.278125 0.028125
3 0.7734375 0.5796875 0.453125 0.015625
15 0.7953125 0.3328125 0.2453125 0.046875
3 0.796875 0.3328125 0.115625 0.0171875
15 0.1296875 0.334375 0.2453125 0.046875
3 0.1296875 0.3328125 0.0515625 0.01875
3 0.4453125 0.396875 0.1015625 0.0140625
3 0.4515625 0.496875 0.0875 0.0125
3 0.040625 0.4734375 0.0671875 0.0140625
3 0.03125 0.5734375 0.0515625 0.0140625
38 0.253125 0.5390625 0.490625 0.05
38 0.2515625 0.4390625 0.4890625 0.05