16 0.5046875 0.4875 0.990625 0.7703125
3 0.2546875 0.671875 0.1390625 0.0375
3 0.23125 0.5125 0.0859375 0.0296875
3 0.2265625 0.35625 0.08125 0.0296875
3 0.234375 0.196875 0.0890625 0.0359375
3 0.9015625 0.6734375 0.1296875 0.040625
3 0.8984375 0.1984375 0.13125 0.0390625
3 0.9015625 0.5140625 0.128125 0.0359375
3 0.9015625 0.3546875 0.1265625 0.0421875
3 0.1453125 0.7890625 0.2046875 0.04375
28 0.103125 0.6546875 0.10625 0.10625
28 0.1015625 0.496875 0.10625 0.109375
28 0.1015625 0.3390625 0.103125 0.109375
28 0.1015625 0.18125 0.1046875 0.10625
31 0.5765625 0.628125 0.775 0.025
31 0.5796875 0.471875 0.7859375 0.0203125
31 0.5765625 0.3125 0.7828125 0.0234375
31 0.5765625 0.1546875 0.778125 0.021875
27 0.9109375 0.7890625 0.040625 0.01875