16 0.175 0.5328125 0.35 0.578125
16 0.6796875 0.5328125 0.63125 0.575
3 0.046875 0.2 0.0890625 0.0265625
15 0.4203125 0.196875 0.0984375 0.0453125
3 0.4328125 0.196875 0.053125 0.0109375
15 0.525 0.196875 0.0984375 0.046875
3 0.5375 0.196875 0.0234375 0.0109375
15 0.63125 0.196875 0.0984375 0.0453125
3 0.6421875 0.1984375 0.03125 0.0140625
15 0.734375 0.196875 0.0984375 0.046875
3 0.7484375 0.196875 0.028125 0.0109375
15 0.8515625 0.196875 0.11875 0.0453125
3 0.8640625 0.196875 0.0625 0.0125
15 0.9578125 0.196875 0.075 0.0453125
3 0.9703125 0.196875 0.0203125 0.0109375
27 0.3921875 0.196875 0.0171875 0.01875
27 0.5125 0.196875 0.015625 0.01875
27 0.6125 0.196875 0.01875 0.01875
27 0.71875 0.196875 0.0171875 0.0171875
27 0.815625 0.196875 0.0140625 0.0171875
27 0.9453125 0.196875 0.0171875 0.0171875
16 0.175 0.4328125 0.296875 0.3328125
16 0.175 0.709375 0.2953125 0.1953125
27 0.0796875 0.3171875 0.0515625 0.053125
3 0.184375 0.309375 0.14375 0.025
3 0.1453125 0.3265625 0.0609375 0.0078125
15 0.153125 0.3546875 0.0734375 0.0234375
3 0.1578125 0.3546875 0.0375 0.0078125
27 0.1296875 0.3546875 0.009375 0.009375
3 0.1421875 0.4265625 0.175 0.0125
3 0.10625 0.446875 0.1046875 0.0109375
3 0.11875 0.4734375 0.090625 0.0078125
3 0.1125 0.49375 0.0734375 0.009375
3 0.0875 0.5671875 0.06875 0.0109375
27 0.0625 0.4734375 0.0140625 0.0125
27 0.0625 0.4921875 0.0140625 0.0125
27 0.2375 0.565625 0.0125 0.015625
27 0.2859375 0.565625 0.0046875 0.0140625
27 0.0765625 0.69375 0.015625 0.0140625
27 0.0765625 0.7609375 0.0171875 0.0140625
27 0.2875 0.646875 0.0109375 0.0125
3 0.1046875 0.6484375 0.1015625 0.015625
3 0.15 0.6859375 0.090625 0.0125
3 0.146875 0.7015625 0.0828125 0.009375
3 0.1765625 0.71875 0.14375 0.0109375
3 0.1625 0.753125 0.1140625 0.0109375
3 0.1453125 0.76875 0.08125 0.009375
3 0.1765625 0.7859375 0.146875 0.0078125
3 0.453125 0.7078125 0.0453125 0.0125
3 0.5578125 0.7390625 0.253125 0.025
3 0.496875 0.625 0.134375 0.015625
3 0.5578125 0.653125 0.2546875 0.025
3 0.528125 0.5734375 0.1953125 0.025
3 0.4625 0.540625 0.065625 0.0125
3 0.54375 0.4921875 0.225 0.025
3 0.4453125 0.4625 0.0296875 0.0140625
3 0.54375 0.4171875 0.2265625 0.0234375
3 0.4625 0.3875 0.065625 0.0140625
3 0.4875 0.3140625 0.1140625 0.015625
3 0.54375 0.34375 0.228125 0.0234375
36 0.9328125 0.346875 0.0359375 0.021875
36 0.93125 0.4203125 0.0359375 0.0203125
36 0.93125 0.4921875 0.034375 0.021875
36 0.9328125 0.5734375 0.0359375 0.021875
36 0.9328125 0.653125 0.0359375 0.0203125
36 0.9328125 0.740625 0.0359375 0.021875
23 0.6890625 0.6796875 0.5203125 0.0046875
23 0.6890625 0.5984375 0.521875 0.003125
23 0.6890625 0.5140625 0.5171875 0.0046875
23 0.690625 0.4390625 0.5109375 0.0046875
23 0.6875 0.36875 0.51875 0.0046875