27 0.4984375 0.375 0.015625 0.015625
3 0.4984375 0.4265625 0.109375 0.0125
3 0.4984375 0.4515625 0.2296875 0.0234375
23 0.4984375 0.475 0.0265625 0.0015625
23 0.0375 0.5765625 0.025 0.003125
23 0.359375 0.5765625 0.0265625 0.003125
23 0.6828125 0.5765625 0.0265625 0.003125
3 0.06875 0.5375 0.0875 0.0109375
3 0.08125 0.5609375 0.1125 0.0125
3 0.2984375 0.5484375 0.0453125 0.0359375
3 0.1703125 0.6203125 0.290625 0.0421875
3 0.3828125 0.5375 0.0734375 0.0109375
3 0.396875 0.5609375 0.103125 0.0125
3 0.4921875 0.6203125 0.2921875 0.04375
3 0.6234375 0.5484375 0.053125 0.0359375
3 0.7015625 0.5375 0.0671875 0.009375
3 0.709375 0.5609375 0.0828125 0.0125
3 0.8140625 0.621875 0.2921875 0.0421875
3 0.9453125 0.5484375 0.0515625 0.0375