3 0.4296875 0.4953125 0.1078125 0.0125
3 0.440625 0.5234375 0.1296875 0.0125
15 0.421875 0.609375 0.146875 0.025
27 0.4796875 0.6078125 0.0078125 0.0078125
3 0.4609375 0.553125 0.1671875 0.0109375
3 0.7578125 0.5234375 0.1125 0.0109375
3 0.7703125 0.553125 0.1421875 0.0125
3 0.753125 0.49375 0.10625 0.0109375
27 0.6875 0.525 0.0109375 0.0078125
27 0.6875 0.553125 0.0109375 0.0078125
27 0.6875 0.4953125 0.0109375 0.0078125
27 0.3609375 0.4953125 0.0125 0.0078125
27 0.3609375 0.525 0.0109375 0.0078125
27 0.3609375 0.553125 0.0109375 0.00625
3 0.4140625 0.609375 0.1046875 0.0109375
3 0.6625 0.45625 0.625 0.0296875
3 0.5 0.4109375 0.3 0.0296875
28 0.178125 0.50625 0.309375 0.246875