3 0.68125 0.4609375 0.0171875 0.6203125
3 0.7234375 0.4625 0.03125 0.56875
3 0.3515625 0.8828125 0.0125 0.109375
3 0.31875 0.7421875 0.0421875 0.3875
15 0.2625 0.3484375 0.028125 0.090625
27 0.2625 0.31875 0.0078125 0.009375
3 0.7578125 0.4625 0.0109375 0.096875
3 0.31875 0.2015625 0.0421875 0.3875
3 0.5328125 0.334375 0.0140625 0.11875
15 0.44375 0.890625 0.028125 0.0890625
27 0.44375 0.859375 0.0078125 0.0078125
3 0.5046875 0.2 0.03125 0.3890625
15 0.2625 0.890625 0.028125 0.0890625
27 0.2625 0.8578125 0.009375 0.0078125
3 0.496875 0.7390625 0.04375 0.39375
3 0.5328125 0.859375 0.015625 0.153125
3 0.3515625 0.3546875 0.0109375 0.08125
27 0.3859375 0.915625 0.0375 0.0375
27 0.565625 0.375 0.0390625 0.0390625
27 0.3859375 0.375 0.0375 0.0375
15 0.4578125 0.35 0.028125 0.0890625
27 0.4578125 0.3171875 0.0078125 0.009375
27 0.565625 0.915625 0.0375 0.0375
3 0.659375 0.4625 0.0171875 0.61875
3 0.6359375 0.4625 0.0125 0.2984375
3 0.44375 0.8984375 0.0109375 0.05625
3 0.2625 0.8984375 0.0109375 0.05625
3 0.2625 0.35625 0.0109375 0.05625
3 0.4578125 0.35625 0.0109375 0.05625