10 0.5 0.7796875 1 0.034375
28 0.0234375 0.7875 0.0140625 0.01875
3 0.0609375 0.7875 0.0359375 0.0125
38 0.1546875 0.784375 0.115625 0.0234375
3 0.5015625 0.7875 0.0296875 0.009375
3 0.5421875 0.7890625 0.0203125 0.009375
3 0.5890625 0.7875 0.0375 0.0109375
3 0.6625 0.7875 0.078125 0.0109375
3 0.73125 0.7875 0.0265625 0.009375
3 0.79375 0.7890625 0.0359375 0.009375
3 0.853125 0.7875 0.028125 0.009375
15 0.9265625 0.7859375 0.0734375 0.0203125
3 0.921875 0.7875 0.0453125 0.0109375
27 0.753125 0.7875 0.009375 0.0046875
15 0.1359375 0.5640625 0.0859375 0.0296875
3 0.1359375 0.5640625 0.059375 0.009375
27 0.8171875 0.7890625 0.00625 0.00625
27 0.875 0.7875 0.0078125 0.0046875
27 0.9515625 0.7875 0.0078125 0.00625
23 0.9703125 0.7875 0.0015625 0.01875
15 0.225 0.5640625 0.0734375 0.03125
3 0.2234375 0.5640625 0.046875 0.009375
15 0.31875 0.5640625 0.1 0.03125
3 0.321875 0.5640625 0.0765625 0.0109375
16 0.228125 0.4296875 0.2734375 0.146875
3 0.1578125 0.4328125 0.1 0.0125
16 0.79375 0.4296875 0.2734375 0.1453125
3 0.79375 0.3953125 0.2359375 0.028125
3 0.2875 0.6265625 0.3953125 0.04375
16 0.7953125 0.2765625 0.2734375 0.1453125
3 0.78125 0.2390625 0.2140625 0.0265625
36 0.990625 0.7875 0.0171875 0.0171875
3 0.2125 0.4 0.20625 0.028125
16 0.228125 0.2765625 0.271875 0.1453125
3 0.13125 0.2703125 0.0421875 0.0109375
3 0.2171875 0.2390625 0.215625 0.0296875
16 0.5109375 0.2765625 0.275 0.146875
3 0.4078125 0.284375 0.0296875 0.0140625
3 0.5046875 0.2515625 0.225 0.0296875
16 0.5109375 0.43125 0.2734375 0.146875
3 0.4421875 0.43125 0.0953125 0.0125
3 0.509375 0.3984375 0.234375 0.028125
3 0.734375 0.4265625 0.1125 0.0109375
3 0.74375 0.271875 0.134375 0.015625
28 0.7 0.65 0.115625 0.159375
3 0.1484375 0.73125 0.1109375 0.0359375
3 0.24375 0.6828125 0.3 0.040625
28 0.1296875 0.4703125 0.040625 0.0359375
28 0.128125 0.3125 0.040625 0.0359375
28 0.409375 0.3171875 0.040625 0.028125
28 0.4109375 0.4703125 0.0375 0.0328125
28 0.69375 0.4671875 0.0421875 0.0375
28 0.69375 0.3125 0.0390625 0.0375