16 0.5 0.5 0.3390625 1
3 0.3609375 0.928125 0.0171875 0.1234375
3 0.575 0.9125 0.0140625 0.0921875
15 0.628125 0.85625 0.034375 0.075
3 0.6296875 0.85625 0.0109375 0.0375
15 0.628125 0.95 0.034375 0.084375
3 0.6296875 0.9484375 0.0109375 0.046875
18 0.5734375 0.975 0.0171875 0.0171875
38 0.409375 0.7515625 0.0375 0.478125
38 0.465625 0.753125 0.0359375 0.478125
38 0.5203125 0.7515625 0.0359375 0.478125
38 0.409375 0.2546875 0.0359375 0.478125
38 0.465625 0.2546875 0.0359375 0.478125
38 0.5203125 0.2546875 0.0359375 0.478125