10 0.5 0.8171875 1 0.0390625
28 0.9828125 0.8296875 0.0234375 0.015625
3 0.9421875 0.83125 0.05 0.0125
15 0.3671875 0.8265625 0.0609375 0.0203125
3 0.3671875 0.83125 0.03125 0.009375
3 0.2890625 0.83125 0.0578125 0.009375
3 0.1875 0.8296875 0.0796875 0.0109375
15 0.0765625 0.8265625 0.103125 0.0203125
3 0.075 0.8296875 0.075 0.0109375
3 0.509375 0.709375 0.2828125 0.028125
3 0.5078125 0.675 0.4546875 0.0140625
3 0.5078125 0.653125 0.271875 0.015625
16 0.509375 0.509375 0.3140625 0.196875
3 0.5609375 0.5140625 0.171875 0.0171875
16 0.8375 0.5078125 0.3140625 0.1984375
3 0.8890625 0.515625 0.18125 0.015625
16 0.8375 0.2953125 0.3125 0.196875
3 0.9 0.3015625 0.1546875 0.0171875
16 0.509375 0.2953125 0.3140625 0.196875
3 0.525 0.303125 0.2484375 0.0171875
16 0.178125 0.2953125 0.3140625 0.1984375
3 0.2390625 0.3015625 0.15625 0.0171875
16 0.178125 0.5078125 0.3140625 0.196875
3 0.19375 0.5140625 0.2484375 0.01875
28 0.2921875 0.5640625 0.0421875 0.0453125
28 0.621875 0.5640625 0.0390625 0.046875
28 0.6234375 0.3515625 0.0421875 0.0390625
28 0.2921875 0.35 0.0453125 0.040625
28 0.9515625 0.3515625 0.034375 0.0421875
28 0.953125 0.5640625 0.0390625 0.0421875
3 0.8421875 0.4640625 0.2734375 0.0484375
3 0.5109375 0.4640625 0.2734375 0.0484375
3 0.1890625 0.4640625 0.2625 0.0484375
3 0.196875 0.2515625 0.2421875 0.046875
3 0.5125 0.2515625 0.2734375 0.0515625
3 0.840625 0.2515625 0.2765625 0.05