15 0.5 0.86875 1 0.08125
3 0.4875 0.8703125 0.1765625 0.028125
15 0.16875 0.653125 0.3359375 0.159375
3 0.1484375 0.6828125 0.2890625 0.025
15 0.565625 0.6546875 0.40625 0.1578125
3 0.5640625 0.684375 0.309375 0.0265625
3 0.259375 0.0484375 0.5171875 0.05625
3 0.015625 0.15 0.0296875 0.034375
3 0.49375 0.29375 0.9875 0.121875
3 0.3734375 0.1546875 0.1359375 0.021875
3 0.009375 0.5109375 0.0171875 0.025
33 0.1734375 0.1515625 0.1765625 0.0296875
3 0.134375 0.4203125 0.2640625 0.0265625
3 0.059375 0.64375 0.1078125 0.028125
3 0.4421875 0.6453125 0.0734375 0.0265625
3 0.509375 0.9625 0.2796875 0.028125
27 0.334375 0.9609375 0.0375 0.025
23 0.05625 0.146875 0.00625 0.05625