15 0.30625 0.9796875 0.034375 0.0390625
3 0.3078125 0.9875 0.0140625 0.025
3 0.6203125 0.0921875 0.0296875 0.140625
3 0.5640625 0.2421875 0.0359375 0.4421875
3 0.4328125 0.1078125 0.0140625 0.1234375
3 0.471875 0.1015625 0.015625 0.109375
3 0.5125 0.1828125 0.0125 0.265625
27 0.5140625 0.03125 0.0125 0.015625
27 0.4734375 0.03125 0.0140625 0.015625
27 0.434375 0.03125 0.0140625 0.0171875
39 0.403125 0.8 0.1265625 0.4
38 0.5015625 0.8 0.040625 0.4
38 0.55625 0.8 0.040625 0.3984375
38 0.6125 0.8 0.0390625 0.4
38 0.6671875 0.709375 0.0390625 0.2171875
38 0.66875 0.91875 0.0375 0.1625