10 0.0328125 0.5 0.065625 0.503125
27 0.0125 0.265625 0.025 0.034375
3 0.0125 0.378125 0.025 0.178125
27 0.0109375 0.70625 0.021875 0.04375
27 0.1234375 0.709375 0.0171875 0.021875
3 0.1234375 0.35625 0.034375 0.215625
16 0.2703125 0.496875 0.1875 0.496875
3 0.2328125 0.4640625 0.025 0.2890625
3 0.228125 0.684375 0.0171875 0.046875
3 0.2765625 0.475 0.0265625 0.315625
3 0.3125 0.4796875 0.028125 0.3265625
16 0.46875 0.496875 0.184375 0.4953125
3 0.428125 0.44375 0.028125 0.25
3 0.4234375 0.6859375 0.021875 0.046875
3 0.4734375 0.490625 0.028125 0.3484375
3 0.509375 0.4234375 0.025 0.2109375
16 0.684375 0.4984375 0.2203125 0.5
3 0.6203125 0.6859375 0.0203125 0.05
3 0.625 0.4453125 0.0265625 0.253125
3 0.66875 0.4734375 0.0265625 0.3125
3 0.7046875 0.41875 0.0265625 0.2015625
3 0.703125 0.621875 0.021875 0.040625
3 0.7421875 0.371875 0.025 0.10625
3 0.5078125 0.578125 0.021875 0.0921875
3 0.703125 0.5609375 0.0203125 0.0703125
16 0.9015625 0.496875 0.196875 0.4953125
3 0.853125 0.6875 0.015625 0.0375
3 0.859375 0.44375 0.025 0.2546875
3 0.903125 0.4734375 0.0265625 0.3125
3 0.9375 0.41875 0.028125 0.2015625
3 0.9375 0.5609375 0.021875 0.071875
3 0.9375 0.6359375 0.025 0.06875
3 0.9765625 0.3578125 0.0234375 0.0765625
27 0.271875 0.275 0.0171875 0.015625
27 0.46875 0.2765625 0.0171875 0.0171875