22 0.5 0.5015625 0.5609375 0.5609375
3 0.2640625 0.2484375 0.0546875 0.0171875
3 0.271875 0.2859375 0.06875 0.0109375
3 0.253125 0.3140625 0.015625 0.009375
3 0.3109375 0.3234375 0.0703125 0.0078125
3 0.30625 0.309375 0.0578125 0.009375
3 0.4515625 0.3078125 0.075 0.009375
3 0.4703125 0.321875 0.0375 0.0109375
3 0.5703125 0.2859375 0.1234375 0.0109375
27 0.753125 0.2484375 0.0109375 0.0125
20 0.6359375 0.3265625 0.25625 0.03125
16 0.3640625 0.50625 0.25625 0.3234375
3 0.2828125 0.365625 0.0703125 0.009375
3 0.3109375 0.396875 0.1265625 0.0109375
3 0.4765625 0.3953125 0.0125 0.0078125
37 0.6359375 0.5578125 0.271875 0.415625
3 0.56875 0.365625 0.028125 0.0109375
3 0.7 0.3640625 0.028125 0.0109375
3 0.5703125 0.403125 0.1234375 0.0109375
3 0.6140625 0.4484375 0.0125 0.0171875
3 0.6421875 0.45 0.0328125 0.0171875
3 0.525 0.490625 0.0140625 0.0109375
3 0.5625 0.490625 0.0171875 0.0109375
3 0.6078125 0.490625 0.021875 0.0109375
3 0.65 0.490625 0.021875 0.0109375
3 0.6953125 0.490625 0.0265625 0.0140625
3 0.740625 0.490625 0.025 0.0109375
3 0.775 0.490625 0.0078125 0.009375
3 0.2625 0.4140625 0.0265625 0.009375
3 0.4765625 0.4359375 0.009375 0.009375
3 0.4734375 0.475 0.0125 0.009375
3 0.475 0.5171875 0.0109375 0.009375
3 0.465625 0.5859375 0.03125 0.0109375
3 0.4671875 0.609375 0.028125 0.0109375
3 0.4625 0.6359375 0.034375 0.009375
3 0.265625 0.5875 0.0359375 0.009375
3 0.2703125 0.609375 0.04375 0.009375
3 0.2609375 0.6359375 0.025 0.009375
3 0.2625 0.534375 0.0265625 0.0078125
3 0.3015625 0.4359375 0.10625 0.0109375
3 0.2640625 0.453125 0.0296875 0.009375
3 0.2859375 0.4765625 0.0703125 0.009375
3 0.2640625 0.4953125 0.0296875 0.0109375
3 0.290625 0.5171875 0.084375 0.009375
15 0.634375 0.746875 0.2546875 0.03125
3 0.6359375 0.746875 0.0453125 0.0109375
3 0.5484375 0.540625 0.009375 0.0109375
3 0.5484375 0.59375 0.0109375 0.0125
3 0.6359375 0.5421875 0.009375 0.0125
3 0.721875 0.5421875 0.009375 0.0125
3 0.634375 0.59375 0.009375 0.0125
3 0.721875 0.59375 0.0109375 0.0140625
3 0.5484375 0.646875 0.0109375 0.0125
3 0.5484375 0.7046875 0.0078125 0.00625
3 0.634375 0.7 0.0109375 0.0125
3 0.634375 0.646875 0.0078125 0.0125
3 0.721875 0.646875 0.0109375 0.0109375
27 0.7234375 0.7 0.0140625 0.0125