38 0.125 0.8171875 0.2421875 0.04375
20 0.321875 0.81875 0.128125 0.04375
15 0.590625 0.815625 0.125 0.0375
3 0.6015625 0.815625 0.06875 0.0140625
27 0.55 0.815625 0.0109375 0.0125
16 0.8375 0.5015625 0.31875 0.696875
20 0.903125 0.815625 0.1390625 0.03125
3 0.75 0.8171875 0.096875 0.015625
3 0.778125 0.7765625 0.1546875 0.0140625
3 0.7875 0.75 0.171875 0.0125
3 0.734375 0.7234375 0.06875 0.0125
3 0.84375 0.675 0.146875 0.0140625
3 0.79375 0.65625 0.0484375 0.009375
3 0.7828125 0.6390625 0.0234375 0.0109375
3 0.84375 0.65625 0.04375 0.0109375
3 0.8234375 0.6390625 0.053125 0.009375
3 0.7890625 0.61875 0.034375 0.0109375
3 0.81875 0.575 0.096875 0.0140625
3 0.79375 0.5546875 0.0484375 0.009375
3 0.84375 0.5546875 0.04375 0.009375
3 0.796875 0.5328125 0.053125 0.0125
3 0.8265625 0.490625 0.1125 0.0125
3 0.79375 0.4703125 0.0484375 0.0109375
3 0.834375 0.4703125 0.0265625 0.0078125
3 0.8203125 0.453125 0.040625 0.009375
3 0.7828125 0.4546875 0.0265625 0.009375
3 0.7890625 0.43125 0.0359375 0.0109375
23 0.8734375 0.5984375 0.2015625 0.003125
23 0.8375 0.6984375 0.3109375 0.003125
23 0.871875 0.5125 0.2046875 0.0015625
23 0.8390625 0.2671875 0.2765625 0.003125
16 0.49375 0.303125 0.315625 0.303125
23 0.4921875 0.3546875 0.2890625 0.00625
23 0.4953125 0.240625 0.29375 0.0046875
16 0.1625 0.303125 0.31875 0.30625
23 0.165625 0.2390625 0.290625 0.00625
23 0.1640625 0.35625 0.2890625 0.0046875
16 0.1640625 0.6234375 0.31875 0.3203125
23 0.1640625 0.5671875 0.2859375 0.00625
16 0.49375 0.6234375 0.321875 0.3203125
23 0.4953125 0.565625 0.2890625 0.0046875
23 0.490625 0.6828125 0.2890625 0.00625
23 0.1671875 0.6828125 0.2921875 0.0046875
28 0.728125 0.659375 0.05625 0.0546875
28 0.728125 0.55625 0.0578125 0.05625
28 0.728125 0.471875 0.05625 0.053125
3 0.725 0.3171875 0.053125 0.0125
3 0.728125 0.2875 0.05625 0.0140625
3 0.9515625 0.3171875 0.0453125 0.0140625
3 0.9546875 0.2875 0.0390625 0.0125
3 0.946875 0.24375 0.0546875 0.015625
3 0.71875 0.2453125 0.0328125 0.0125
15 0.8140625 0.1953125 0.2265625 0.0390625
3 0.8140625 0.1953125 0.0546875 0.0109375
27 0.9546875 0.1953125 0.00625 0.0171875
3 0.115625 0.7390625 0.0890625 0.009375
3 0.1125 0.75625 0.0828125 0.0125
19 0.2765625 0.75625 0.0671875 0.0234375
3 0.2765625 0.7546875 0.046875 0.009375
3 0.2828125 0.7078125 0.053125 0.0125
3 0.071875 0.7078125 0.1015625 0.0109375
3 0.23125 0.6609375 0.0171875 0.0109375
3 0.296875 0.6625 0.025 0.0109375
3 0.0328125 0.6609375 0.028125 0.0109375
3 0.09375 0.6328125 0.1515625 0.0140625
3 0.084375 0.609375 0.1296875 0.0125
3 0.0734375 0.5859375 0.1046875 0.0125
3 0.23125 0.6328125 0.0046875 0.0109375
3 0.23125 0.609375 0.0078125 0.0109375
3 0.23125 0.5875 0.0046875 0.009375
3 0.2890625 0.609375 0.040625 0.0125
3 0.290625 0.6328125 0.0375 0.0125
3 0.290625 0.5875 0.0375 0.0125
3 0.2875 0.5453125 0.0453125 0.0125
3 0.0359375 0.5453125 0.0359375 0.0125
15 0.0890625 0.4984375 0.1390625 0.0390625
3 0.0890625 0.496875 0.071875 0.0125
15 0.240625 0.496875 0.1390625 0.0375
3 0.2421875 0.496875 0.05625 0.0125
3 0.365625 0.5453125 0.034375 0.0140625
3 0.615625 0.5453125 0.04375 0.015625
15 0.56875 0.4984375 0.1390625 0.0375
3 0.56875 0.496875 0.0546875 0.015625
15 0.4171875 0.4984375 0.1390625 0.0375
3 0.4171875 0.496875 0.0734375 0.0125
3 0.6109375 0.70625 0.053125 0.0125
3 0.625 0.6609375 0.0296875 0.0078125
3 0.559375 0.6609375 0.0203125 0.009375
3 0.3625 0.6609375 0.028125 0.009375
3 0.4125 0.6328125 0.1265625 0.0125
3 0.559375 0.634375 0.00625 0.0109375
3 0.61875 0.6328125 0.0375 0.0140625
3 0.61875 0.5875 0.0359375 0.0125
3 0.61875 0.609375 0.0421875 0.0109375
3 0.559375 0.609375 0.0078125 0.0109375
3 0.559375 0.5859375 0.00625 0.009375
3 0.3984375 0.5859375 0.1015625 0.0125
3 0.3921875 0.609375 0.0859375 0.0125
3 0.4 0.7046875 0.103125 0.0140625
3 0.4453125 0.7390625 0.0890625 0.0109375
3 0.4421875 0.75625 0.084375 0.0125
3 0.1109375 0.4125 0.0828125 0.009375
3 0.1125 0.4296875 0.0828125 0.0140625
19 0.2890625 0.4296875 0.0453125 0.0234375
3 0.2890625 0.4296875 0.0265625 0.0109375
3 0.071875 0.3796875 0.1046875 0.0109375
3 0.2828125 0.3796875 0.053125 0.0109375
3 0.034375 0.334375 0.0296875 0.0109375
3 0.23125 0.334375 0.01875 0.009375
3 0.2984375 0.334375 0.028125 0.0109375
3 0.2921875 0.30625 0.0359375 0.0125
3 0.2921875 0.2828125 0.0375 0.0109375
3 0.2890625 0.259375 0.0421875 0.0125
3 0.23125 0.259375 0.00625 0.009375
3 0.23125 0.2828125 0.0078125 0.0109375
3 0.23125 0.30625 0.009375 0.0109375
3 0.0375 0.21875 0.0375 0.0140625
3 0.2859375 0.21875 0.046875 0.0140625
15 0.240625 0.171875 0.1390625 0.0375
3 0.240625 0.16875 0.0578125 0.0140625
15 0.0890625 0.1703125 0.1390625 0.0390625
3 0.0890625 0.1703125 0.075 0.015625
3 0.078125 0.30625 0.1171875 0.0140625
3 0.0640625 0.259375 0.0890625 0.0109375
3 0.059375 0.2828125 0.078125 0.0109375
3 0.44375 0.4125 0.0890625 0.009375
3 0.4296875 0.4296875 0.0609375 0.0140625
19 0.61875 0.4296875 0.040625 0.0234375
3 0.61875 0.4296875 0.0234375 0.009375
3 0.3984375 0.3796875 0.103125 0.0125
3 0.6125 0.3796875 0.05625 0.0125
3 0.3609375 0.334375 0.0265625 0.0109375
3 0.559375 0.334375 0.01875 0.0109375
3 0.6265625 0.334375 0.025 0.0109375
3 0.6203125 0.30625 0.0375 0.0140625
3 0.61875 0.2828125 0.040625 0.0140625
3 0.6203125 0.259375 0.0390625 0.0125
3 0.559375 0.30625 0.0046875 0.009375
3 0.559375 0.2828125 0.0078125 0.0109375
3 0.559375 0.259375 0.0046875 0.0109375
3 0.615625 0.21875 0.046875 0.0140625
3 0.365625 0.21875 0.0375 0.0140625
3 0.384375 0.259375 0.071875 0.0125
3 0.39375 0.2828125 0.090625 0.0125
3 0.3984375 0.30625 0.0984375 0.0125
15 0.56875 0.171875 0.1390625 0.0375
3 0.5703125 0.1703125 0.053125 0.0140625
15 0.4171875 0.1703125 0.140625 0.0375
3 0.4171875 0.1703125 0.0734375 0.0125
19 0.6015625 0.75625 0.071875 0.021875
3 0.6015625 0.75625 0.0546875 0.009375
27 0.0390625 0.4234375 0.0375 0.0375
27 0.3671875 0.421875 0.0390625 0.0359375
27 0.3671875 0.7484375 0.0359375 0.0375
25 0.0390625 0.75 0.0375 0.0359375