11 0.9578125 0.2265625 0.0390625 0.040625
16 0.8890625 0.6515625 0.178125 0.2921875
11 0.834375 0.559375 0.0375 0.0390625
11 0.8828125 0.559375 0.034375 0.034375
11 0.9328125 0.559375 0.034375 0.034375
3 0.8328125 0.590625 0.0203125 0.00625
3 0.8828125 0.590625 0.028125 0.0078125
3 0.93125 0.590625 0.025 0.0078125
3 0.84375 0.528125 0.05625 0.0078125
20 0.8890625 0.6484375 0.1453125 0.0328125
3 0.840625 0.6171875 0.05 0.0078125
38 0.8890625 0.7171875 0.146875 0.0359375
3 0.825 0.684375 0.01875 0.0078125
15 0.8890625 0.765625 0.14375 0.0328125
3 0.9 0.7671875 0.0640625 0.0078125
3 0.85625 0.484375 0.1109375 0.0078125
3 0.8453125 0.4625 0.0875 0.0109375
21 0.4921875 0.653125 0.5765625 0.2984375
15 0.64375 0.471875 0.08125 0.03125
3 0.6328125 0.4734375 0.0328125 0.009375
16 0.7890625 0.3546875 0.3765625 0.1578125
3 0.7046875 0.3390625 0.153125 0.025
3 0.6515625 0.3109375 0.046875 0.0109375
3 0.6953125 0.365625 0.134375 0.0078125
15 0.675 0.3953125 0.09375 0.021875
3 0.6828125 0.3953125 0.053125 0.0078125
3 0.2625 0.484375 0.109375 0.009375
3 0.24375 0.4625 0.071875 0.0125
16 0.2953125 0.3984375 0.178125 0.06875
3 0.2453125 0.4125 0.0453125 0.0078125
16 0.2953125 0.309375 0.1765625 0.0703125
3 0.2390625 0.303125 0.0296875 0.015625
3 0.2453125 0.3234375 0.0453125 0.0078125
3 0.23125 0.39375 0.0203125 0.015625
16 0.4921875 0.3984375 0.1765625 0.06875
3 0.4328125 0.39375 0.0296875 0.015625
3 0.45 0.4140625 0.0609375 0.00625
16 0.4921875 0.309375 0.1765625 0.06875
3 0.43125 0.303125 0.021875 0.015625
3 0.4484375 0.325 0.0609375 0.0078125
3 0.2453125 0.228125 0.08125 0.0203125
3 0.875 0.6484375 0.0890625 0.0078125
38 0.6671875 0.2265625 0.315625 0.040625
12 0.865625 0.2203125 0.028125 0.0296875
12 0.909375 0.2203125 0.025 0.0265625
27 0.934375 0.31875 0.00625 0.0140625
27 0.6625 0.471875 0.0125 0.0078125
27 0.7640625 0.471875 0.0140625 0.0140625
15 0.7234375 0.471875 0.0328125 0.034375
27 0.7234375 0.4734375 0.0140625 0.0109375
27 0.8546875 0.765625 0.015625 0.0140625
15 0.9765625 0.559375 0.0265625 0.028125
27 0.9765625 0.559375 0.0109375 0.0109375
27 0.6421875 0.3953125 0.0109375 0.0109375
27 0.3484375 0.3984375 0.015625 0.015625
27 0.546875 0.3984375 0.0140625 0.015625
27 0.3484375 0.309375 0.0140625 0.0140625
27 0.546875 0.309375 0.015625 0.015625
5 0.0875 0.496875 0.1609375 0.5984375