3 0.3015625 0.2765625 0.0484375 0.390625
3 0.4515625 0.45625 0.009375 0.025
3 0.2484375 0.8984375 0.0234375 0.203125
3 0.434375 0.425 0.0125 0.090625
3 0.490625 0.2734375 0.046875 0.3921875
3 0.678125 0.275 0.046875 0.3875
3 0.6390625 0.4140625 0.0109375 0.1125
3 0.621875 0.43125 0.0125 0.0734375
3 0.246875 0.4328125 0.0125 0.0734375
3 0.2625 0.428125 0.0125 0.0796875
28 0.69375 0.5640625 0.1703125 0.15625
28 0.5046875 0.5640625 0.171875 0.1546875
28 0.3171875 0.5640625 0.171875 0.153125
3 0.309375 0.85 0.05625 0.2984375
27 0.35 0.4546875 0.0265625 0.0265625
27 0.35 0.41875 0.0265625 0.025
27 0.5390625 0.4546875 0.028125 0.0265625
27 0.5390625 0.4171875 0.0265625 0.0265625
27 0.728125 0.4546875 0.0265625 0.025
27 0.7265625 0.4171875 0.0265625 0.0265625