16 0.4984375 0.4734375 0.9203125 0.946875
14 0.8984375 0.978125 0.1234375 0.0140625
3 0.8828125 0.9203125 0.121875 0.0109375
3 0.834375 0.8734375 0.1734375 0.0125
23 0.4890625 0.83125 0.9 0.0046875
3 0.915625 0.8453125 0.046875 0.0140625
15 0.1109375 0.875 0.0578125 0.0390625
3 0.1109375 0.8734375 0.028125 0.0109375
3 0.203125 0.80625 0.0546875 0.009375
3 0.1359375 0.7875 0.1921875 0.009375
3 0.1703125 0.7671875 0.121875 0.0109375
3 0.20625 0.746875 0.05 0.0109375
3 0.1921875 0.7203125 0.0578125 0.009375
3 0.5 0.80625 0.059375 0.0109375
3 0.4640625 0.7859375 0.13125 0.0125
3 0.471875 0.765625 0.1171875 0.0125
3 0.484375 0.74375 0.090625 0.0125
3 0.48125 0.7203125 0.071875 0.009375
3 0.8640625 0.80625 0.059375 0.009375
3 0.825 0.7859375 0.1390625 0.0125
3 0.790625 0.7640625 0.2078125 0.0125
3 0.8328125 0.746875 0.1234375 0.0109375
3 0.8546875 0.71875 0.05625 0.0078125
39 0.3 0.6015625 0.521875 0.0953125
3 0.54375 0.6578125 0.0328125 0.009375
16 0.7625 0.609375 0.3546875 0.1125
3 0.8828125 0.640625 0.0796875 0.0140625
3 0.8140625 0.621875 0.1484375 0.009375
3 0.8265625 0.5953125 0.1921875 0.0125
3 0.8484375 0.5765625 0.1484375 0.009375
21 0.490625 0.303125 0.9046875 0.3109375
3 0.88125 0.48125 0.0734375 0.015625
3 0.2265625 0.1265625 0.053125 0.009375
3 0.225 0.1015625 0.0546875 0.0140625
3 0.225 0.075 0.0546875 0.0109375
3 0.228125 0.0484375 0.046875 0.0140625
3 0.2328125 0.021875 0.0390625 0.009375
3 0.059375 0.128125 0.0421875 0.0125
3 0.0546875 0.1015625 0.0296875 0.0109375
3 0.040625 0.075 0.0046875 0.0109375
3 0.0703125 0.0484375 0.0609375 0.0140625
19 0.075 0.015625 0.0703125 0.0265625
3 0.06875 0.0125 0.046875 0.0125
27 0.9328125 0.875 0.0140625 0.015625
27 0.0484375 0.875 0.0203125 0.0203125
27 0.2609375 0.79375 0.015625 0.0171875
27 0.5578125 0.79375 0.015625 0.0203125
27 0.921875 0.79375 0.0171875 0.01875
27 0.9078125 0.6203125 0.0140625 0.009375
20 0.2484375 0.875 0.1875 0.0390625
23 0.4890625 0.525 0.9 0.00625