3 0.925 0.175 0.040625 0.2796875
3 0.89375 0.078125 0.015625 0.0890625
3 0.89375 0.7890625 0.0140625 0.090625
3 0.8921875 0.4359375 0.0140625 0.0984375
28 0.9078125 0.0140625 0.0390625 0.015625
3 0.925 0.5265625 0.040625 0.278125
3 0.0953125 0.509375 0.0125 0.5734375
3 0.925 0.86875 0.0421875 0.246875
28 0.9078125 0.7140625 0.0375 0.0375
28 0.9078125 0.359375 0.0375 0.0375
3 0.1171875 0.509375 0.0140625 0.3109375
3 0.053125 0.509375 0.0265625 0.4109375
3 0.01875 0.509375 0.015625 0.1734375
28 0.503125 0.5 0.6515625 0.9859375