3 0.8265625 0.15 0.2578125 0.0359375
3 0.88125 0.2421875 0.1484375 0.028125
3 0.915625 0.3609375 0.078125 0.0265625
3 0.909375 0.478125 0.0953125 0.028125
3 0.890625 0.596875 0.13125 0.028125
3 0.54375 0.728125 0.1953125 0.028125
15 0.6203125 0.84375 0.18125 0.078125
3 0.61875 0.84375 0.103125 0.0265625
15 0.421875 0.84375 0.1640625 0.078125
3 0.421875 0.84375 0.0796875 0.025
18 0.6734375 0.728125 0.0359375 0.0390625
38 0.35625 0.6109375 0.7125 0.0796875
38 0.35625 0.4921875 0.7109375 0.0796875
38 0.35625 0.375 0.7125 0.078125
38 0.3578125 0.25625 0.7140625 0.078125