32 0.56875 0.2328125 0.0265625 0.0265625
3 0.665625 0.8765625 0.0296875 0.2453125
32 0.56875 0.2703125 0.028125 0.028125
3 0.3453125 0.69375 0.0328125 0.6109375
3 0.665625 0.290625 0.025 0.0625
3 0.5578125 0.975 0.0140625 0.0484375
15 0.3359375 0.1625 0.0375 0.325
3 0.334375 0.159375 0.0125 0.0859375
32 0.56875 0.30625 0.034375 0.0328125
3 0.43125 0.915625 0.0140625 0.1671875
3 0.471875 0.940625 0.0125 0.1171875
3 0.4125 0.93125 0.0125 0.1359375
3 0.6109375 0.6875 0.059375 0.625
3 0.3796875 0.9859375 0.0125 0.0265625
3 0.4515625 0.946875 0.0140625 0.10625
3 0.5125 0.9484375 0.0125 0.103125
3 0.4921875 0.9484375 0.0125 0.103125
33 0.634375 0.28125 0.015625 0.078125
3 0.53125 0.9203125 0.0140625 0.159375
15 0.478125 0.296875 0.05625 0.05625
3 0.478125 0.2953125 0.0140625 0.025
15 0.4125 0.159375 0.0546875 0.1015625
3 0.4125 0.159375 0.009375 0.0203125
15 0.4125 0.0484375 0.0546875 0.096875
3 0.4125 0.0453125 0.009375 0.0203125
15 0.478125 0.228125 0.0546875 0.05625
3 0.478125 0.228125 0.0125 0.0171875
15 0.4109375 0.2734375 0.0546875 0.1015625
3 0.4125 0.2734375 0.0125 0.0171875
15 0.478125 0.159375 0.0546875 0.05625
3 0.478125 0.159375 0.0125 0.0078125
15 0.4796875 0.0921875 0.0546875 0.0578125
3 0.478125 0.090625 0.0109375 0.0140625
15 0.4796875 0.0265625 0.053125 0.0515625
3 0.478125 0.0234375 0.0140625 0.0078125
3 0.521875 0.034375 0.0125 0.065625
3 0.521875 0.309375 0.0140625 0.0296875
3 0.634375 0.1875 0.009375 0.0640625
3 0.6015625 0.30625 0.0140625 0.0328125