10 0.840625 0.5 0.0421875 1
28 0.85 0.8578125 0.021875 0.0171875
3 0.846875 0.825 0.0109375 0.040625
15 0.846875 0.3703125 0.025 0.0484375
3 0.846875 0.3703125 0.009375 0.0265625
3 0.846875 0.309375 0.009375 0.0453125
3 0.846875 0.228125 0.0078125 0.0640625
15 0.846875 0.140625 0.025 0.08125
3 0.846875 0.140625 0.009375 0.0609375
3 0.734375 0.4828125 0.0203125 0.45
17 0.61875 0.4890625 0.134375 0.978125
3 0.70625 0.5109375 0.0109375 0.3046875
16 0.6328125 0.909375 0.09375 0.1203125
16 0.6328125 0.6953125 0.09375 0.11875
16 0.6328125 0.4828125 0.0921875 0.11875
16 0.6328125 0.2703125 0.0921875 0.1171875
3 0.70625 0.3296875 0.0109375 0.053125
3 0.6171875 0.2703125 0.0125 0.05625
3 0.6171875 0.4828125 0.0140625 0.0515625
28 0.64375 0.4828125 0.0265625 0.0328125
28 0.6421875 0.271875 0.021875 0.071875
28 0.64375 0.696875 0.0265625 0.025
28 0.64375 0.9109375 0.015625 0.03125
3 0.6171875 0.909375 0.0125 0.0265625
3 0.615625 0.696875 0.0125 0.0421875
19 0.5875 0.6953125 0.0125 0.05
3 0.5875 0.6953125 0.0046875 0.0375
16 0.6328125 0.059375 0.0953125 0.1171875
3 0.615625 0.05625 0.0140625 0.040625
28 0.64375 0.05625 0.028125 0.0234375
26 0.3078125 0.5 0.3421875 1
3 0.3953125 0.8375 0.0109375 0.0578125
3 0.3375 0.7453125 0.065625 0.2421875
3 0.3953125 0.59375 0.009375 0.021875
3 0.3640625 0.5953125 0.009375 0.0171875
3 0.3390625 0.5734375 0.0078125 0.0640625
3 0.3125 0.58125 0.009375 0.046875
3 0.2875 0.5890625 0.009375 0.034375
3 0.3953125 0.45 0.0125 0.05
3 0.365625 0.459375 0.0078125 0.0328125
3 0.340625 0.45625 0.0078125 0.0359375
3 0.3140625 0.4390625 0.009375 0.0734375
3 0.3953125 0.3015625 0.0109375 0.0875
3 0.3953125 0.18125 0.0109375 0.0671875
3 0.365625 0.18125 0.009375 0.065625
3 0.340625 0.184375 0.009375 0.0640625
3 0.365625 0.321875 0.0109375 0.0484375
3 0.340625 0.3296875 0.0078125 0.0328125
3 0.3140625 0.3203125 0.009375 0.0484375
3 0.2875 0.3359375 0.009375 0.01875
3 0.2609375 0.3296875 0.009375 0.03125
3 0.2328125 0.3265625 0.009375 0.0375
3 0.2078125 0.325 0.009375 0.0421875
3 0.18125 0.33125 0.009375 0.028125
3 0.15625 0.334375 0.009375 0.025
19 0.2609375 0.2859375 0.0171875 0.05
3 0.259375 0.2875 0.0078125 0.0359375
3 0.2625 0.190625 0.0109375 0.0515625
3 0.2875 0.1890625 0.0109375 0.0546875
3 0.3140625 0.18125 0.009375 0.06875