16 0.2578125 0.409375 0.46875 0.4203125
3 0.1 0.178125 0.14375 0.0171875
16 0.75 0.4125 0.471875 0.421875
3 0.5828125 0.178125 0.1265625 0.015625
3 0.05 0.6609375 0.046875 0.0140625
3 0.953125 0.6609375 0.0546875 0.0140625
3 0.1046875 0.5203125 0.1328125 0.0125
16 0.5015625 0.771875 0.9625 0.165625
3 0.1328125 0.8015625 0.059375 0.0109375
3 0.5609375 0.2390625 0.046875 0.0125
3 0.5734375 0.353125 0.0703125 0.0125
3 0.5625 0.2953125 0.0515625 0.0125
3 0.565625 0.409375 0.05625 0.0125
3 0.55625 0.4671875 0.0375 0.0125
3 0.56875 0.525 0.0625 0.0140625
3 0.5609375 0.58125 0.046875 0.0125
3 0.7046875 0.2390625 0.028125 0.009375
3 0.709375 0.2953125 0.0375 0.009375
3 0.7046875 0.353125 0.028125 0.009375
3 0.7046875 0.4109375 0.028125 0.0109375
3 0.7046875 0.4671875 0.028125 0.0109375
3 0.709375 0.5234375 0.0375 0.0109375
3 0.709375 0.58125 0.0375 0.009375
3 0.1671875 0.71875 0.125 0.0109375
3 0.528125 0.740625 0.8484375 0.009375
3 0.93125 0.71875 0.0421875 0.0125
3 0.93125 0.803125 0.0453125 0.0140625
3 0.528125 0.825 0.8484375 0.009375
3 0.1203125 0.7625 0.03125 0.009375
3 0.18125 0.7625 0.0578125 0.009375
3 0.2375 0.7625 0.021875 0.009375
3 0.1296875 0.846875 0.0484375 0.009375
3 0.1890625 0.8453125 0.040625 0.0078125
3 0.246875 0.846875 0.0453125 0.009375
23 0.709375 0.78125 0.5078125 0.0015625
28 0.0640625 0.7296875 0.0453125 0.0453125
28 0.0640625 0.815625 0.0453125 0.0453125
36 0.665625 0.2390625 0.0328125 0.01875
36 0.665625 0.2953125 0.03125 0.0171875
36 0.6640625 0.353125 0.03125 0.0171875
36 0.6640625 0.409375 0.0328125 0.0171875
36 0.6640625 0.4671875 0.0328125 0.01875
36 0.6640625 0.5234375 0.03125 0.0171875
36 0.665625 0.58125 0.0296875 0.0171875
38 0.815625 0.2390625 0.0765625 0.0359375
38 0.925 0.2390625 0.0765625 0.0359375
38 0.815625 0.353125 0.0765625 0.0359375
38 0.925 0.353125 0.0765625 0.0375
38 0.815625 0.409375 0.0765625 0.0375
38 0.925 0.409375 0.0765625 0.0375
38 0.815625 0.4671875 0.078125 0.0375
38 0.925 0.4671875 0.0765625 0.0375
23 0.7484375 0.5515625 0.4328125 0.003125
23 0.7484375 0.49375 0.4328125 0.003125
23 0.7484375 0.4375 0.4328125 0.0015625
23 0.8703125 0.465625 0.0125 0.0015625
23 0.8703125 0.409375 0.0125 0.0015625
23 0.75 0.3796875 0.43125 0.003125
23 0.8703125 0.353125 0.0125 0.003125
23 0.7484375 0.3234375 0.43125 0.003125
23 0.7484375 0.265625 0.43125 0.0015625
23 0.871875 0.2375 0.015625 0.003125
15 0.1859375 0.2484375 0.1515625 0.034375
3 0.1859375 0.2484375 0.1203125 0.0125
27 0.290625 0.2484375 0.015625 0.0171875
28 0.0703125 0.2484375 0.05625 0.0578125
38 0.25625 0.3328125 0.4296875 0.0359375
3 0.084375 0.3 0.0859375 0.009375
3 0.05625 0.3703125 0.0296875 0.009375
3 0.271875 0.3703125 0.01875 0.009375
3 0.271875 0.4421875 0.01875 0.0109375
3 0.078125 0.440625 0.071875 0.009375
38 0.1453125 0.403125 0.209375 0.0359375
38 0.3671875 0.4015625 0.209375 0.0375
38 0.365625 0.4734375 0.209375 0.0375
38 0.1453125 0.4734375 0.209375 0.0375
3 0.078125 0.5484375 0.071875 0.0109375
3 0.2984375 0.55 0.06875 0.009375
16 0.146875 0.58125 0.209375 0.0375
16 0.3671875 0.58125 0.2078125 0.0375