5 0.0921875 0.5 0.184375 0.615625
10 0.59375 0.215625 0.8125 0.0453125
3 0.25 0.2109375 0.0875 0.0171875
23 0.8015625 0.215625 0.0015625 0.04375
12 0.834375 0.2125 0.0125 0.015625
3 0.884375 0.209375 0.015625 0.009375
3 0.9484375 0.2046875 0.071875 0.009375
3 0.94375 0.21875 0.059375 0.0078125
15 0.9234375 0.2765625 0.125 0.0296875
3 0.9328125 0.278125 0.078125 0.0109375
27 0.8796875 0.278125 0.009375 0.009375
38 0.3015625 0.2765625 0.1921875 0.0328125
16 0.3 0.3859375 0.1921875 0.1453125
16 0.496875 0.3859375 0.1921875 0.1453125
16 0.69375 0.3859375 0.190625 0.14375
16 0.890625 0.3859375 0.1890625 0.14375
16 0.8921875 0.5375 0.1890625 0.14375
16 0.69375 0.5359375 0.190625 0.1421875
16 0.496875 0.5359375 0.1890625 0.14375
16 0.2984375 0.5359375 0.190625 0.14375
16 0.3 0.6859375 0.1890625 0.14375
28 0.2984375 0.7890625 0.1796875 0.0390625
16 0.2984375 0.7875 0.1890625 0.0421875
16 0.4984375 0.6859375 0.1921875 0.1421875
28 0.496875 0.7890625 0.18125 0.0390625
16 0.496875 0.7875 0.1890625 0.0421875
28 0.69375 0.7890625 0.178125 0.0390625
16 0.69375 0.7859375 0.1921875 0.04375
28 0.8921875 0.7890625 0.1796875 0.0375
16 0.8921875 0.7875 0.1921875 0.0421875
16 0.890625 0.6859375 0.190625 0.14375
16 0.69375 0.6859375 0.190625 0.1453125
3 0.3 0.421875 0.0765625 0.0109375
3 0.3 0.4375 0.0328125 0.009375
3 0.496875 0.421875 0.103125 0.0125
3 0.496875 0.4375 0.0625 0.0109375
3 0.3 0.5734375 0.0828125 0.0125
3 0.3 0.5890625 0.0515625 0.009375
3 0.496875 0.571875 0.0734375 0.0109375
3 0.496875 0.5890625 0.0625 0.009375
3 0.3 0.7234375 0.0703125 0.0125
3 0.3 0.7390625 0.0515625 0.0109375
3 0.496875 0.7234375 0.1203125 0.0125
3 0.496875 0.7390625 0.0640625 0.009375
3 0.69375 0.721875 0.075 0.0109375
3 0.69375 0.7390625 0.0296875 0.0078125
3 0.69375 0.571875 0.084375 0.0109375
3 0.69375 0.5890625 0.0296875 0.009375
3 0.69375 0.421875 0.1015625 0.009375
3 0.890625 0.421875 0.078125 0.0109375
3 0.890625 0.571875 0.0671875 0.0125
3 0.890625 0.5875 0.059375 0.009375
3 0.8921875 0.721875 0.08125 0.0109375
3 0.890625 0.7390625 0.0609375 0.009375
28 0.3 0.3609375 0.1796875 0.084375
27 0.375 0.334375 0.0109375 0.0109375
3 0.69375 0.4375 0.0296875 0.009375
28 0.496875 0.3609375 0.1796875 0.084375
27 0.571875 0.334375 0.0125 0.0125
28 0.69375 0.3609375 0.1796875 0.084375
27 0.76875 0.334375 0.0109375 0.0109375
28 0.69375 0.5109375 0.1796875 0.084375
27 0.76875 0.4859375 0.009375 0.0109375
28 0.8921875 0.3609375 0.1796875 0.084375
27 0.965625 0.334375 0.009375 0.0109375
28 0.8921875 0.5125 0.1796875 0.0859375
27 0.965625 0.484375 0.009375 0.0109375
3 0.890625 0.4375 0.0609375 0.009375
28 0.496875 0.5109375 0.1796875 0.084375
27 0.571875 0.484375 0.009375 0.009375
28 0.3 0.5109375 0.18125 0.084375
27 0.3734375 0.4859375 0.0109375 0.0109375
28 0.3 0.6625 0.1796875 0.084375
27 0.3734375 0.6359375 0.009375 0.0109375
28 0.496875 0.6625 0.1796875 0.084375
27 0.5703125 0.6359375 0.0109375 0.0109375
28 0.69375 0.6625 0.1796875 0.084375
27 0.76875 0.6359375 0.009375 0.0109375
28 0.8921875 0.6625 0.1796875 0.084375
27 0.965625 0.6359375 0.009375 0.0109375
27 0.965625 0.7859375 0.009375 0.0109375
27 0.76875 0.7859375 0.0078125 0.009375
27 0.571875 0.7859375 0.0125 0.0109375
27 0.375 0.7859375 0.009375 0.009375