27 0.021875 0.23125 0.025 0.021875
3 0.378125 0.23125 0.053125 0.0109375
3 0.4703125 0.2296875 0.0546875 0.0109375
3 0.63125 0.2296875 0.05 0.0109375
3 0.5515625 0.2296875 0.0375 0.0109375
3 0.95625 0.23125 0.0375 0.0109375
15 0.5 0.4328125 0.3328125 0.0265625
15 0.4375 0.6640625 0.0953125 0.03125
3 0.4375 0.6640625 0.06875 0.0109375
15 0.553125 0.6640625 0.1140625 0.03125
3 0.5453125 0.6640625 0.06875 0.0078125
27 0.590625 0.6640625 0.0078125 0.0078125
3 0.5 0.5890625 0.49375 0.0125
3 0.5 0.609375 0.434375 0.0140625
3 0.5 0.4921875 0.4 0.046875
3 0.5 0.5375 0.33125 0.0390625
3 0.4515625 0.4328125 0.215625 0.0109375
3 0.6203125 0.4328125 0.06875 0.009375
3 0.571875 0.4328125 0.021875 0.009375
27 0.9859375 0.23125 0.00625 0.0078125