3 0.81875 0.828125 0.2375 0.0328125
3 0.8703125 0.74375 0.1359375 0.0265625
3 0.903125 0.634375 0.071875 0.025
3 0.896875 0.5265625 0.0875 0.025
3 0.878125 0.4171875 0.121875 0.025
3 0.5578125 0.2953125 0.1796875 0.0265625
15 0.6296875 0.1890625 0.1671875 0.071875
3 0.628125 0.1890625 0.0953125 0.025
15 0.4453125 0.1890625 0.1515625 0.071875
3 0.4453125 0.1890625 0.0734375 0.0234375
18 0.6796875 0.2953125 0.0328125 0.0359375
38 0.3734375 0.403125 0.68125 0.0734375
38 0.3734375 0.5125 0.6796875 0.0734375
38 0.3734375 0.621875 0.6796875 0.071875
38 0.3734375 0.7296875 0.68125 0.071875