16 0.49375 0.5234375 0.53125 0.9515625
14 0.6796875 0.021875 0.1640625 0.015625
38 0.48125 0.14375 0.5046875 0.046875
3 0.678125 0.10625 0.109375 0.0171875
39 0.48125 0.340625 0.5046875 0.2109375
3 0.6890625 0.2234375 0.0890625 0.01875
20 0.4828125 0.5375 0.5078125 0.0484375
3 0.7 0.5015625 0.071875 0.015625
20 0.4828125 0.6546875 0.5078125 0.046875
3 0.7125 0.615625 0.046875 0.0140625
3 0.7171875 0.73125 0.0296875 0.0125
3 0.6828125 0.85 0.1 0.015625
3 0.69375 0.9640625 0.0796875 0.0140625
20 0.35 0.9890625 0.240625 0.0203125
3 0.4359375 0.9640625 0.071875 0.0140625
3 0.4328125 0.85 0.0734375 0.015625
3 0.4140625 0.7328125 0.1109375 0.015625
20 0.6125 0.9890625 0.2421875 0.0203125
38 0.6109375 0.8875 0.2421875 0.0484375
38 0.35 0.8875 0.2421875 0.046875
38 0.35 0.7703125 0.2421875 0.046875
38 0.6109375 0.771875 0.2421875 0.0484375