10 0.5 0.9453125 1 0.0453125
3 0.153125 0.8765625 0.30625 0.0234375
19 0.3390625 0.8765625 0.046875 0.0203125
3 0.3375 0.875 0.0203125 0.0109375
28 0.29375 0.6109375 0.5875 0.46875
16 0.784375 0.803125 0.3484375 0.0828125
16 0.7828125 0.7109375 0.35 0.0828125
16 0.7828125 0.6171875 0.3515625 0.0828125
16 0.7828125 0.525 0.35 0.0828125
16 0.7828125 0.2921875 0.3515625 0.1265625
16 0.2921875 0.3140625 0.584375 0.090625
16 0.0890625 0.128125 0.178125 0.075
16 0.090625 0.05625 0.18125 0.0515625
16 0.3234375 0.128125 0.2640625 0.075
16 0.3234375 0.05625 0.265625 0.0515625
16 0.596875 0.128125 0.2625 0.075
16 0.596875 0.05625 0.265625 0.0515625
16 0.8703125 0.1296875 0.259375 0.0765625
16 0.86875 0.05625 0.2625 0.0515625
15 0.6921875 0.4484375 0.165625 0.0390625
3 0.6921875 0.4484375 0.0859375 0.0125
15 0.8734375 0.4484375 0.165625 0.0390625
3 0.8734375 0.4484375 0.10625 0.0140625
15 0.7828125 0.39375 0.35 0.04375
3 0.796875 0.3921875 0.1078125 0.0140625
27 0.725 0.39375 0.0203125 0.01875
27 0.6328125 0.3 0.0140625 0.0140625
27 0.6328125 0.275 0.0140625 0.0140625
27 0.6328125 0.25 0.0140625 0.0140625
19 0.6671875 0.3328125 0.0828125 0.0234375
27 0.6421875 0.3328125 0.0125 0.0125
3 0.678125 0.33125 0.0453125 0.0109375
3 0.734375 0.3 0.175 0.0125
3 0.715625 0.2734375 0.134375 0.0125
3 0.6875 0.2484375 0.0796875 0.0125
3 0.4765625 0.3 0.03125 0.0140625
3 0.5328125 0.3 0.06875 0.015625
3 0.5515625 0.3265625 0.0296875 0.0125
3 0.2546875 0.3296875 0.1640625 0.0125
15 0.2546875 0.2984375 0.0796875 0.0328125
3 0.2546875 0.2984375 0.05 0.0109375
27 0.44375 0.3015625 0.0203125 0.0203125
33 0.48125 0.3265625 0.096875 0.01875
27 0.00625 0.315625 0.0125 0.021875
27 0.0546875 0.3140625 0.025 0.021875
27 0.228125 0.1265625 0.0203125 0.021875
27 0.228125 0.04375 0.01875 0.021875
27 0.5015625 0.128125 0.0203125 0.0203125
27 0.5015625 0.04375 0.0171875 0.0203125
27 0.775 0.128125 0.01875 0.0203125
27 0.7765625 0.04375 0.021875 0.015625
3 0.8265625 0.0515625 0.05 0.0140625
3 0.815625 0.034375 0.0296875 0.0078125
3 0.8546875 0.1359375 0.103125 0.0140625
3 0.846875 0.1171875 0.09375 0.0109375
3 0.55625 0.1359375 0.059375 0.0140625
3 0.603125 0.1171875 0.1515625 0.0109375
3 0.553125 0.0515625 0.053125 0.0125
3 0.5390625 0.034375 0.0234375 0.0078125
3 0.3 0.0515625 0.09375 0.0125
3 0.3078125 0.034375 0.1078125 0.0078125
3 0.2828125 0.1171875 0.0578125 0.0109375
3 0.2984375 0.1359375 0.090625 0.0125
3 0.015625 0.1375 0.03125 0.0109375
3 0.0390625 0.11875 0.0765625 0.0109375
3 0.0171875 0.0515625 0.034375 0.0140625
3 0.0046875 0.034375 0.009375 0.0078125
19 0.7203125 0.5125 0.1421875 0.025
3 0.7203125 0.5125 0.1171875 0.0109375
3 0.7296875 0.5390625 0.165625 0.0109375
3 0.9078125 0.5359375 0.0640625 0.015625
19 0.728125 0.6046875 0.15625 0.025
3 0.7265625 0.6046875 0.13125 0.0125
3 0.7125 0.63125 0.13125 0.0125
3 0.9078125 0.6296875 0.0625 0.015625
3 0.7 0.7234375 0.1078125 0.0125
19 0.728125 0.6984375 0.1578125 0.025
3 0.728125 0.6984375 0.1328125 0.0109375
3 0.9125 0.7234375 0.053125 0.015625
3 0.9140625 0.8140625 0.0546875 0.0171875
3 0.703125 0.815625 0.1125 0.0125
19 0.7046875 0.790625 0.1125 0.025
3 0.7046875 0.790625 0.0875 0.0125
32 0.634375 0.5390625 0.0171875 0.0171875
32 0.634375 0.63125 0.0171875 0.0171875
32 0.634375 0.7234375 0.0171875 0.0171875
32 0.6359375 0.815625 0.0171875 0.0171875
27 0.76875 0.8171875 0.0140625 0.0140625
27 0.7625 0.725 0.0125 0.0125
27 0.7890625 0.63125 0.0140625 0.0125
27 0.8234375 0.5390625 0.0125 0.0125