15 0.7578125 0.43125 0.025 0.1296875
27 0.75625 0.3796875 0.0078125 0.009375
3 0.653125 0.2546875 0.03125 0.484375
3 0.35625 0.3640625 0.0125 0.26875
3 0.490625 0.353125 0.0140625 0.29375
3 0.6234375 0.353125 0.0140625 0.2984375
3 0.5203125 0.2625 0.0296875 0.471875
3 0.3859375 0.25625 0.028125 0.4828125
3 0.415625 0.4609375 0.0125 0.0734375
3 0.5484375 0.4609375 0.0109375 0.0765625
3 0.68125 0.4609375 0.0109375 0.0765625
3 0.4140625 0.3828125 0.0109375 0.0578125
3 0.5484375 0.3734375 0.0109375 0.078125
3 0.6828125 0.3796875 0.0125 0.0609375
23 0.4515625 0.2546875 0.0078125 0.4890625
23 0.584375 0.2546875 0.00625 0.50625
23 0.71875 0.2578125 0.00625 0.490625
3 0.30625 0.8125 0.046875 0.3734375
3 0.2421875 0.84375 0.0484375 0.3125
28 0.5609375 0.8109375 0.421875 0.378125
3 0.759375 0.4390625 0.0109375 0.09375