16 0.246875 0.503125 0.4921875 0.75
16 0.7546875 0.503125 0.4765625 0.75
21 0.7859375 0.503125 0.375 0.7171875
3 0.5546875 0.3015625 0.0265625 0.315625
27 0.5546875 0.840625 0.025 0.0265625
20 0.0359375 0.746875 0.040625 0.1171875
27 0.034375 0.840625 0.0234375 0.0234375
3 0.0296875 0.3171875 0.025 0.34375
16 0.278125 0.321875 0.396875 0.346875
16 0.278125 0.6859375 0.4 0.3484375
28 0.1640625 0.321875 0.165625 0.34375
28 0.1640625 0.6859375 0.165625 0.3453125
3 0.2875 0.240625 0.021875 0.146875
3 0.334375 0.2125 0.015625 0.0984375
3 0.3359375 0.3640625 0.015625 0.175
3 0.371875 0.3015625 0.0171875 0.05
3 0.371875 0.2 0.015625 0.06875
15 0.428125 0.2390625 0.0484375 0.1515625
3 0.428125 0.2375 0.0171875 0.0359375
15 0.428125 0.403125 0.0484375 0.15
3 0.4296875 0.403125 0.01875 0.10625
15 0.428125 0.603125 0.046875 0.15
3 0.4296875 0.603125 0.015625 0.034375
15 0.428125 0.7671875 0.046875 0.1484375
3 0.4296875 0.7671875 0.01875 0.1109375
3 0.2890625 0.6546875 0.0234375 0.2515625
3 0.334375 0.5765625 0.015625 0.0984375
3 0.371875 0.5625 0.015625 0.0703125
3 0.3734375 0.6828125 0.0171875 0.084375
3 0.334375 0.728125 0.01875 0.178125