38 0.8734375 0.81875 0.24375 0.04375
20 0.6765625 0.81875 0.1296875 0.04375
15 0.40625 0.815625 0.125 0.0375
3 0.3953125 0.815625 0.06875 0.0140625
27 0.446875 0.815625 0.0109375 0.0125
16 0.159375 0.5 0.3171875 0.696875
20 0.0921875 0.8171875 0.140625 0.03125
3 0.246875 0.8171875 0.0984375 0.015625
3 0.2171875 0.778125 0.1546875 0.0140625
3 0.209375 0.75 0.1734375 0.0125
3 0.2625 0.7234375 0.06875 0.0125
3 0.1515625 0.675 0.146875 0.0140625
3 0.2015625 0.65625 0.0484375 0.009375
3 0.2140625 0.6390625 0.0234375 0.0109375
3 0.1515625 0.65625 0.0453125 0.0109375
3 0.171875 0.6390625 0.053125 0.009375
3 0.2078125 0.6171875 0.0359375 0.0109375
3 0.1765625 0.575 0.096875 0.0140625
3 0.2015625 0.5546875 0.0484375 0.009375
3 0.1515625 0.5546875 0.0453125 0.009375
3 0.2 0.5328125 0.053125 0.0125
3 0.1703125 0.4890625 0.1125 0.0125
3 0.2015625 0.46875 0.0484375 0.0109375
3 0.1609375 0.4703125 0.0265625 0.0078125
3 0.1765625 0.453125 0.0421875 0.009375
3 0.2125 0.453125 0.0265625 0.009375
3 0.2078125 0.43125 0.0359375 0.0109375
23 0.121875 0.596875 0.2015625 0.003125
23 0.1578125 0.6984375 0.3125 0.003125
23 0.125 0.5125 0.2046875 0.0015625
23 0.15625 0.265625 0.278125 0.003125
16 0.5046875 0.3015625 0.3171875 0.303125
23 0.50625 0.353125 0.290625 0.00625
23 0.5015625 0.2390625 0.29375 0.0046875
16 0.8359375 0.303125 0.3203125 0.3046875
23 0.8328125 0.2375 0.2921875 0.00625
23 0.834375 0.3546875 0.290625 0.0046875
16 0.8359375 0.621875 0.3203125 0.321875
23 0.8359375 0.565625 0.2875 0.00625
16 0.5046875 0.6234375 0.325 0.321875
23 0.503125 0.565625 0.290625 0.00625
23 0.50625 0.6828125 0.290625 0.00625
23 0.8328125 0.6828125 0.29375 0.0046875
28 0.2671875 0.659375 0.05625 0.0546875
28 0.26875 0.55625 0.059375 0.05625
28 0.2671875 0.471875 0.05625 0.0546875
3 0.2703125 0.315625 0.053125 0.0125
3 0.26875 0.2859375 0.05625 0.0140625
3 0.04375 0.315625 0.0453125 0.0140625
3 0.040625 0.2859375 0.0390625 0.0125
3 0.0484375 0.2421875 0.0546875 0.015625
3 0.278125 0.2421875 0.0328125 0.0125
15 0.1828125 0.19375 0.2265625 0.0390625
3 0.1828125 0.19375 0.0546875 0.0109375
27 0.040625 0.19375 0.00625 0.0171875
3 0.8828125 0.740625 0.0890625 0.009375
3 0.8875 0.75625 0.0828125 0.0125
19 0.721875 0.7578125 0.0671875 0.0234375
3 0.721875 0.75625 0.046875 0.009375
3 0.715625 0.7078125 0.053125 0.0125
3 0.928125 0.7078125 0.103125 0.0109375
3 0.76875 0.6609375 0.0171875 0.0109375
3 0.7015625 0.6625 0.025 0.0109375
3 0.9671875 0.6609375 0.028125 0.0109375
3 0.9046875 0.6328125 0.1515625 0.0140625
3 0.915625 0.609375 0.1296875 0.0125
3 0.9265625 0.5859375 0.1046875 0.0125
3 0.7671875 0.6328125 0.0046875 0.0109375
3 0.7671875 0.609375 0.0078125 0.0109375
3 0.7671875 0.5859375 0.0046875 0.009375
3 0.709375 0.609375 0.040625 0.0125
3 0.7078125 0.6328125 0.0390625 0.0125
3 0.7078125 0.5859375 0.0375 0.0125
3 0.7109375 0.54375 0.0453125 0.0125
3 0.9625 0.54375 0.0359375 0.0140625
15 0.909375 0.496875 0.1390625 0.0390625
3 0.909375 0.496875 0.071875 0.0125
15 0.7578125 0.496875 0.140625 0.0375
3 0.7578125 0.4953125 0.05625 0.0125
3 0.6328125 0.54375 0.034375 0.0140625
3 0.38125 0.54375 0.04375 0.015625
15 0.428125 0.496875 0.1390625 0.0375
3 0.428125 0.4953125 0.0546875 0.015625
15 0.58125 0.496875 0.140625 0.0375
3 0.5796875 0.4953125 0.0734375 0.0125
3 0.3859375 0.70625 0.053125 0.0125
3 0.371875 0.6609375 0.0296875 0.0078125
3 0.4375 0.6609375 0.0203125 0.009375
3 0.6359375 0.6609375 0.028125 0.009375
3 0.5859375 0.6328125 0.128125 0.0125
3 0.4375 0.634375 0.00625 0.0109375
3 0.378125 0.6328125 0.0375 0.0140625
3 0.378125 0.5859375 0.0359375 0.0125
3 0.378125 0.609375 0.0421875 0.0109375
3 0.4375 0.609375 0.0078125 0.0109375
3 0.4390625 0.5859375 0.00625 0.009375
3 0.6 0.5859375 0.1015625 0.0125
3 0.60625 0.609375 0.0859375 0.0125
3 0.596875 0.70625 0.103125 0.0140625
3 0.553125 0.7390625 0.0890625 0.0109375
3 0.55625 0.75625 0.084375 0.0140625
3 0.8890625 0.4109375 0.0828125 0.009375
3 0.8859375 0.428125 0.084375 0.0140625
19 0.709375 0.428125 0.0453125 0.0234375
3 0.709375 0.428125 0.028125 0.0109375
3 0.928125 0.378125 0.10625 0.0109375
3 0.715625 0.378125 0.053125 0.0109375
3 0.965625 0.3328125 0.0296875 0.0109375
3 0.76875 0.3328125 0.01875 0.009375
3 0.7 0.3328125 0.028125 0.0109375
3 0.70625 0.3046875 0.0359375 0.0125
3 0.70625 0.28125 0.0375 0.0125
3 0.709375 0.2578125 0.04375 0.0125
3 0.7671875 0.2578125 0.00625 0.009375
3 0.76875 0.28125 0.0078125 0.0109375
3 0.7671875 0.3046875 0.009375 0.0109375
3 0.9625 0.215625 0.0375 0.0140625
3 0.7125 0.2171875 0.046875 0.0140625
15 0.759375 0.1703125 0.140625 0.0375
3 0.7578125 0.1671875 0.0578125 0.0140625
15 0.9109375 0.1703125 0.1390625 0.0375
3 0.9109375 0.1671875 0.075 0.015625
3 0.921875 0.3046875 0.1171875 0.0140625
3 0.934375 0.2578125 0.0890625 0.0109375
3 0.940625 0.28125 0.078125 0.0109375
3 0.553125 0.4109375 0.0890625 0.009375
3 0.56875 0.428125 0.0609375 0.0140625
19 0.378125 0.428125 0.040625 0.0234375
3 0.378125 0.428125 0.0234375 0.009375
3 0.5984375 0.378125 0.1046875 0.0125
3 0.384375 0.378125 0.0578125 0.0125
3 0.6359375 0.3328125 0.0265625 0.0109375
3 0.4375 0.3328125 0.01875 0.0109375
3 0.3703125 0.3328125 0.025 0.0109375
3 0.3765625 0.3046875 0.0375 0.0140625
3 0.378125 0.28125 0.040625 0.0140625
3 0.3765625 0.2578125 0.0390625 0.0125
3 0.4375 0.3046875 0.0046875 0.009375
3 0.4375 0.28125 0.0078125 0.0109375
3 0.4375 0.2578125 0.0046875 0.0109375
3 0.38125 0.215625 0.0484375 0.0140625
3 0.6328125 0.215625 0.0375 0.0140625
3 0.6140625 0.2578125 0.071875 0.0125
3 0.6046875 0.28125 0.090625 0.0125
3 0.6 0.3046875 0.0984375 0.0125
15 0.428125 0.1703125 0.140625 0.0375
3 0.428125 0.1671875 0.0546875 0.0140625
15 0.58125 0.16875 0.1421875 0.0359375
3 0.5796875 0.1671875 0.0734375 0.0125
19 0.3953125 0.75625 0.0734375 0.021875
3 0.3953125 0.75625 0.0546875 0.0109375
27 0.9609375 0.421875 0.0375 0.0375
27 0.63125 0.421875 0.0390625 0.0359375
27 0.63125 0.7484375 0.0375 0.0375
25 0.9609375 0.75 0.0375 0.0359375