16 0.5 0.4984375 0.3953125 0.996875
3 0.6265625 0.5671875 0.0265625 0.2625
3 0.6609375 0.4765625 0.0140625 0.08125
3 0.575 0.6765625 0.034375 0.478125
3 0.4953125 0.703125 0.028125 0.4375
3 0.5203125 0.5421875 0.0125 0.11875
3 0.4203125 0.7171875 0.028125 0.465625
3 0.4453125 0.5296875 0.0140625 0.09375
3 0.3703125 0.525 0.0140625 0.084375
3 0.3453125 0.71875 0.0265625 0.46875
27 0.50625 0.4546875 0.034375 0.0375
27 0.43125 0.4546875 0.0359375 0.0359375
27 0.35625 0.4546875 0.0359375 0.034375
28 0.4953125 0.1640625 0.2921875 0.328125