22 0.496875 0.5015625 0.34375 0.271875
27 0.65 0.384375 0.0109375 0.0109375
15 0.359375 0.4421875 0.0265625 0.1046875
27 0.359375 0.459375 0.0109375 0.0125
15 0.3578125 0.559375 0.028125 0.1046875
27 0.359375 0.575 0.009375 0.0109375
3 0.6328125 0.5 0.0078125 0.0421875
3 0.6078125 0.5015625 0.0171875 0.1734375
3 0.4359375 0.5015625 0.0109375 0.059375
3 0.4125 0.5015625 0.009375 0.2109375
3 0.396875 0.5015625 0.0078125 0.2
3 0.3578125 0.4328125 0.009375 0.028125
3 0.3578125 0.55 0.009375 0.0234375
8 0.5234375 0.5015625 0.1203125 0.1125