5 0.5 0.0859375 0.61875 0.1703125
10 0.2140625 0.5859375 0.046875 0.8265625
3 0.209375 0.259375 0.0203125 0.1328125
23 0.2140625 0.8 0.046875 0.0046875
3 0.2171875 0.9453125 0.009375 0.0625
3 0.2046875 0.95 0.009375 0.0734375
15 0.2765625 0.9203125 0.03125 0.1328125
3 0.278125 0.93125 0.009375 0.0859375
16 0.415625 0.8578125 0.2015625 0.25625
3 0.45625 0.8046875 0.0109375 0.1265625
3 0.4546875 0.9671875 0.009375 0.0140625
3 0.478125 0.846875 0.009375 0.1671875
3 0.4984375 0.7953125 0.009375 0.065625
16 0.4140625 0.590625 0.2015625 0.2578125
3 0.4546875 0.7 0.009375 0.015625
3 0.45625 0.509375 0.0109375 0.071875
3 0.478125 0.575 0.009375 0.1625
3 0.4984375 0.5265625 0.0109375 0.0625
16 0.415625 0.3234375 0.2015625 0.2578125
3 0.4546875 0.43125 0.009375 0.0140625
3 0.45625 0.259375 0.0109375 0.10625
3 0.478125 0.284375 0.009375 0.1140625
3 0.4984375 0.259375 0.009375 0.0625
27 0.478125 0.2140625 0.0125 0.0125
27 0.4984375 0.2140625 0.0109375 0.0140625
27 0.4546875 0.4125 0.0109375 0.0109375
27 0.478125 0.48125 0.0125 0.0125
27 0.4984375 0.48125 0.0109375 0.0140625
27 0.4546875 0.68125 0.0109375 0.0109375
27 0.478125 0.75 0.0125 0.0125
27 0.4984375 0.75 0.0109375 0.0140625
27 0.4546875 0.95 0.0109375 0.0109375
27 0.3359375 0.43125 0.0109375 0.009375
27 0.3359375 0.6984375 0.0109375 0.009375
27 0.3359375 0.965625 0.0109375 0.009375
27 0.2765625 0.8734375 0.009375 0.009375
38 0.2765625 0.29375 0.034375 0.196875
16 0.6265625 0.3234375 0.2015625 0.25625
3 0.6671875 0.240625 0.0109375 0.06875
3 0.6890625 0.2953125 0.0109375 0.1359375
3 0.709375 0.259375 0.0109375 0.0625
27 0.6671875 0.4140625 0.0109375 0.0109375
3 0.665625 0.43125 0.009375 0.0140625
16 0.6265625 0.590625 0.2015625 0.25625
3 0.6671875 0.53125 0.0109375 0.1125
3 0.6890625 0.5453125 0.009375 0.0984375
3 0.709375 0.5265625 0.0109375 0.0625
27 0.6671875 0.68125 0.0109375 0.0109375
3 0.665625 0.6984375 0.0109375 0.015625
16 0.6265625 0.859375 0.2 0.25625
3 0.6671875 0.7890625 0.0109375 0.09375
27 0.6671875 0.95 0.0125 0.0109375
3 0.665625 0.9671875 0.009375 0.015625
3 0.6890625 0.8453125 0.009375 0.16875
3 0.709375 0.7953125 0.0109375 0.0671875
27 0.6890625 0.2140625 0.0125 0.0125
27 0.709375 0.2140625 0.0125 0.0140625
27 0.6890625 0.48125 0.0109375 0.0125
27 0.709375 0.48125 0.0125 0.0140625
27 0.6890625 0.75 0.0125 0.0125
27 0.709375 0.75 0.0125 0.0140625
27 0.546875 0.965625 0.0109375 0.009375
27 0.546875 0.6984375 0.009375 0.0109375
27 0.546875 0.43125 0.0109375 0.009375
16 0.771875 0.321875 0.0734375 0.25625
27 0.7578125 0.43125 0.0109375 0.009375
16 0.771875 0.590625 0.0734375 0.2546875
27 0.7578125 0.6984375 0.0109375 0.009375
16 0.7734375 0.8578125 0.0734375 0.2546875
27 0.7578125 0.965625 0.009375 0.009375
12 0.209375 0.834375 0.015625 0.0125
3 0.209375 0.8859375 0.0078125 0.0140625