16 0.490625 0.503125 0.840625 0.9296875
3 0.290625 0.10625 0.23125 0.028125
20 0.4921875 0.2828125 0.7296875 0.0890625
3 0.1640625 0.21875 0.0734375 0.0296875
20 0.490625 0.425 0.725 0.0875
3 0.1640625 0.3609375 0.08125 0.0234375
3 0.2265625 0.5015625 0.20625 0.0328125
19 0.1921875 0.5671875 0.1265625 0.0578125
3 0.190625 0.5671875 0.0671875 0.025
19 0.3390625 0.5671875 0.1421875 0.0578125
3 0.3390625 0.56875 0.0875 0.0296875
19 0.4953125 0.5671875 0.1453125 0.059375
3 0.4953125 0.56875 0.090625 0.0234375
19 0.65625 0.56875 0.146875 0.059375
3 0.65625 0.5671875 0.0921875 0.0234375
3 0.475 0.640625 0.21875 0.0296875
29 0.303125 0.753125 0.353125 0.0875
3 0.1921875 0.6890625 0.134375 0.0265625
29 0.6796875 0.7546875 0.353125 0.0875
3 0.5609375 0.6890625 0.11875 0.025
3 0.2015625 0.9 0.1515625 0.0265625
15 0.5265625 0.8984375 0.2125 0.071875
3 0.5234375 0.9015625 0.1421875 0.025
15 0.7484375 0.9 0.2109375 0.071875
3 0.7484375 0.9 0.0734375 0.021875
23 0.490625 0.8375 0.8390625 0.0140625
23 0.490625 0.1671875 0.8375 0.0109375
27 0.1484375 0.1046875 0.0375 0.0390625
23 0.240625 0.6375 0.225 0.0078125
23 0.7109375 0.6375 0.228125 0.00625