5 0.5 0.928125 0.746875 0.14375
16 0.2953125 0.4296875 0.221875 0.8234375
3 0.15625 0.8125 0.0171875 0.0671875
11 0.1578125 0.0921875 0.0265625 0.0265625
3 0.1640625 0.0484375 0.009375 0.0515625
3 0.1515625 0.046875 0.0078125 0.0515625
16 0.5265625 0.4296875 0.2234375 0.8234375
16 0.7578125 0.4296875 0.2234375 0.8234375
3 0.2140625 0.7734375 0.0140625 0.071875
3 0.2875 0.759375 0.028125 0.1328125
3 0.25625 0.778125 0.0109375 0.0984375
15 0.371875 0.7765625 0.0265625 0.0984375
3 0.371875 0.778125 0.0109375 0.08125
15 0.3734375 0.678125 0.0265625 0.0734375
3 0.371875 0.6765625 0.0109375 0.05625
3 0.2140625 0.46875 0.015625 0.096875
3 0.2171875 0.275 0.0109375 0.03125
3 0.215625 0.0609375 0.009375 0.0421875
3 0.246875 0.0828125 0.0109375 0.0859375
3 0.2671875 0.0890625 0.0109375 0.096875
3 0.246875 0.2703125 0.009375 0.0234375
3 0.2671875 0.265625 0.0109375 0.0296875
3 0.2890625 0.0890625 0.009375 0.096875
3 0.3109375 0.0890625 0.0109375 0.096875
3 0.3328125 0.0890625 0.009375 0.1015625
3 0.290625 0.2640625 0.009375 0.0328125
3 0.3109375 0.2703125 0.0109375 0.01875
3 0.3328125 0.2671875 0.009375 0.028125
27 0.2453125 0.2875 0.0046875 0.00625
27 0.2671875 0.2859375 0.0046875 0.0046875
27 0.2890625 0.2859375 0.00625 0.00625
27 0.3109375 0.2859375 0.00625 0.0078125
27 0.3328125 0.2875 0.00625 0.00625
27 0.2140625 0.8203125 0.015625 0.009375
27 0.2578125 0.71875 0.00625 0.009375
3 0.4453125 0.7359375 0.0109375 0.1375
3 0.4875 0.778125 0.0078125 0.0984375
3 0.51875 0.759375 0.0265625 0.13125
3 0.4453125 0.4671875 0.0140625 0.0953125
15 0.6046875 0.7765625 0.0265625 0.0984375
3 0.6046875 0.7765625 0.0109375 0.0796875
14 0.6046875 0.678125 0.0265625 0.0734375
3 0.6046875 0.678125 0.009375 0.0546875
3 0.4484375 0.275 0.009375 0.028125
3 0.4484375 0.0609375 0.009375 0.040625
3 0.4765625 0.26875 0.009375 0.025
3 0.478125 0.08125 0.009375 0.084375
3 0.4984375 0.0890625 0.009375 0.0984375
3 0.5203125 0.0890625 0.009375 0.0984375
3 0.5421875 0.0890625 0.009375 0.0984375
3 0.5640625 0.0890625 0.009375 0.1
3 0.5640625 0.2703125 0.009375 0.0203125
3 0.5421875 0.265625 0.009375 0.03125
3 0.5203125 0.26875 0.009375 0.021875
3 0.4984375 0.265625 0.0078125 0.028125
3 0.678125 0.0609375 0.009375 0.040625
3 0.678125 0.2765625 0.009375 0.0296875
3 0.709375 0.08125 0.0109375 0.0828125
3 0.7296875 0.0890625 0.0109375 0.096875
3 0.7515625 0.0890625 0.0109375 0.096875
3 0.7734375 0.0875 0.009375 0.0984375
3 0.7953125 0.0890625 0.0109375 0.0984375
3 0.709375 0.2671875 0.009375 0.0234375
3 0.7296875 0.265625 0.009375 0.0296875
3 0.7515625 0.26875 0.009375 0.021875
3 0.7734375 0.2703125 0.0078125 0.01875
3 0.7953125 0.2640625 0.009375 0.03125
3 0.6765625 0.4671875 0.0125 0.096875
3 0.6765625 0.7390625 0.015625 0.13125
3 0.71875 0.7796875 0.0109375 0.0984375
3 0.7515625 0.7234375 0.028125 0.2046875
15 0.834375 0.7765625 0.0265625 0.0984375
3 0.8359375 0.7765625 0.009375 0.078125
15 0.834375 0.678125 0.025 0.0734375
3 0.8359375 0.6765625 0.0078125 0.0546875
27 0.4890625 0.7171875 0.0078125 0.009375
27 0.71875 0.7171875 0.0078125 0.0109375
1 0.3078125 0.4671875 0.1359375 0.134375
1 0.5390625 0.4671875 0.1359375 0.134375
1 0.7703125 0.4671875 0.134375 0.134375