15 0.7625 0.4203125 0.0265625 0.1328125
27 0.7625 0.36875 0.0078125 0.009375
3 0.65625 0.2453125 0.0328125 0.4890625
3 0.35 0.353125 0.0125 0.2765625
3 0.4890625 0.340625 0.0140625 0.3015625
3 0.625 0.340625 0.0140625 0.30625
3 0.51875 0.2484375 0.03125 0.484375
3 0.38125 0.2453125 0.028125 0.4890625
3 0.4109375 0.453125 0.0140625 0.075
3 0.5484375 0.4515625 0.0109375 0.0796875
3 0.684375 0.4515625 0.0125 0.078125
3 0.4109375 0.3703125 0.0109375 0.059375
3 0.546875 0.3609375 0.0125 0.0796875
3 0.6875 0.3671875 0.0125 0.0625
23 0.4484375 0.2453125 0.0078125 0.490625
23 0.5859375 0.25 0.00625 0.5
23 0.7234375 0.246875 0.00625 0.49375
3 0.3 0.8109375 0.0484375 0.378125
3 0.2359375 0.8421875 0.0453125 0.315625
28 0.5609375 0.8078125 0.4328125 0.3828125
3 0.7640625 0.4296875 0.0125 0.0953125