3 0.3015625 0.028125 0.1890625 0.0203125
3 0.359375 0.140625 0.2296875 0.01875
3 0.30625 0.2234375 0.1953125 0.01875
3 0.3078125 0.446875 0.1953125 0.0203125
3 0.29375 0.79375 0.1734375 0.021875
3 0.34375 0.84375 0.1984375 0.0171875
15 0.296875 0.9515625 0.175 0.053125
3 0.296875 0.953125 0.140625 0.015625
15 0.728125 0.95 0.1203125 0.053125
3 0.7296875 0.9515625 0.0859375 0.0140625
23 0.4984375 0.8953125 0.5765625 0.0078125
23 0.4984375 0.753125 0.58125 0.009375
23 0.496875 0.40625 0.5796875 0.009375
23 0.5 0.184375 0.584375 0.0078125
38 0.4984375 0.078125 0.5828125 0.05
38 0.5 0.275 0.58125 0.05
38 0.440625 0.3375 0.4671875 0.046875
38 0.7390625 0.3375 0.10625 0.0484375
38 0.3515625 0.496875 0.2859375 0.05
38 0.6484375 0.496875 0.2859375 0.05
38 0.4984375 0.559375 0.5828125 0.05
38 0.35 0.621875 0.2859375 0.0515625
38 0.6484375 0.621875 0.2875 0.05
38 0.35 0.6828125 0.284375 0.05
20 0.6484375 0.684375 0.2859375 0.0484375
18 0.228125 0.84375 0.01875 0.021875
18 0.228125 0.140625 0.0203125 0.021875