28 0.4796875 0.0609375 0.0640625 0.05625
15 0.48125 0.1640625 0.6421875 0.0484375
3 0.48125 0.165625 0.153125 0.0171875
3 0.4796875 0.240625 0.0171875 0.0125
3 0.3640625 0.8015625 0.3171875 0.0234375
15 0.4796875 0.8890625 0.64375 0.05
3 0.4796875 0.890625 0.121875 0.0203125
3 0.4921875 0.9453125 0.1421875 0.0171875
18 0.1828125 0.8 0.025 0.0265625
27 0.4078125 0.94375 0.0140625 0.021875
38 0.259375 0.7203125 0.2046875 0.0609375
38 0.4796875 0.7203125 0.20625 0.0625
38 0.7015625 0.71875 0.2046875 0.0625
38 0.48125 0.640625 0.646875 0.0625
38 0.4046875 0.5609375 0.496875 0.0609375
38 0.7375 0.559375 0.134375 0.0609375
38 0.48125 0.4796875 0.6453125 0.0609375
38 0.48125 0.3984375 0.646875 0.0609375
38 0.48125 0.3203125 0.6453125 0.0609375
23 0.30625 0.2421875 0.29375 0.0046875
23 0.6546875 0.2421875 0.2921875 0.0046875