3 0.49375 0.7875 0.51875 0.034375
16 0.803125 0.5984375 0.2921875 0.2390625
3 0.803125 0.5359375 0.23125 0.0609375
3 0.8046875 0.5890625 0.1234375 0.0171875
16 0.4921875 0.5984375 0.2890625 0.2359375
3 0.4953125 0.5359375 0.234375 0.0609375
16 0.1828125 0.5984375 0.290625 0.234375
3 0.184375 0.5375 0.2359375 0.065625
16 0.803125 0.3421875 0.2921875 0.2375
3 0.8046875 0.2828125 0.228125 0.0640625
16 0.4921875 0.34375 0.290625 0.2375
3 0.4921875 0.28125 0.2203125 0.065625
16 0.1828125 0.3421875 0.290625 0.2375
3 0.1828125 0.2796875 0.2328125 0.0625
3 0.184375 0.5890625 0.153125 0.015625
3 0.184375 0.334375 0.0875 0.0140625
3 0.49375 0.334375 0.2015625 0.0140625
3 0.4921875 0.5890625 0.2296875 0.015625
3 0.8046875 0.3328125 0.2171875 0.015625
28 0.803125 0.4015625 0.0703125 0.0703125
28 0.803125 0.6578125 0.065625 0.0640625
28 0.49375 0.6578125 0.0625 0.0640625
28 0.184375 0.6578125 0.0609375 0.0640625
28 0.4921875 0.4015625 0.06875 0.06875
28 0.1828125 0.4 0.06875 0.0703125