5 0.0640625 0.5 0.1265625 0.715625
10 0.5640625 0.84375 0.8703125 0.0265625
38 0.33125 0.8484375 0.3578125 0.0171875
27 0.8234375 0.853125 0.0171875 0.0078125
12 0.8609375 0.853125 0.0171875 0.0078125
11 0.90625 0.85 0.034375 0.015625
3 0.94375 0.85 0.028125 0.0078125
16 0.2859375 0.765625 0.2703125 0.0953125
16 0.575 0.765625 0.275 0.0953125
16 0.8625 0.765625 0.2703125 0.0953125
16 0.571875 0.4234375 0.8453125 0.5625
3 0.2453125 0.678125 0.15625 0.01875
3 0.3484375 0.678125 0.040625 0.0171875
21 0.5734375 0.39375 0.8140625 0.503125
15 0.8484375 0.6734375 0.08125 0.028125
3 0.8375 0.671875 0.0375 0.0109375
15 0.940625 0.6734375 0.08125 0.028125
3 0.9328125 0.6734375 0.034375 0.0109375
27 0.86875 0.6734375 0.0109375 0.0046875
27 0.959375 0.6734375 0.0109375 0.0109375
3 0.853125 0.7890625 0.0921875 0.0125
3 0.825 0.765625 0.0375 0.015625
3 0.878125 0.740625 0.140625 0.009375
3 0.559375 0.7890625 0.084375 0.009375
3 0.5296875 0.7671875 0.021875 0.015625
3 0.5875 0.7421875 0.1390625 0.0109375
3 0.265625 0.7890625 0.06875 0.0125
3 0.25 0.7671875 0.0359375 0.0140625
3 0.3140625 0.7421875 0.1640625 0.0109375
27 0.19375 0.7671875 0.0171875 0.01875
27 0.48125 0.7671875 0.01875 0.0171875
27 0.7703125 0.7671875 0.01875 0.0109375