10 0.5 0.971875 0.415625 0.05625
3 0.4171875 0.9859375 0.1375 0.025
27 0.3265625 0.9875 0.0328125 0.025
27 0.675 0.9890625 0.0328125 0.021875
3 0.3609375 0.903125 0.11875 0.0296875
37 0.5 0.4296875 0.415625 0.859375
3 0.365625 0.8359375 0.0703125 0.015625
3 0.5171875 0.83125 0.1125 0.01875
3 0.6640625 0.83125 0.0890625 0.0203125
16 0.5015625 0.665625 0.40625 0.26875
3 0.4453125 0.5796875 0.0703125 0.0171875
15 0.559375 0.58125 0.10625 0.053125
3 0.559375 0.5796875 0.0375 0.0171875
16 0.5046875 0.271875 0.40625 0.496875
38 0.503125 0.44375 0.3578125 0.0546875
3 0.365625 0.4859375 0.046875 0.015625
38 0.503125 0.34375 0.3578125 0.05625
3 0.378125 0.3859375 0.071875 0.0171875
38 0.503125 0.24375 0.359375 0.0546875
3 0.3640625 0.2859375 0.04375 0.015625
7 0.5015625 0.14375 0.3578125 0.053125
3 0.4 0.1859375 0.1140625 0.0171875
15 0.4125 0.0734375 0.1734375 0.0546875
3 0.4109375 0.071875 0.0609375 0.0203125
15 0.5953125 0.0734375 0.171875 0.053125
3 0.59375 0.071875 0.0421875 0.01875
11 0.503125 0.7 0.1484375 0.15