28 0.021875 0.209375 0.0265625 0.025
3 0.3765625 0.209375 0.0546875 0.0109375
3 0.4671875 0.209375 0.05 0.0109375
3 0.55 0.209375 0.034375 0.0109375
3 0.6296875 0.209375 0.0453125 0.009375
15 0.4984375 0.4078125 0.33125 0.0265625
3 0.4515625 0.4078125 0.215625 0.0125
3 0.571875 0.40625 0.0203125 0.009375
3 0.6203125 0.4078125 0.0703125 0.009375
3 0.953125 0.2109375 0.0328125 0.0125
27 0.984375 0.209375 0.00625 0.009375
3 0.5 0.465625 0.3984375 0.0453125
3 0.5 0.5109375 0.3296875 0.0390625
3 0.5 0.5828125 0.434375 0.0109375
3 0.4984375 0.5640625 0.49375 0.0125
15 0.5515625 0.6375 0.1125 0.03125
3 0.54375 0.6375 0.0671875 0.0109375
15 0.4375 0.6375 0.09375 0.0296875
3 0.4390625 0.6390625 0.065625 0.0109375
27 0.590625 0.6375 0.0078125 0.009375