22 0.5296875 0.4859375 0.4828125 0.384375
27 0.315625 0.321875 0.0140625 0.0140625
3 0.3359375 0.4859375 0.0125 0.16875
3 0.315625 0.4875 0.015625 0.1984375
20 0.41875 0.603125 0.046875 0.1109375
3 0.384375 0.6453125 0.0125 0.028125
20 0.41875 0.4875 0.046875 0.1109375
3 0.384375 0.5171875 0.0125 0.05
38 0.41875 0.3703125 0.046875 0.1109375
3 0.3828125 0.4046875 0.0109375 0.04375
38 0.496875 0.4875 0.046875 0.34375
3 0.4609375 0.6421875 0.0109375 0.034375
3 0.5390625 0.6375 0.0109375 0.04375
20 0.575 0.4 0.046875 0.1671875
3 0.5390625 0.459375 0.0125 0.0546875
29 0.6515625 0.5734375 0.046875 0.1671875
3 0.6171875 0.6453125 0.0109375 0.0296875
20 0.6515625 0.4 0.046875 0.16875
3 0.6171875 0.4671875 0.0109375 0.0375
15 0.728125 0.5734375 0.046875 0.16875
3 0.728125 0.5734375 0.0109375 0.0421875
15 0.728125 0.4 0.046875 0.1671875
3 0.728125 0.4 0.0109375 0.0296875
20 0.575 0.5734375 0.046875 0.16875