3 0.175 0.184375 0.23125 0.0328125
3 0.125 0.2671875 0.1328125 0.025
3 0.0953125 0.3734375 0.0703125 0.025
3 0.1015625 0.478125 0.0859375 0.025
3 0.11875 0.5859375 0.11875 0.025
3 0.4296875 0.703125 0.175 0.025
15 0.3609375 0.8078125 0.1625 0.0703125
3 0.3625 0.8078125 0.0921875 0.0234375
15 0.540625 0.8078125 0.1484375 0.0703125
3 0.540625 0.8078125 0.071875 0.021875
18 0.3125 0.703125 0.0328125 0.034375
38 0.6109375 0.5984375 0.6625 0.0703125
38 0.6109375 0.4921875 0.6609375 0.071875
38 0.609375 0.3859375 0.6609375 0.0703125
38 0.609375 0.2796875 0.6625 0.0703125