16 0.4171875 0.1765625 0.2125 0.3171875
16 0.4171875 0.5109375 0.215625 0.3203125
16 0.4171875 0.8421875 0.2140625 0.3140625
31 0.334375 0.1765625 0.009375 0.2875
3 0.4421875 0.0765625 0.0125 0.046875
3 0.3984375 0.084375 0.0125 0.0640625
3 0.4421875 0.4109375 0.0125 0.0453125
3 0.3546875 0.0859375 0.0140625 0.0671875
3 0.4421875 0.7453125 0.0125 0.0453125
3 0.4953125 0.1140625 0.0140625 0.071875
3 0.496875 0.7828125 0.0125 0.0734375
3 0.496875 0.4484375 0.0125 0.0734375
3 0.4796875 0.7734375 0.0109375 0.05
3 0.4796875 0.440625 0.0125 0.0578125
3 0.4796875 0.1171875 0.0109375 0.0765625
3 0.3984375 0.753125 0.0140625 0.0609375
28 0.4890625 0.7171875 0.0328125 0.0328125
3 0.4421875 0.6421875 0.0109375 0.0265625
3 0.4421875 0.3078125 0.0109375 0.0265625
3 0.4421875 0.9765625 0.0109375 0.0265625
3 0.3984375 0.3078125 0.0125 0.025
28 0.4890625 0.05 0.034375 0.034375
28 0.4890625 0.384375 0.0328125 0.0328125
27 0.440625 0.0390625 0.0125 0.0125
27 0.396875 0.0390625 0.0125 0.0125
27 0.440625 0.3734375 0.0125 0.0109375
27 0.440625 0.7078125 0.0125 0.0109375
27 0.3546875 0.0390625 0.0125 0.0125
27 0.396875 0.3734375 0.0140625 0.0125
27 0.3546875 0.3734375 0.0125 0.0125
31 0.421875 0.1765625 0.0078125 0.2875
31 0.378125 0.1765625 0.0078125 0.2875
31 0.421875 0.509375 0.0078125 0.2875
31 0.378125 0.5109375 0.009375 0.2875
31 0.334375 0.5109375 0.0078125 0.2890625
31 0.421875 0.8453125 0.0078125 0.2890625
31 0.378125 0.8453125 0.0078125 0.2890625
31 0.334375 0.8453125 0.0078125 0.2890625
3 0.3984375 0.9765625 0.0125 0.0265625
3 0.3546875 0.9765625 0.0109375 0.0265625
3 0.3546875 0.7546875 0.0125 0.0625
27 0.396875 0.7078125 0.0125 0.0125
27 0.3546875 0.7078125 0.0109375 0.0109375
3 0.3984375 0.6421875 0.0109375 0.0234375
3 0.3546875 0.6421875 0.0125 0.0265625
3 0.3984375 0.41875 0.0109375 0.059375
3 0.3546875 0.4203125 0.0109375 0.0609375
3 0.3546875 0.3078125 0.0109375 0.0265625