16 0.5015625 0.5 0.996875 0.396875
3 0.675 0.3859375 0.2640625 0.0265625
3 0.584375 0.3515625 0.08125 0.0140625
3 0.771875 0.4359375 0.45625 0.034375
3 0.7953125 0.5171875 0.4078125 0.028125
3 0.65 0.4921875 0.1203125 0.0125
3 0.7953125 0.5921875 0.409375 0.0296875
3 0.6359375 0.56875 0.09375 0.0140625
3 0.6328125 0.64375 0.084375 0.0140625
3 0.7953125 0.6671875 0.409375 0.0265625
27 0.5625 0.50625 0.0375 0.034375
27 0.5625 0.58125 0.0359375 0.0375
27 0.5625 0.6578125 0.034375 0.0359375
28 0.21875 0.51875 0.43125 0.2953125