10 0.5 0.190625 1 0.053125
28 0.0109375 0.18125 0.0203125 0.025
3 0.05 0.184375 0.05 0.015625
15 0.621875 0.184375 0.059375 0.03125
3 0.621875 0.184375 0.03125 0.009375
3 0.7 0.184375 0.0578125 0.009375
3 0.8 0.1859375 0.0796875 0.0109375
15 0.9109375 0.184375 0.103125 0.0296875
3 0.9125 0.1859375 0.075 0.0109375
3 0.48125 0.30625 0.28125 0.028125
3 0.48125 0.340625 0.4515625 0.0140625
3 0.48125 0.3609375 0.2703125 0.015625
16 0.48125 0.5046875 0.3125 0.196875
3 0.428125 0.4984375 0.1703125 0.0171875
16 0.1546875 0.5046875 0.309375 0.196875
3 0.103125 0.4984375 0.1796875 0.015625
16 0.1546875 0.7171875 0.309375 0.1953125
3 0.090625 0.7109375 0.153125 0.0171875
16 0.48125 0.7171875 0.3125 0.196875
3 0.465625 0.709375 0.246875 0.0171875
16 0.809375 0.7171875 0.3125 0.196875
3 0.75 0.7109375 0.1546875 0.0171875
16 0.809375 0.50625 0.3125 0.196875
3 0.79375 0.4984375 0.246875 0.01875
28 0.696875 0.45 0.0421875 0.0453125
28 0.36875 0.45 0.0390625 0.046875
28 0.3671875 0.6609375 0.040625 0.0390625
28 0.696875 0.6625 0.0453125 0.040625
28 0.040625 0.6625 0.0328125 0.040625
28 0.0390625 0.45 0.0390625 0.0421875
3 0.1484375 0.5484375 0.271875 0.0484375
3 0.478125 0.55 0.271875 0.0484375
3 0.7984375 0.55 0.2609375 0.0484375
3 0.790625 0.759375 0.240625 0.046875
3 0.4765625 0.7609375 0.271875 0.05
3 0.1515625 0.7609375 0.275 0.05