16 0.4859375 0.490625 0.6796875 0.846875
3 0.6765625 0.465625 0.190625 0.0234375
38 0.4875 0.2671875 0.5734375 0.08125
3 0.4859375 0.63125 0.1734375 0.021875
38 0.4875 0.378125 0.5734375 0.0828125
23 0.684375 0.634375 0.178125 0.00625
23 0.2875 0.6328125 0.1765625 0.00625
3 0.48125 0.1515625 0.3828125 0.0375
15 0.484375 0.7265625 0.575 0.0796875
3 0.5046875 0.728125 0.1015625 0.0265625
15 0.4859375 0.821875 0.5734375 0.075
3 0.50625 0.821875 0.134375 0.025
15 0.4859375 0.540625 0.571875 0.075
3 0.4859375 0.54375 0.0890625 0.0296875
27 0.425 0.7265625 0.0296875 0.0296875
27 0.409375 0.821875 0.0296875 0.03125