16 0.278125 0.5328125 0.4234375 0.3515625
16 0.278125 0.359375 0.3484375 0.0875
34 0.278125 0.5421875 0.3484375 0.2609375
3 0.3125 0.346875 0.2359375 0.0296875
3 0.290625 0.38125 0.1921875 0.0109375
28 0.1484375 0.359375 0.071875 0.071875
3 0.734375 0.6546875 0.3546875 0.0625
3 0.734375 0.565625 0.3578125 0.078125
3 0.5875 0.4890625 0.05625 0.0234375
3 0.7859375 0.4890625 0.05625 0.0265625
3 0.628125 0.4296875 0.1453125 0.0546875
3 0.828125 0.43125 0.14375 0.0546875
3 0.6296875 0.35625 0.1484375 0.0390625
3 0.63125 0.3546875 0.1015625 0.0125