16 0.5015625 0.25625 0.7296875 0.484375
16 0.5 0.7515625 0.7296875 0.4640625
21 0.5 0.78125 0.696875 0.3640625
3 0.3046875 0.5578125 0.30625 0.025
27 0.828125 0.5578125 0.0265625 0.025
20 0.7375 0.0515625 0.1140625 0.0390625
27 0.828125 0.0515625 0.021875 0.021875
3 0.3203125 0.046875 0.334375 0.0234375
16 0.325 0.2875 0.3375 0.3859375
16 0.678125 0.2875 0.3390625 0.3890625
28 0.325 0.178125 0.334375 0.1609375
28 0.678125 0.178125 0.3359375 0.1609375
3 0.2453125 0.296875 0.14375 0.021875
3 0.2171875 0.34375 0.0953125 0.015625
3 0.365625 0.34375 0.1703125 0.015625
3 0.3046875 0.3796875 0.0484375 0.0171875
3 0.2046875 0.3796875 0.0671875 0.0140625
15 0.24375 0.434375 0.146875 0.046875
3 0.2421875 0.434375 0.034375 0.0171875
15 0.403125 0.434375 0.146875 0.046875
3 0.403125 0.4359375 0.103125 0.01875
15 0.596875 0.434375 0.146875 0.046875
3 0.596875 0.4359375 0.034375 0.015625
15 0.7578125 0.434375 0.14375 0.0453125
3 0.7578125 0.4359375 0.1078125 0.01875
3 0.646875 0.2984375 0.2453125 0.021875
3 0.571875 0.34375 0.096875 0.015625
3 0.559375 0.3796875 0.0671875 0.0140625
3 0.675 0.3796875 0.0828125 0.015625
3 0.7203125 0.3421875 0.1734375 0.01875