16 0.5 0.5 1 0.8109375
37 0.4953125 0.5484375 0.971875 0.703125
3 0.196875 0.171875 0.3515625 0.015625
3 0.1375 0.1421875 0.234375 0.0203125
15 0.7671875 0.1546875 0.1453125 0.0390625
3 0.7796875 0.1546875 0.1 0.0125
15 0.9109375 0.1546875 0.121875 0.0390625
3 0.9234375 0.1546875 0.0765625 0.0125
27 0.7140625 0.1546875 0.0171875 0.0171875
27 0.8703125 0.1546875 0.009375 0.0109375
27 0.040625 0.2140625 0.015625 0.015625
27 0.1171875 0.2140625 0.015625 0.015625
27 0.2078125 0.2140625 0.0171875 0.0171875
27 0.328125 0.215625 0.015625 0.0171875
3 0.075 0.2140625 0.0359375 0.0125
3 0.159375 0.215625 0.053125 0.0125
3 0.2640625 0.215625 0.0796875 0.015625
3 0.371875 0.215625 0.05625 0.0140625
3 0.0390625 0.2609375 0.0359375 0.0125
3 0.071875 0.2609375 0.0078125 0.009375
3 0.296875 0.2625 0.06875 0.0125
3 0.3484375 0.259375 0.00625 0.009375
3 0.5359375 0.2609375 0.0625 0.0125
3 0.5828125 0.2609375 0.00625 0.009375
3 0.7859375 0.2609375 0.078125 0.0125
3 0.840625 0.2609375 0.00625 0.009375
27 0.965625 0.2609375 0.0046875 0.0140625
27 0.7234375 0.2609375 0.0046875 0.0125
27 0.48125 0.2609375 0.0046875 0.0125
27 0.2390625 0.2609375 0.0046875 0.0140625
16 0.134375 0.3828125 0.2234375 0.190625
27 0.2234375 0.309375 0.015625 0.00625
27 0.04375 0.384375 0.0140625 0.0140625
27 0.04375 0.45625 0.015625 0.015625
27 0.175 0.4546875 0.0140625 0.015625
27 0.2125 0.4546875 0.0171875 0.0171875
3 0.090625 0.3109375 0.1109375 0.015625
3 0.1328125 0.346875 0.19375 0.0296875
3 0.0796875 0.3859375 0.0484375 0.0125
3 0.2234375 0.3859375 0.0203125 0.0125
3 0.0703125 0.4265625 0.0703125 0.0125
3 0.0921875 0.45625 0.071875 0.0125
11 0.2078125 0.425 0.05 0.01875
3 0.190625 0.45625 0.009375 0.009375
3 0.228125 0.45625 0.00625 0.0109375
31 0.134375 0.4015625 0.1984375 0.00625
16 0.3765625 0.3828125 0.225 0.190625
3 0.34375 0.3109375 0.1296875 0.0140625
3 0.3734375 0.346875 0.1921875 0.03125
3 0.321875 0.384375 0.05 0.0125
3 0.465625 0.384375 0.021875 0.0125
3 0.3125 0.4265625 0.0703125 0.0125
3 0.334375 0.45625 0.071875 0.0109375
3 0.4328125 0.4546875 0.0046875 0.009375
3 0.4703125 0.45625 0.00625 0.0109375
31 0.375 0.4015625 0.1984375 0.00625
11 0.45 0.4265625 0.04375 0.01875
27 0.2859375 0.45625 0.0171875 0.015625
27 0.4171875 0.4546875 0.0140625 0.0140625
27 0.4546875 0.4546875 0.015625 0.015625
27 0.2859375 0.384375 0.015625 0.0140625
27 0.465625 0.309375 0.01875 0.00625
16 0.6171875 0.3828125 0.225 0.1921875
16 0.8609375 0.3828125 0.2265625 0.190625
3 0.5796875 0.3109375 0.1234375 0.0171875
3 0.615625 0.346875 0.1953125 0.03125
3 0.5640625 0.3859375 0.05 0.0125
3 0.70625 0.384375 0.0171875 0.0109375
3 0.5546875 0.4265625 0.06875 0.0125
3 0.5734375 0.45625 0.0671875 0.0125
3 0.675 0.45625 0.0078125 0.0109375
3 0.7125 0.45625 0.0078125 0.009375
27 0.528125 0.384375 0.0171875 0.0171875
27 0.528125 0.45625 0.0171875 0.0171875
27 0.659375 0.4546875 0.015625 0.015625
27 0.6953125 0.45625 0.0171875 0.0171875
27 0.70625 0.309375 0.015625 0.0046875
31 0.6171875 0.4015625 0.196875 0.00625
31 0.859375 0.4015625 0.1984375 0.00625
11 0.6921875 0.4265625 0.0453125 0.01875
11 0.934375 0.4265625 0.0453125 0.01875
3 0.796875 0.4265625 0.0703125 0.0125
3 0.815625 0.45625 0.06875 0.0140625
3 0.834375 0.3109375 0.146875 0.0140625
3 0.859375 0.346875 0.1984375 0.0296875
3 0.946875 0.3859375 0.0234375 0.0125
27 0.9015625 0.4546875 0.0140625 0.0171875
3 0.9171875 0.45625 0.009375 0.0109375
3 0.9546875 0.45625 0.0078125 0.0125
3 0.80625 0.384375 0.05 0.0125
27 0.76875 0.45625 0.0171875 0.015625
27 0.9375 0.4546875 0.0171875 0.0171875
27 0.76875 0.384375 0.01875 0.0171875
27 0.95 0.3109375 0.01875 0.00625
16 0.8609375 0.590625 0.2265625 0.1921875
16 0.859375 0.7984375 0.225 0.1921875
16 0.6171875 0.590625 0.2265625 0.1921875
16 0.61875 0.7984375 0.225 0.1921875
3 0.5953125 0.5171875 0.1515625 0.0125
3 0.834375 0.5171875 0.1453125 0.0140625
3 0.58125 0.725 0.125 0.0140625
3 0.825 0.725 0.1265625 0.0140625
27 0.9484375 0.725 0.015625 0.0046875
27 0.7078125 0.725 0.015625 0.00625
27 0.7078125 0.5171875 0.015625 0.00625
27 0.9484375 0.5171875 0.015625 0.00625
3 0.615625 0.5546875 0.2 0.03125
3 0.859375 0.5546875 0.2 0.03125
31 0.859375 0.609375 0.1984375 0.00625
3 0.8046875 0.59375 0.05 0.0125
3 0.9484375 0.5921875 0.0203125 0.0140625
31 0.6171875 0.609375 0.1984375 0.0046875
3 0.70625 0.5921875 0.01875 0.0125
3 0.5640625 0.59375 0.0515625 0.0109375
3 0.6171875 0.7625 0.203125 0.03125
3 0.8578125 0.7609375 0.196875 0.0328125
3 0.9484375 0.8 0.021875 0.015625
31 0.859375 0.8171875 0.2 0.00625
3 0.80625 0.8015625 0.05 0.0125
27 0.528125 0.5921875 0.0171875 0.0171875
27 0.7703125 0.5921875 0.0171875 0.01875
27 0.528125 0.7984375 0.01875 0.01875
27 0.76875 0.8 0.01875 0.0171875
31 0.6171875 0.8171875 0.1984375 0.00625
3 0.5640625 0.8015625 0.05 0.0140625
3 0.70625 0.8 0.01875 0.0125
11 0.6921875 0.6328125 0.046875 0.01875
11 0.934375 0.6328125 0.0484375 0.0203125
11 0.9328125 0.840625 0.0484375 0.01875
11 0.6921875 0.840625 0.0484375 0.01875
3 0.553125 0.8421875 0.0703125 0.0109375
3 0.5734375 0.871875 0.0671875 0.0109375
3 0.675 0.8703125 0.0078125 0.0109375
3 0.7125 0.8703125 0.009375 0.0109375
3 0.7953125 0.8421875 0.06875 0.0125
3 0.8140625 0.8703125 0.065625 0.0125
3 0.9171875 0.871875 0.009375 0.0125
3 0.953125 0.8703125 0.009375 0.0109375
3 0.5546875 0.634375 0.071875 0.0125
3 0.5734375 0.6640625 0.06875 0.0125
3 0.675 0.6625 0.009375 0.0125
3 0.7125 0.6625 0.0078125 0.0125
3 0.9171875 0.6625 0.009375 0.0109375
3 0.9546875 0.6625 0.009375 0.0125
3 0.815625 0.6640625 0.06875 0.0125
3 0.7953125 0.634375 0.0703125 0.0125
27 0.528125 0.6640625 0.015625 0.0171875
27 0.659375 0.6625 0.015625 0.015625
27 0.6953125 0.6625 0.015625 0.015625
27 0.7703125 0.6625 0.0171875 0.015625
27 0.9015625 0.6625 0.0140625 0.015625
27 0.9375 0.6625 0.0171875 0.015625
27 0.9015625 0.8703125 0.0140625 0.015625
27 0.9375 0.8703125 0.0171875 0.0171875
27 0.659375 0.8703125 0.0140625 0.015625
27 0.696875 0.8703125 0.015625 0.0171875
16 0.375 0.7984375 0.2265625 0.19375
27 0.2859375 0.8703125 0.015625 0.015625
27 0.4171875 0.8703125 0.0140625 0.015625
3 0.4328125 0.8703125 0.009375 0.0125
27 0.453125 0.8703125 0.0171875 0.015625
31 0.375 0.8171875 0.1984375 0.00625
27 0.2859375 0.8 0.015625 0.015625
27 0.4640625 0.725 0.01875 0.00625
16 0.3765625 0.590625 0.225 0.1921875
27 0.465625 0.5171875 0.015625 0.00625
31 0.375 0.609375 0.2015625 0.0078125
27 0.2859375 0.5921875 0.0140625 0.0140625
27 0.2859375 0.6640625 0.0171875 0.015625
27 0.4171875 0.6625 0.015625 0.0140625
3 0.434375 0.6625 0.009375 0.0109375
27 0.4546875 0.6625 0.015625 0.0171875
16 0.134375 0.590625 0.2265625 0.1921875
31 0.1328125 0.609375 0.1984375 0.0078125
27 0.04375 0.5921875 0.015625 0.015625
27 0.2234375 0.51875 0.01875 0.0046875
27 0.04375 0.6640625 0.0171875 0.015625
27 0.175 0.6625 0.0125 0.015625
3 0.190625 0.6625 0.0078125 0.0109375
27 0.2109375 0.6625 0.015625 0.0171875
15 0.134375 0.721875 0.2265625 0.0421875
27 0.0890625 0.721875 0.0125 0.0125
3 0.1453125 0.721875 0.08125 0.0109375
3 0.0921875 0.6640625 0.071875 0.0125
3 0.228125 0.6640625 0.0078125 0.0125
3 0.0703125 0.634375 0.0703125 0.0109375
3 0.0796875 0.5921875 0.0515625 0.0125
3 0.1328125 0.5546875 0.2015625 0.0296875
3 0.0859375 0.5171875 0.103125 0.015625
3 0.33125 0.51875 0.1140625 0.015625
3 0.3734375 0.5546875 0.196875 0.0296875
3 0.321875 0.5921875 0.0515625 0.0125
3 0.221875 0.5921875 0.0203125 0.0125
3 0.4640625 0.5921875 0.01875 0.0109375
3 0.4703125 0.6640625 0.0078125 0.0109375
3 0.33125 0.6640625 0.0671875 0.0109375
3 0.3125 0.634375 0.0703125 0.0109375
3 0.3328125 0.725 0.1109375 0.015625
3 0.3765625 0.7625 0.2 0.03125
3 0.321875 0.8 0.05 0.0140625
3 0.4640625 0.8 0.0203125 0.0140625
3 0.3109375 0.8421875 0.0703125 0.0109375
3 0.33125 0.871875 0.065625 0.0140625
3 0.4703125 0.8703125 0.009375 0.0109375
11 0.45 0.840625 0.046875 0.0203125
11 0.45 0.634375 0.046875 0.01875
11 0.2078125 0.6328125 0.05 0.021875
27 0.528125 0.8703125 0.015625 0.015625
27 0.7703125 0.8703125 0.0171875 0.015625