21 0.48125 0.49375 0.5890625 0.9875
30 0.165625 0.471875 0.025 0.2703125
15 0.1640625 0.9140625 0.0234375 0.109375
3 0.159375 0.9015625 0.0109375 0.0578125
27 0.159375 0.9453125 0.0125 0.0140625
15 0.1640625 0.0375 0.0234375 0.075
3 0.159375 0.034375 0.0109375 0.03125
27 0.159375 0.0046875 0.0125 0.0078125
15 0.8234375 0.1125 0.0453125 0.1140625
15 0.825 0.021875 0.04375 0.0421875
38 0.8234375 0.8609375 0.04375 0.259375
3 0.8234375 0.0984375 0.015625 0.0515625
27 0.825 0.0171875 0.0140625 0.01875
27 0.825 0.1453125 0.0203125 0.0171875