28 0.603125 0.5875 0.046875 0.1328125
28 0.74375 0.5859375 0.0359375 0.1265625
28 0.6 0.834375 0.0359375 0.1234375
28 0.671875 0.834375 0.0359375 0.1234375
28 0.675 0.5875 0.0546875 0.134375
28 0.746875 0.8328125 0.0390625 0.1296875
3 0.378125 0.0765625 0.0125 0.1125
3 0.5 0.1640625 0.0390625 0.2875
3 0.465625 0.0890625 0.0140625 0.14375
3 0.4125 0.4921875 0.0390625 0.2890625
3 0.378125 0.3921875 0.0125 0.09375
3 0.465625 0.3953125 0.0125 0.1
3 0.465625 0.728125 0.0140625 0.10625
3 0.4140625 0.8171875 0.0421875 0.2890625
3 0.378125 0.7140625 0.0125 0.078125
3 0.603125 0.1859375 0.0203125 0.3296875
3 0.4109375 0.16875 0.040625 0.296875
3 0.5 0.496875 0.04375 0.303125
3 0.5 0.8265625 0.0390625 0.30625
3 0.265625 0.0875 0.0234375 0.134375
3 0.325 0.221875 0.053125 0.403125
3 0.6515625 0.2484375 0.0375 0.45625
15 0.69375 0.0625 0.025 0.08125
3 0.69375 0.0625 0.0140625 0.0609375
3 0.69375 0.140625 0.009375 0.0578125
27 0.69375 0.1796875 0.009375 0.0109375