16 0.5078125 0.540625 0.525 0.91875
3 0.340625 0.021875 0.19375 0.0203125
14 0.31875 0.05625 0.153125 0.015625
38 0.5046875 0.1703125 0.4703125 0.04375
3 0.3203125 0.1328125 0.103125 0.015625
39 0.5046875 0.353125 0.4703125 0.196875
3 0.3109375 0.2421875 0.0828125 0.0171875
20 0.503125 0.5359375 0.4734375 0.0453125
3 0.3 0.5015625 0.0671875 0.0140625
20 0.503125 0.6453125 0.4734375 0.0453125
3 0.2875 0.6078125 0.04375 0.0125
3 0.284375 0.715625 0.028125 0.0125
3 0.3171875 0.825 0.09375 0.015625
3 0.30625 0.9328125 0.0734375 0.0125
20 0.6265625 0.96875 0.225 0.04375
3 0.546875 0.9328125 0.065625 0.0125
3 0.5484375 0.8265625 0.06875 0.0140625
3 0.565625 0.7171875 0.103125 0.0140625
20 0.3828125 0.96875 0.225 0.04375
38 0.3828125 0.8609375 0.225 0.0453125
38 0.6265625 0.8609375 0.225 0.0453125
38 0.6265625 0.753125 0.225 0.04375
38 0.3828125 0.753125 0.225 0.0453125