16 0.51875 0.21875 0.4671875 0.4375
3 0.371875 0.0421875 0.03125 0.0515625
3 0.328125 0.0359375 0.0171875 0.05
16 0.5171875 0.684375 0.4671875 0.453125
3 0.328125 0.50625 0.0140625 0.040625
3 0.425 0.1890625 0.0359375 0.35
3 0.378125 0.1 0.0125 0.0484375
3 0.378125 0.5734375 0.0140625 0.0484375
3 0.371875 0.515625 0.0265625 0.053125
3 0.5640625 0.1125 0.015625 0.1453125
3 0.5265625 0.075 0.0140625 0.06875
3 0.425 0.6796875 0.0390625 0.4
3 0.6390625 0.1359375 0.015625 0.1875
3 0.6015625 0.0859375 0.015625 0.0921875
3 0.6015625 0.575 0.0140625 0.1234375
3 0.675 0.584375 0.0140625 0.1453125
3 0.5640625 0.5796875 0.0140625 0.13125
3 0.7125 0.5875 0.0140625 0.15
3 0.6375 0.634375 0.015625 0.24375
3 0.5265625 0.5703125 0.0171875 0.11875
15 0.475 0.684375 0.0359375 0.3921875
3 0.475 0.684375 0.0140625 0.1171875
15 0.475 0.2109375 0.0375 0.39375
3 0.4734375 0.2109375 0.015625 0.128125
27 0.5265625 0.025 0.015625 0.015625
27 0.528125 0.4984375 0.0109375 0.015625
27 0.5640625 0.025 0.0109375 0.015625
27 0.5640625 0.4984375 0.0109375 0.015625
27 0.6015625 0.025 0.0109375 0.015625
27 0.6015625 0.4984375 0.0109375 0.015625
27 0.6390625 0.4984375 0.0125 0.015625
27 0.675 0.4984375 0.0109375 0.015625
27 0.6390625 0.025 0.0109375 0.015625
27 0.7125 0.4984375 0.0109375 0.015625
16 0.8234375 0.45625 0.115625 0.9125
3 0.8125 0.0515625 0.015625 0.0796875
3 0.8578125 0.29375 0.0359375 0.5625
15 0.8171875 0.771875 0.034375 0.2140625
3 0.81875 0.7625 0.015625 0.1609375
27 0.81875 0.8578125 0.0125 0.0125
3 0.159375 0.446875 0.0359375 0.575
3 0.128125 0.4453125 0.0203125 0.05
3 0.2046875 0.446875 0.01875 0.6109375
3 0.2296875 0.446875 0.01875 0.2203125