11 0.0140625 0.7859375 0.028125 0.04375
16 0.0875 0.3421875 0.175 0.2984375
11 0.1375 0.434375 0.040625 0.040625
11 0.0859375 0.434375 0.0375 0.0375
11 0.034375 0.434375 0.0359375 0.0359375
3 0.1390625 0.4015625 0.021875 0.0078125
3 0.0875 0.4015625 0.0296875 0.009375
3 0.0359375 0.4015625 0.025 0.0078125
3 0.128125 0.46875 0.059375 0.0078125
20 0.08125 0.340625 0.153125 0.034375
3 0.13125 0.3734375 0.053125 0.0078125
38 0.0796875 0.2671875 0.15625 0.0390625
3 0.1484375 0.303125 0.0203125 0.0078125
15 0.0796875 0.2171875 0.1515625 0.034375
3 0.06875 0.215625 0.0671875 0.0078125
3 0.115625 0.5140625 0.1171875 0.009375
3 0.1265625 0.5359375 0.09375 0.0125
21 0.5 0.34375 0.6078125 0.3
15 0.3390625 0.528125 0.0859375 0.0328125
3 0.3515625 0.5265625 0.0359375 0.009375
16 0.1921875 0.6515625 0.384375 0.1671875
3 0.275 0.6671875 0.1625 0.0265625
3 0.33125 0.696875 0.0484375 0.0109375
3 0.2859375 0.6390625 0.1421875 0.009375
15 0.30625 0.6078125 0.1 0.0234375
3 0.2984375 0.6078125 0.05625 0.009375
3 0.7421875 0.5140625 0.115625 0.009375
3 0.7625 0.5359375 0.0765625 0.0125
16 0.7078125 0.6046875 0.1875 0.0734375
3 0.7609375 0.5890625 0.046875 0.0078125
16 0.7078125 0.6984375 0.1859375 0.0734375
3 0.7671875 0.7046875 0.0328125 0.015625
3 0.759375 0.6828125 0.0484375 0.0078125
3 0.7734375 0.609375 0.0203125 0.015625
16 0.5 0.6046875 0.1875 0.0734375
3 0.5609375 0.609375 0.03125 0.015625
3 0.5453125 0.5890625 0.0640625 0.0078125
16 0.4984375 0.6984375 0.1875 0.0734375
3 0.5640625 0.7046875 0.021875 0.015625
3 0.5453125 0.6828125 0.0640625 0.0078125
3 0.759375 0.784375 0.0859375 0.0203125
3 0.0953125 0.340625 0.09375 0.009375
38 0.315625 0.7859375 0.3328125 0.0421875
12 0.10625 0.7921875 0.0296875 0.03125
12 0.059375 0.7921875 0.0265625 0.028125
27 0.0328125 0.6890625 0.00625 0.0140625
27 0.31875 0.528125 0.0125 0.0078125
27 0.2125 0.5265625 0.0140625 0.0140625
15 0.2546875 0.528125 0.034375 0.0359375
27 0.2546875 0.5265625 0.0140625 0.0125
27 0.115625 0.2171875 0.015625 0.0140625
27 0.340625 0.6078125 0.0125 0.0109375
27 0.65 0.6046875 0.0171875 0.0171875
27 0.4421875 0.6046875 0.015625 0.015625
27 0.65 0.6984375 0.0140625 0.0140625
27 0.4421875 0.6984375 0.015625 0.015625
5 0.9203125 0.5 0.1578125 0.6140625