3 0.7203125 0.309375 0.378125 0.046875
3 0.5453125 0.453125 0.0234375 0.009375
3 0.1171875 0.25625 0.1984375 0.0234375
3 0.5765625 0.4375 0.0875 0.0125
3 0.7234375 0.4921875 0.38125 0.0453125
3 0.721875 0.6734375 0.375 0.0453125
3 0.5875 0.6359375 0.109375 0.0109375
3 0.5703125 0.61875 0.071875 0.0125
3 0.56875 0.2546875 0.0703125 0.0125
3 0.5734375 0.2703125 0.0765625 0.0125
28 0.440625 0.6890625 0.1515625 0.1640625
28 0.440625 0.50625 0.15 0.165625
28 0.4421875 0.3234375 0.1484375 0.165625
3 0.1640625 0.3171875 0.290625 0.0546875
27 0.546875 0.35625 0.025 0.0265625
27 0.5828125 0.35625 0.025 0.025
27 0.5484375 0.5375 0.025 0.0265625
27 0.584375 0.5390625 0.025 0.0265625
27 0.5484375 0.721875 0.025 0.0265625
27 0.584375 0.7203125 0.025 0.0265625