16 0.5203125 0.4984375 0.88125 0.6078125
3 0.8578125 0.2453125 0.1484375 0.03125
38 0.5203125 0.4234375 0.825 0.271875
3 0.8046875 0.7546875 0.1625 0.025
27 0.915625 0.7546875 0.0234375 0.03125
15 0.49375 0.6640625 0.175 0.059375
27 0.55625 0.6671875 0.028125 0.028125
15 0.3265625 0.665625 0.1359375 0.059375
27 0.365625 0.6671875 0.0328125 0.0296875
15 0.171875 0.665625 0.1484375 0.059375
27 0.21875 0.665625 0.03125 0.0296875
3 0.478125 0.6671875 0.1046875 0.025
3 0.3109375 0.665625 0.0625 0.021875
3 0.1578125 0.665625 0.0765625 0.025
15 0.153125 0.7546875 0.1125 0.065625
3 0.1546875 0.7546875 0.0640625 0.021875
23 0.521875 0.7078125 0.871875 0.0078125