5 0.046875 0.5 0.09375 0.4890625
10 0.546875 0.26875 0.9046875 0.028125
3 0.125 0.2671875 0.0390625 0.0046875
16 0.215625 0.325 0.221875 0.0609375
3 0.1390625 0.3453125 0.0359375 0.00625
3 0.3015625 0.31875 0.034375 0.009375
3 0.30625 0.30625 0.0265625 0.0046875
16 0.446875 0.325 0.221875 0.0609375
3 0.5328125 0.31875 0.0375 0.0140625
3 0.5390625 0.30625 0.025 0.00625
3 0.3640625 0.3453125 0.021875 0.0046875
16 0.6796875 0.3234375 0.221875 0.0609375
3 0.6046875 0.3453125 0.0390625 0.00625
3 0.7734375 0.30625 0.01875 0.00625
3 0.7765625 0.31875 0.0125 0.009375
16 0.9 0.325 0.1984375 0.0609375
3 0.834375 0.3453125 0.0375 0.00625
3 0.9921875 0.30625 0.0140625 0.00625
3 0.996875 0.31875 0.0046875 0.0109375
3 0.9046875 0.2671875 0.0140625 0.003125
3 0.9515625 0.2671875 0.0421875 0.0046875
27 0.8921875 0.2671875 0.00625 0.00625
27 0.9265625 0.2671875 0.00625 0.00625
27 0.9765625 0.2671875 0.0015625 0.0015625
27 0.9921875 0.2671875 0.00625 0.00625
27 0.8109375 0.3453125 0.00625 0.00625
27 0.5796875 0.3453125 0.0046875 0.00625
27 0.346875 0.3453125 0.00625 0.00625
27 0.115625 0.3453125 0.00625 0.00625
16 0.553125 0.4578125 0.89375 0.1953125
27 0.115625 0.54375 0.00625 0.00625
16 0.3328125 0.653125 0.4546875 0.184375
27 0.115625 0.7421875 0.00625 0.0046875
16 0.784375 0.653125 0.43125 0.184375
27 0.578125 0.7421875 0.0046875 0.0046875
23 0.215625 0.334375 0.2078125 0.0015625
23 0.446875 0.334375 0.209375 0.0015625
23 0.6796875 0.334375 0.2078125 0.0015625
23 0.903125 0.334375 0.1921875 0.0015625
28 0.846875 0.3125 0.01875 0.0171875
28 0.615625 0.3140625 0.0203125 0.01875
28 0.384375 0.3140625 0.0203125 0.0171875
28 0.1515625 0.3125 0.021875 0.0203125
1 0.2484375 0.65 0.275 0.1625
23 0.33125 0.7359375 0.4390625 0.0015625
3 0.1546875 0.7421875 0.0671875 0.0046875
23 0.7875 0.734375 0.425 0.0015625
3 0.6171875 0.7421875 0.0671875 0.0046875
2 0.7875 0.65 0.425 0.1609375
34 0.5546875 0.4515625 0.8890625 0.1625
3 0.1515625 0.54375 0.0625 0.00625
23 0.55625 0.534375 0.8875 0.0015625