5 0.5046875 0.9078125 0.7 0.184375
3 0.2 0.7359375 0.0234375 0.10625
3 0.1984375 0.0796875 0.0125 0.034375
27 0.1984375 0.05 0.0078125 0.0125
16 0.3390625 0.6015625 0.2046875 0.3734375
3 0.2640625 0.740625 0.0171875 0.059375
16 0.3390625 0.21875 0.203125 0.371875
3 0.265625 0.3328125 0.01875 0.1140625
16 0.553125 0.21875 0.203125 0.371875
3 0.4796875 0.3421875 0.0203125 0.0953125
16 0.553125 0.6015625 0.2046875 0.3734375
3 0.4796875 0.7484375 0.015625 0.0484375
3 0.509375 0.759375 0.0109375 0.025
3 0.509375 0.4953125 0.0109375 0.121875
1 0.56875 0.2171875 0.1125 0.328125
31 0.5328125 0.6015625 0.0140625 0.3390625
34 0.3546875 0.5984375 0.14375 0.346875
3 0.2984375 0.38125 0.009375 0.0125
3 0.325 0.3796875 0.009375 0.0140625
3 0.353125 0.3796875 0.009375 0.0140625
3 0.3796875 0.3796875 0.0078125 0.0125
3 0.40625 0.3796875 0.009375 0.01875
3 0.2984375 0.075 0.0109375 0.0515625
3 0.3265625 0.071875 0.009375 0.0453125
3 0.353125 0.0734375 0.009375 0.046875
3 0.3796875 0.071875 0.009375 0.046875
3 0.4078125 0.0734375 0.009375 0.0453125
19 0.2984375 0.3453125 0.015625 0.034375
3 0.2984375 0.3453125 0.00625 0.0203125
19 0.325 0.34375 0.015625 0.034375
3 0.3265625 0.34375 0.00625 0.021875
19 0.353125 0.334375 0.015625 0.05625
3 0.353125 0.334375 0.0078125 0.0421875
19 0.3796875 0.3390625 0.015625 0.04375
3 0.3796875 0.3390625 0.00625 0.0328125
19 0.40625 0.3375 0.0171875 0.046875
3 0.40625 0.3375 0.0078125 0.0375