15 0.50625 0.8703125 0.9578125 0.0734375
3 0.50625 0.86875 0.159375 0.025
15 0.196875 0.6734375 0.3421875 0.14375
3 0.196875 0.7 0.2625 0.0234375
15 0.5765625 0.6734375 0.3703125 0.14375
3 0.575 0.7015625 0.28125 0.0234375
3 0.2828125 0.121875 0.5046875 0.053125
14 0.1375 0.0421875 0.215625 0.0265625
3 0.0578125 0.215625 0.0640625 0.03125
3 0.4921875 0.3453125 0.9421875 0.1125
3 0.403125 0.21875 0.1234375 0.01875
3 0.053125 0.54375 0.0515625 0.021875
33 0.2203125 0.215625 0.1609375 0.0265625
3 0.184375 0.4609375 0.240625 0.0234375
27 0.0421875 0.45625 0.025 0.01875
3 0.1171875 0.6640625 0.096875 0.025
3 0.465625 0.6640625 0.065625 0.0234375
3 0.5265625 0.953125 0.253125 0.025
27 0.3671875 0.9515625 0.034375 0.0234375
23 0.1140625 0.2125 0.00625 0.0515625