16 0.4953125 0.275 0.4296875 0.41875
3 0.6296875 0.1203125 0.028125 0.0484375
3 0.671875 0.1140625 0.015625 0.0453125
16 0.496875 0.7109375 0.4296875 0.4171875
3 0.671875 0.5484375 0.0125 0.0375
3 0.58125 0.2546875 0.0328125 0.321875
3 0.625 0.1734375 0.0125 0.0453125
3 0.625 0.609375 0.0125 0.0453125
3 0.63125 0.55625 0.0234375 0.0484375
3 0.453125 0.184375 0.0140625 0.134375
3 0.4875 0.15 0.0125 0.0640625
3 0.58125 0.7078125 0.0359375 0.3671875
3 0.384375 0.20625 0.0140625 0.171875
3 0.41875 0.1609375 0.0140625 0.0859375
3 0.4203125 0.609375 0.0140625 0.1140625
3 0.3515625 0.61875 0.0140625 0.1328125
3 0.4546875 0.615625 0.0125 0.121875
3 0.3171875 0.621875 0.0140625 0.1390625
3 0.3859375 0.665625 0.0140625 0.225
3 0.4875 0.60625 0.015625 0.109375
15 0.5359375 0.7109375 0.0328125 0.3609375
3 0.534375 0.7109375 0.0125 0.1078125
15 0.5359375 0.2765625 0.034375 0.3609375
3 0.5359375 0.2765625 0.0140625 0.1171875
27 0.4875 0.1046875 0.0140625 0.0140625
27 0.4875 0.5390625 0.009375 0.0140625
27 0.453125 0.1046875 0.0109375 0.0140625
27 0.453125 0.540625 0.009375 0.0140625
27 0.41875 0.1046875 0.009375 0.0140625
27 0.41875 0.5390625 0.009375 0.0140625
27 0.384375 0.5390625 0.0109375 0.0140625
27 0.3515625 0.540625 0.009375 0.0140625
27 0.3859375 0.1046875 0.009375 0.0140625
27 0.3171875 0.540625 0.009375 0.0140625
16 0.1984375 0.49375 0.1359375 0.85625
3 0.225 0.1296875 0.015625 0.0734375
3 0.1828125 0.3515625 0.0328125 0.5171875
15 0.2203125 0.7921875 0.03125 0.196875
3 0.2203125 0.7828125 0.0140625 0.1484375
27 0.2203125 0.8703125 0.0109375 0.0125
3 0.8265625 0.49375 0.0328125 0.5296875
3 0.8546875 0.4921875 0.01875 0.0453125
3 0.784375 0.4921875 0.0171875 0.5625
3 0.7609375 0.4921875 0.0171875 0.203125