3 0.4984375 0.2578125 0.440625 0.0328125
3 0.4984375 0.225 0.1390625 0.0140625
24 0.4984375 0.3515625 0.934375 0.03125
3 0.046875 0.3203125 0.0375 0.009375
24 0.496875 0.6703125 0.93125 0.0328125
24 0.496875 0.6375 0.93125 0.0296875
3 0.0515625 0.6078125 0.0484375 0.0109375
24 0.4984375 0.384375 0.934375 0.03125
24 0.496875 0.4171875 0.9328125 0.03125
24 0.496875 0.45 0.9328125 0.03125
24 0.496875 0.484375 0.9328125 0.0296875
24 0.496875 0.51875 0.93125 0.0328125
24 0.4984375 0.5546875 0.9328125 0.034375
24 0.496875 0.7046875 0.9328125 0.0296875
24 0.4984375 0.7375 0.9328125 0.03125
24 0.4984375 0.775 0.934375 0.0359375