16 0.5015625 0.5640625 0.9734375 0.678125
21 0.5015625 0.5921875 0.94375 0.6
3 0.121875 0.25625 0.1765625 0.0203125
3 0.240625 0.25625 0.04375 0.021875
20 0.8171875 0.259375 0.09375 0.0328125
15 0.9234375 0.2609375 0.09375 0.03125
3 0.9140625 0.2609375 0.0390625 0.0125
16 0.8328125 0.1546875 0.309375 0.10625
3 0.85 0.18125 0.1625 0.0140625
3 0.8203125 0.128125 0.1046875 0.0140625
3 0.790625 0.1515625 0.04375 0.0171875
16 0.5015625 0.153125 0.3109375 0.103125
3 0.515625 0.18125 0.1625 0.0140625
3 0.4484375 0.153125 0.025 0.0171875
3 0.4859375 0.1265625 0.1015625 0.0125
16 0.1703125 0.153125 0.3109375 0.10625
3 0.146875 0.1265625 0.08125 0.0140625
3 0.2 0.18125 0.1890625 0.0140625
3 0.128125 0.153125 0.0421875 0.01875
27 0.39375 0.153125 0.0234375 0.0203125
27 0.7265625 0.153125 0.0234375 0.0140625
27 0.0640625 0.153125 0.01875 0.021875
27 0.94375 0.2609375 0.0125 0.0140625