3 0.5203125 0.6234375 0.4046875 0.01875
3 0.521875 0.65 0.6921875 0.0203125
3 0.5234375 0.7015625 0.3953125 0.03125
16 0.5140625 0.4203125 0.971875 0.2875
3 0.803125 0.3109375 0.1625 0.0140625
3 0.525 0.3125 0.2296875 0.0140625
3 0.6875 0.4609375 0.6125 0.065625
3 0.4953125 0.34375 0.16875 0.0140625
16 0.1921875 0.4203125 0.309375 0.26875
3 0.1734375 0.4671875 0.10625 0.0390625
3 0.4953125 0.525 0.2296875 0.0234375
27 0.3921875 0.3453125 0.0203125 0.0203125
27 0.7046875 0.3453125 0.0203125 0.0203125
27 0.3921875 0.3125 0.0203125 0.0203125
3 0.8234375 0.34375 0.203125 0.0125
3 0.1921875 0.3421875 0.15625 0.0125
3 0.190625 0.321875 0.159375 0.0140625
3 0.19375 0.5140625 0.209375 0.0171875
3 0.25 0.453125 0.0296875 0.0140625
3 0.1921875 0.3875 0.08125 0.0140625
3 0.4234375 0.3984375 0.0875 0.0171875
23 0.7390625 0.3984375 0.5171875 0.00625
27 0.7046875 0.3125 0.01875 0.0203125