16 0.5 0.2375 0.809375 0.2453125
15 0.8171875 0.1546875 0.13125 0.0375
3 0.815625 0.1546875 0.10625 0.0140625
15 0.6828125 0.1546875 0.11875 0.0390625
3 0.68125 0.1546875 0.090625 0.0140625
16 0.5 0.6875 0.8078125 0.575
15 0.6828125 0.4390625 0.11875 0.0375
3 0.68125 0.4390625 0.09375 0.0140625
3 0.4953125 0.0734375 0.80625 0.0265625
3 0.2015625 0.034375 0.2125 0.0328125
15 0.815625 0.4390625 0.13125 0.0359375
3 0.815625 0.4390625 0.103125 0.0140625
15 0.8296875 0.225 0.109375 0.0390625
3 0.8265625 0.225 0.078125 0.015625
15 0.8296875 0.5109375 0.109375 0.040625
3 0.828125 0.5125 0.078125 0.0140625
15 0.8296875 0.2703125 0.1078125 0.040625
3 0.828125 0.2703125 0.0953125 0.0140625
15 0.8296875 0.5546875 0.109375 0.0390625
3 0.83125 0.5546875 0.096875 0.0140625
15 0.8296875 0.8390625 0.1078125 0.0390625
3 0.828125 0.840625 0.078125 0.015625
15 0.8296875 0.675 0.109375 0.0390625
3 0.828125 0.675 0.078125 0.015625
15 0.8296875 0.7203125 0.109375 0.0421875
3 0.8296875 0.71875 0.096875 0.0140625
15 0.828125 0.884375 0.1078125 0.040625
3 0.8296875 0.884375 0.0953125 0.0140625
3 0.496875 0.259375 0.36875 0.05625
3 0.1734375 0.153125 0.1203125 0.0203125
3 0.175 0.4390625 0.121875 0.0171875
3 0.4875 0.546875 0.353125 0.0578125
3 0.4890625 0.7015625 0.3546875 0.040625
3 0.496875 0.865625 0.36875 0.0359375
3 0.3421875 0.15625 0.203125 0.0140625
3 0.3390625 0.3109375 0.053125 0.01875
3 0.3375 0.440625 0.1921875 0.015625
3 0.3390625 0.903125 0.0546875 0.0171875
3 0.34375 0.59375 0.0640625 0.015625
3 0.3390625 0.7390625 0.053125 0.0203125
28 0.2015625 0.721875 0.178125 0.1359375
28 0.203125 0.8859375 0.18125 0.1359375
28 0.2015625 0.5578125 0.1765625 0.134375
28 0.203125 0.271875 0.178125 0.1359375
3 0.3875 0.2171875 0.153125 0.0140625
3 0.3859375 0.503125 0.1484375 0.01875
3 0.3796875 0.6671875 0.13125 0.015625
3 0.3875 0.8328125 0.15 0.0140625