22 0.521875 0.4890625 0.5265625 0.603125
3 0.2890625 0.2421875 0.0140625 0.0671875
38 0.3546875 0.3796875 0.034375 0.2046875
3 0.3265625 0.3 0.009375 0.0453125
38 0.3546875 0.5875 0.034375 0.1765625
3 0.328125 0.51875 0.009375 0.040625
39 0.4359375 0.4890625 0.06875 0.565625
3 0.390625 0.2421875 0.009375 0.06875
38 0.3546875 0.7328125 0.034375 0.0796875
3 0.3265625 0.703125 0.009375 0.021875
38 0.5390625 0.490625 0.034375 0.565625
3 0.5125 0.2671875 0.0109375 0.121875
39 0.6296875 0.490625 0.0859375 0.565625
3 0.575 0.2796875 0.009375 0.1453125
3 0.7015625 0.284375 0.0125 0.08125
15 0.7515625 0.2734375 0.03125 0.1296875
3 0.7515625 0.2859375 0.0125 0.071875
15 0.7515625 0.7203125 0.0328125 0.103125
3 0.7515625 0.7203125 0.0125 0.040625
27 0.2875 0.7609375 0.0109375 0.0109375
27 0.7 0.3359375 0.0125 0.0109375
27 0.75 0.234375 0.0109375 0.015625
36 0.7 0.221875 0.015625 0.0265625
28 0.3453125 0.234375 0.0515625 0.053125