22 0.5 0.503125 0.2703125 0.340625
27 0.6171875 0.35 0.0109375 0.0109375
15 0.5578125 0.640625 0.103125 0.0265625
27 0.5421875 0.640625 0.0125 0.0109375
15 0.4421875 0.6421875 0.1046875 0.0265625
27 0.4265625 0.640625 0.0109375 0.009375
3 0.5 0.36875 0.0421875 0.0078125
3 0.5 0.3921875 0.1734375 0.0171875
3 0.5 0.5640625 0.059375 0.0109375
3 0.5 0.5875 0.2109375 0.009375
3 0.5 0.603125 0.1984375 0.0078125
3 0.5671875 0.640625 0.028125 0.009375
3 0.4515625 0.640625 0.0234375 0.009375
8 0.5 0.478125 0.1125 0.11875