27 0.015625 0.2609375 0.03125 0.01875
27 0.0171875 0.6453125 0.0328125 0.034375
27 0.0125 0.7125 0.025 0.025
16 0.5296875 0.4953125 0.9390625 0.4875
27 0.125 0.678125 0.0375 0.0375
27 0.5203125 0.4765625 0.0328125 0.034375
28 0.690625 0.4765625 0.1 0.0953125
28 0.3390625 0.4765625 0.0953125 0.09375
3 0.128125 0.375 0.0328125 0.2421875
3 0.228125 0.31875 0.0265625 0.08125
3 0.228125 0.5921875 0.0265625 0.1640625
3 0.4390625 0.33125 0.0421875 0.0984375
3 0.440625 0.621875 0.0421875 0.0984375
3 0.59375 0.3234375 0.021875 0.08125
3 0.5921875 0.590625 0.0265625 0.1609375
3 0.7921875 0.3484375 0.046875 0.134375
3 0.790625 0.6046875 0.0484375 0.1296875
27 0.790625 0.43125 0.0109375 0.01875
27 0.4390625 0.396875 0.009375 0.015625
15 0.9796875 0.4765625 0.0390625 0.4421875
3 0.9921875 0.475 0.015625 0.140625