3 0.234375 0.48125 0.3625 0.0453125
3 0.659375 0.415625 0.26875 0.0125
3 0.73125 0.44375 0.4140625 0.0265625
3 0.0828125 0.3796875 0.059375 0.0125
3 0.2328125 0.421875 0.3625 0.04375
3 0.715625 0.571875 0.3859375 0.025
3 0.6703125 0.54375 0.2921875 0.0125
3 0.5515625 0.390625 0.059375 0.009375
3 0.553125 0.5171875 0.059375 0.009375
19 0.6171875 0.390625 0.0609375 0.015625
3 0.61875 0.3921875 0.05 0.0078125
19 0.6234375 0.51875 0.0765625 0.015625
3 0.625 0.51875 0.0671875 0.009375
15 0.1109375 0.5328125 0.115625 0.021875
3 0.1046875 0.534375 0.0828125 0.009375
3 0.115625 0.578125 0.065625 0.0109375
3 0.5796875 0.6046875 0.053125 0.009375
3 0.5828125 0.478125 0.0578125 0.009375
27 0.15625 0.534375 0.009375 0.0078125
11 0.0640625 0.578125 0.01875 0.01875
23 0.24375 0.55625 0.3796875 0.003125
11 0.5328125 0.4765625 0.01875 0.0171875
11 0.5328125 0.6046875 0.0203125 0.01875