16 0.484375 0.50625 0.9671875 0.9078125
14 0.9953125 0.1125 0.0078125 0.1265625
3 0.940625 0.1296875 0.0109375 0.121875
3 0.89375 0.178125 0.0140625 0.175
23 0.8515625 0.515625 0.0046875 0.8890625
3 0.8640625 0.0953125 0.0140625 0.046875
15 0.8953125 0.9046875 0.040625 0.0578125
3 0.89375 0.9046875 0.0109375 0.028125
3 0.8265625 0.8125 0.009375 0.0546875
3 0.8078125 0.871875 0.009375 0.1765625
3 0.7859375 0.8453125 0.0109375 0.1234375
3 0.765625 0.809375 0.0109375 0.05
3 0.7390625 0.8234375 0.009375 0.0578125
3 0.8265625 0.5140625 0.0109375 0.059375
3 0.8046875 0.55 0.0140625 0.13125
3 0.784375 0.5421875 0.0125 0.1171875
3 0.7640625 0.5296875 0.0125 0.090625
3 0.7390625 0.5328125 0.009375 0.0734375
3 0.8265625 0.1484375 0.009375 0.0609375
3 0.8046875 0.1875 0.0125 0.1390625
3 0.784375 0.221875 0.0125 0.209375
3 0.765625 0.1796875 0.0109375 0.1234375
3 0.7390625 0.1578125 0.0078125 0.05625
39 0.6203125 0.7078125 0.0953125 0.5078125
3 0.678125 0.4703125 0.009375 0.0328125
16 0.628125 0.25 0.1125 0.35625
3 0.6609375 0.128125 0.0140625 0.08125
3 0.640625 0.1984375 0.009375 0.15
3 0.6140625 0.1859375 0.0125 0.1921875
3 0.5953125 0.1640625 0.009375 0.15
21 0.3203125 0.5140625 0.3125 0.8921875
3 0.5 0.13125 0.015625 0.0734375
3 0.14375 0.7890625 0.009375 0.053125
3 0.1171875 0.790625 0.0140625 0.05625
3 0.090625 0.790625 0.0109375 0.0546875
3 0.0640625 0.7875 0.0140625 0.046875
3 0.0375 0.7828125 0.009375 0.0390625
3 0.14375 0.9484375 0.0125 0.025
3 0.1171875 0.953125 0.0109375 0.0140625
3 0.0640625 0.9375 0.015625 0.0453125
19 0.03125 0.9328125 0.0265625 0.0546875
3 0.0296875 0.9421875 0.0140625 0.0375
27 0.8953125 0.0796875 0.015625 0.0140625
27 0.8140625 0.7546875 0.01875 0.015625
27 0.8125 0.45625 0.0203125 0.015625
27 0.8140625 0.0890625 0.01875 0.0171875
27 0.6390625 0.103125 0.009375 0.0140625
20 0.8953125 0.7671875 0.0390625 0.1875
23 0.54375 0.515625 0.00625 0.8890625