16 0.496875 0.2 0.99375 0.365625
16 0.496875 0.4953125 0.99375 0.1796875
16 0.496875 0.796875 0.99375 0.3734375
3 0.909375 0.0515625 0.11875 0.01875
3 0.7515625 0.0796875 0.4359375 0.0140625
16 0.7328125 0.234375 0.4765625 0.246875
3 0.9015625 0.14375 0.090625 0.0203125
3 0.8953125 0.1828125 0.1015625 0.0140625
3 0.8546875 0.215625 0.1828125 0.025
3 0.7421875 0.259375 0.40625 0.0125
15 0.7328125 0.3125 0.43125 0.0484375
3 0.734375 0.3125 0.0953125 0.015625
16 0.2390625 0.2328125 0.4765625 0.246875
3 0.3734375 0.14375 0.15625 0.0171875
16 0.2375 0.221875 0.4328125 0.096875
3 0.3984375 0.2171875 0.0796875 0.0109375
3 0.403125 0.196875 0.071875 0.0109375
3 0.3203125 0.2171875 0.034375 0.0140625
3 0.353125 0.24375 0.09375 0.0125
15 0.2375 0.3125 0.4328125 0.046875
3 0.2375 0.3125 0.1015625 0.0140625
27 0.425 0.24375 0.0265625 0.015625
27 0.046875 0.24375 0.0078125 0.015625
27 0.0453125 0.1953125 0.01875 0.01875
3 0.8875 0.4453125 0.1671875 0.021875
3 0.7484375 0.4453125 0.090625 0.0125
3 0.9140625 0.490625 0.115625 0.0140625
3 0.828125 0.5515625 0.2875 0.01875
3 0.04375 0.490625 0.084375 0.015625
3 0.05 0.5515625 0.0953125 0.0140625
23 0.4953125 0.5203125 0.9890625 0.0046875
3 0.9046875 0.65 0.1328125 0.0203125
21 0.49375 0.828125 0.9875 0.3015625