3 0.9703125 0.3390625 0.0234375 0.0578125
3 0.25 0.3390625 0.01875 0.0578125
3 0.609375 0.3375 0.0234375 0.0515625
3 0.90625 0.39375 0.021875 0.0609375
3 0.8546875 0.390625 0.0234375 0.0578125
3 0.5453125 0.396875 0.0234375 0.0671875
3 0.49375 0.3953125 0.0203125 0.0625
3 0.1859375 0.3921875 0.021875 0.0640625
3 0.44375 0.390625 0.0203125 0.0609375
3 0.753125 0.3859375 0.0203125 0.046875
3 0.7 0.39375 0.01875 0.0625
3 0.803125 0.3828125 0.0203125 0.0421875
3 0.390625 0.409375 0.0234375 0.0953125
3 0.134375 0.4046875 0.021875 0.084375
3 0.3421875 0.3984375 0.021875 0.075
3 0.0828125 0.3921875 0.0234375 0.0625
3 0.0296875 0.421875 0.0265625 0.11875
18 0.184375 0.3359375 0.0296875 0.0296875
18 0.3390625 0.3375 0.0265625 0.0265625
18 0.49375 0.3375 0.0265625 0.0265625
18 0.9046875 0.3375 0.0265625 0.0265625
18 0.4421875 0.3375 0.0296875 0.028125
18 0.0828125 0.3375 0.0265625 0.0265625
18 0.803125 0.3375 0.0265625 0.0265625
18 0.8546875 0.3375 0.0265625 0.0296875
18 0.134375 0.3375 0.0265625 0.028125
18 0.5453125 0.3375 0.0265625 0.028125
18 0.390625 0.3375 0.028125 0.0265625
18 0.0296875 0.3375 0.028125 0.028125
18 0.7515625 0.3375 0.0265625 0.0265625
18 0.7 0.3375 0.0265625 0.0265625
23 0.65 0.509375 0.0046875 0.39375
23 0.290625 0.509375 0.0046875 0.4125