27 0.2921875 0.0390625 0.0421875 0.034375
27 0.6546875 0.0390625 0.03125 0.0359375
27 0.7140625 0.0390625 0.0234375 0.021875
16 0.5015625 0.5421875 0.4765625 0.915625
27 0.6828125 0.140625 0.034375 0.034375
27 0.5 0.5015625 0.03125 0.03125
28 0.5 0.6546875 0.0875 0.090625
28 0.5 0.3359375 0.0859375 0.0859375
3 0.4078125 0.14375 0.2203125 0.0296875
3 0.35625 0.234375 0.075 0.0234375
3 0.6046875 0.234375 0.15 0.0234375
3 0.3671875 0.4265625 0.0890625 0.0390625
3 0.63125 0.428125 0.0890625 0.0390625
3 0.3609375 0.5671875 0.0734375 0.0203125
3 0.603125 0.565625 0.146875 0.0234375
3 0.3828125 0.7484375 0.1234375 0.0421875
3 0.6171875 0.746875 0.1171875 0.04375
27 0.4578125 0.746875 0.0171875 0.009375
27 0.428125 0.4265625 0.0140625 0.009375
15 0.5015625 0.9359375 0.403125 0.0640625
3 0.5 0.9359375 0.128125 0.0234375