10 0.9578125 0.5 0.084375 0.4390625
17 0.7328125 0.503125 0.1953125 0.434375
3 0.865625 0.340625 0.028125 0.096875
15 0.86875 0.675 0.0578125 0.0890625
3 0.865625 0.678125 0.01875 0.0375
16 0.5265625 0.5046875 0.178125 0.4296875
3 0.575 0.3609375 0.0234375 0.0984375
3 0.5125 0.3875 0.021875 0.153125
3 0.5765625 0.6625 0.025 0.078125
19 0.5140625 0.6328125 0.0390625 0.0578125
3 0.5140625 0.63125 0.021875 0.0390625
27 0.5140625 0.6859375 0.0140625 0.0171875
16 0.3453125 0.503125 0.1578125 0.4328125
27 0.384375 0.6890625 0.0296875 0.0078125
27 0.3015625 0.6953125 0.0203125 0.0171875
16 0.1828125 0.5046875 0.15625 0.4296875
27 0.221875 0.6890625 0.028125 0.009375
16 0.05 0.503125 0.0984375 0.4328125
27 0.0609375 0.6890625 0.0296875 0.00625
27 0.1390625 0.321875 0.0203125 0.01875
27 0.3015625 0.321875 0.0203125 0.015625
27 0.965625 0.69375 0.0328125 0.03125
27 0.9640625 0.31875 0.0328125 0.034375
3 0.9625 0.415625 0.0265625 0.1484375
3 0.465625 0.6203125 0.015625 0.16875
3 0.3890625 0.353125 0.0171875 0.0859375
19 0.353125 0.36875 0.0296875 0.115625
3 0.353125 0.36875 0.0140625 0.0953125
19 0.353125 0.5 0.0296875 0.1328125
3 0.3515625 0.5015625 0.0125 0.1125
3 0.3015625 0.6328125 0.0203125 0.0859375
3 0.3 0.378125 0.015625 0.084375
3 0.225 0.359375 0.0203125 0.0953125
19 0.190625 0.40625 0.0296875 0.05625
3 0.1890625 0.4046875 0.0140625 0.0359375
19 0.190625 0.3421875 0.028125 0.0609375
3 0.1875 0.3421875 0.0125 0.0421875
3 0.1375 0.653125 0.01875 0.1
3 0.1390625 0.3796875 0.015625 0.0859375
3 0.0625 0.340625 0.01875 0.0578125
19 0.028125 0.3609375 0.028125 0.1015625
3 0.0265625 0.3625 0.0171875 0.0796875
19 0.028125 0.49375 0.028125 0.1546875
3 0.0265625 0.49375 0.0125 0.1328125