5 0.0515625 0.5 0.1015625 0.490625
16 0.553125 0.271875 0.884375 0.0265625
27 0.1234375 0.271875 0.00625 0.00625
16 0.403125 0.33125 0.5875 0.075
27 0.1984375 0.309375 0.00625 0.00625
15 0.1625 0.271875 0.0125 0.009375
27 0.1609375 0.271875 0.003125 0.003125
27 0.9296875 0.271875 0.00625 0.00625
27 0.9453125 0.271875 0.00625 0.00625
27 0.959375 0.271875 0.0078125 0.0078125
11 0.9765625 0.271875 0.0140625 0.0140625
3 0.14375 0.271875 0.01875 0.0046875
3 0.165625 0.271875 0.003125 0.003125
16 0.775 0.33125 0.140625 0.078125
16 0.9234375 0.33125 0.1390625 0.078125
16 0.775 0.4171875 0.140625 0.0765625
16 0.925 0.4171875 0.140625 0.078125
16 0.85 0.5 0.2890625 0.0734375
16 0.85 0.6421875 0.2890625 0.1921875
16 0.553125 0.64375 0.290625 0.1921875
16 0.2546875 0.64375 0.2890625 0.1921875
16 0.403125 0.459375 0.5875 0.1609375
0 0.303125 0.46875 0.371875 0.128125
3 0.14375 0.396875 0.046875 0.00625
27 0.484375 0.3953125 0.003125 0.00625
27 0.7234375 0.3109375 0.015625 0.0171875
27 0.8328125 0.3078125 0.0015625 0.00625
27 0.8328125 0.39375 0.0015625 0.00625
27 0.7234375 0.396875 0.0171875 0.0171875
27 0.871875 0.396875 0.0171875 0.0171875
27 0.98125 0.39375 0.0015625 0.00625
27 0.98125 0.3078125 0.0015625 0.00625
27 0.871875 0.3109375 0.015625 0.0171875
34 0.934375 0.496875 0.0984375 0.04375
27 0.7234375 0.590625 0.015625 0.0171875
27 0.7234375 0.615625 0.015625 0.015625
27 0.7234375 0.6421875 0.015625 0.015625
27 0.7234375 0.66875 0.015625 0.015625
27 0.7234375 0.69375 0.0171875 0.0171875
27 0.7234375 0.7203125 0.015625 0.0171875
27 0.9765625 0.565625 0.003125 0.0078125
27 0.428125 0.590625 0.01875 0.01875
27 0.128125 0.646875 0.015625 0.015625
27 0.128125 0.671875 0.015625 0.015625
27 0.128125 0.696875 0.015625 0.015625
27 0.128125 0.7203125 0.015625 0.015625
27 0.38125 0.5671875 0.003125 0.00625
27 0.5640625 0.5125 0.0140625 0.015625
27 0.6125 0.5125 0.015625 0.015625
3 0.15625 0.309375 0.071875 0.00625
3 0.1828125 0.328125 0.1234375 0.0140625
15 0.140625 0.3515625 0.0421875 0.0109375
3 0.1421875 0.3515625 0.0328125 0.00625
28 0.6296875 0.33125 0.090625 0.071875
3 0.7234375 0.33125 0.0140625 0.00625
3 0.728125 0.3421875 0.0265625 0.0078125
3 0.73125 0.35625 0.015625 0.0046875
3 0.871875 0.3296875 0.015625 0.0046875
3 0.8765625 0.3421875 0.0234375 0.0078125
3 0.88125 0.35625 0.01875 0.0046875
27 0.71875 0.35625 0.003125 0.0046875
27 0.8671875 0.35625 0.003125 0.0046875
27 0.71875 0.4421875 0.0046875 0.003125
27 0.8671875 0.4421875 0.003125 0.0046875
3 0.728125 0.415625 0.0265625 0.00625
3 0.7265625 0.428125 0.0234375 0.00625
3 0.88125 0.415625 0.034375 0.0046875
3 0.878125 0.428125 0.0265625 0.0078125
3 0.7375 0.4796875 0.046875 0.00625
3 0.73125 0.490625 0.025 0.0046875
3 0.7328125 0.50625 0.0171875 0.0046875
3 0.7375 0.51875 0.0453125 0.009375
27 0.71875 0.50625 0.0046875 0.0046875
3 0.7359375 0.5640625 0.04375 0.00625
3 0.753125 0.59375 0.034375 0.0046875
3 0.74375 0.5859375 0.0171875 0.0046875
3 0.74375 0.6203125 0.0171875 0.00625
3 0.74375 0.6109375 0.015625 0.0046875
3 0.7453125 0.6453125 0.0203125 0.0046875
3 0.7453125 0.6375 0.0203125 0.0046875
3 0.7546875 0.671875 0.0375 0.0046875
3 0.75 0.6640625 0.0265625 0.0046875
3 0.75 0.6984375 0.028125 0.00625
3 0.74375 0.6890625 0.0140625 0.0046875
3 0.7546875 0.7234375 0.0375 0.0046875
3 0.75 0.715625 0.028125 0.0046875
3 0.959375 0.590625 0.0203125 0.00625
3 0.95625 0.615625 0.0265625 0.00625
3 0.95625 0.6421875 0.0234375 0.00625
3 0.95625 0.66875 0.025 0.00625
3 0.95625 0.69375 0.0265625 0.00625
3 0.9578125 0.7203125 0.0234375 0.00625
3 0.978125 0.7203125 0.0125 0.0046875
3 0.978125 0.69375 0.0125 0.0046875
3 0.978125 0.66875 0.0109375 0.00625
3 0.978125 0.6421875 0.0125 0.00625
3 0.978125 0.615625 0.0125 0.00625
3 0.978125 0.590625 0.0109375 0.0046875
27 0.471875 0.5953125 0.0046875 0.003125
3 0.4828125 0.5953125 0.0109375 0.0046875
3 0.453125 0.5953125 0.021875 0.0046875
3 0.459375 0.5859375 0.0359375 0.00625
15 0.4359375 0.5640625 0.0375 0.015625
3 0.4359375 0.5640625 0.021875 0.0046875
3 0.478125 0.565625 0.028125 0.00625
3 0.5203125 0.5640625 0.0171875 0.00625
34 0.5515625 0.659375 0.2765625 0.0984375
3 0.559375 0.715625 0.05 0.0046875
3 0.5640625 0.725 0.059375 0.0046875
1 0.5203125 0.71875 0.01875 0.0171875
3 0.51875 0.71875 0.0109375 0.0046875
1 0.3703125 0.609375 0.0359375 0.0359375
1 0.3703125 0.6140625 0.0171875 0.0046875
1 0.36875 0.60625 0.015625 0.00625
1 0.38125 0.646875 0.0171875 0.0078125
1 0.38125 0.671875 0.0171875 0.0046875
1 0.384375 0.6953125 0.0109375 0.0046875
1 0.3859375 0.7203125 0.0078125 0.00625
1 0.1640625 0.725 0.046875 0.00625
1 0.15 0.7171875 0.01875 0.00625
1 0.159375 0.7 0.0375 0.00625
1 0.15 0.6921875 0.01875 0.0046875
1 0.1640625 0.6765625 0.046875 0.0046875
1 0.1515625 0.6671875 0.0234375 0.0046875
1 0.1640625 0.6515625 0.0484375 0.0046875
1 0.1546875 0.64375 0.0296875 0.00625
1 0.1453125 0.5734375 0.053125 0.00625
1 0.146875 0.5625 0.053125 0.00625
1 0.1359375 0.6046875 0.0328125 0.0109375
1 0.1359375 0.6171875 0.0328125 0.00625
1 0.5984375 0.4875 0.0625 0.0046875
1 0.5984375 0.4609375 0.01875 0.00625
1 0.5984375 0.45 0.01875 0.0078125
1 0.584375 0.5171875 0.0203125 0.00625
1 0.58125 0.509375 0.0140625 0.0046875
1 0.63125 0.5171875 0.01875 0.00625
1 0.628125 0.5078125 0.0140625 0.0046875
20 0.5984375 0.403125 0.040625 0.015625