16 0.4421875 0.5 0.4109375 1
3 0.315625 0.18125 0.0109375 0.190625
3 0.2421875 0.0515625 0.0109375 0.084375
15 0.2828125 0.1421875 0.025 0.1109375
3 0.2828125 0.1421875 0.0109375 0.0859375
15 0.284375 0.2296875 0.0265625 0.053125
3 0.2828125 0.2296875 0.0109375 0.0296875
28 0.296875 0.0421875 0.065625 0.0640625
16 0.7109375 0.5 0.10625 1
23 0.3421875 0.5 0.0046875 1
38 0.384375 0.26875 0.028125 0.51875
38 0.4234375 0.26875 0.0296875 0.51875
38 0.4609375 0.26875 0.028125 0.51875
38 0.5 0.26875 0.028125 0.51875
20 0.5390625 0.26875 0.0265625 0.51875
20 0.578125 0.26875 0.028125 0.51875
15 0.61875 0.05625 0.025 0.0921875
3 0.61875 0.0546875 0.009375 0.065625
15 0.61875 0.1375 0.025 0.053125
3 0.6171875 0.1359375 0.009375 0.0265625
20 0.5390625 0.7703125 0.028125 0.4578125
20 0.578125 0.7703125 0.028125 0.4578125
38 0.5 0.7703125 0.0296875 0.4578125
38 0.4609375 0.7703125 0.028125 0.459375
38 0.4234375 0.7703125 0.028125 0.4578125
38 0.3828125 0.7703125 0.0265625 0.4578125
3 0.6828125 0.0625 0.0109375 0.103125
3 0.71875 0.1078125 0.0078125 0.15
18 0.71875 0.021875 0.0125 0.0125
15 0.7484375 0.0671875 0.0265625 0.1171875
3 0.7484375 0.0671875 0.009375 0.090625