27 0.665625 0.284375 0.0109375 0.0140625
27 0.6328125 0.284375 0.0109375 0.0140625
27 0.734375 0.61875 0.009375 0.0140625
27 0.734375 0.284375 0.009375 0.0140625
27 0.7 0.61875 0.009375 0.0140625
27 0.6671875 0.61875 0.009375 0.0140625
27 0.5984375 0.9546875 0.009375 0.0140625
27 0.7 0.284375 0.0109375 0.0140625
27 0.7 0.9546875 0.009375 0.0140625
27 0.6328125 0.9546875 0.009375 0.0140625
27 0.5984375 0.61875 0.009375 0.0125
27 0.665625 0.9546875 0.009375 0.0140625
27 0.6328125 0.61875 0.009375 0.0140625
27 0.5984375 0.284375 0.0109375 0.0140625
3 0.2109375 0.4890625 0.00625 0.046875
3 0.43125 0.9390625 0.0234375 0.05
15 0.5015625 0.4875 0.034375 0.28125
15 0.503125 0.1515625 0.0328125 0.2828125
3 0.63125 0.209375 0.0125 0.1171875
3 0.665625 0.2140625 0.0125 0.1109375
3 0.43125 0.26875 0.0234375 0.0484375
15 0.5015625 0.821875 0.0359375 0.284375
3 0.665625 0.89375 0.0125 0.0890625
3 0.665625 0.546875 0.0125 0.115625
3 0.596875 0.2171875 0.0140625 0.1125
3 0.63125 0.8765625 0.0125 0.1328125
3 0.43125 0.6015625 0.025 0.05
3 0.63125 0.5390625 0.0140625 0.1390625
3 0.4375 0.884375 0.0109375 0.04375
3 0.7 0.15625 0.0140625 0.23125
3 0.4375 0.215625 0.0125 0.0453125
3 0.7 0.853125 0.0125 0.178125
3 0.4375 0.55 0.0109375 0.0421875
3 0.390625 0.271875 0.0125 0.046875
3 0.2359375 0.4890625 0.028125 0.4609375
3 0.7 0.5203125 0.0125 0.171875
3 0.3015625 0.4921875 0.0171875 0.3703125
3 0.2765625 0.4890625 0.0171875 0.5671875
3 0.390625 0.6 0.0140625 0.0609375
3 0.553125 0.4875 0.03125 0.2828125
3 0.5984375 0.9078125 0.0125 0.0640625
3 0.390625 0.946875 0.0125 0.0375
3 0.734375 0.5375 0.0125 0.1359375
3 0.4625 0.546875 0.015625 0.178125
3 0.5515625 0.153125 0.034375 0.2890625
3 0.553125 0.8359375 0.0328125 0.259375
3 0.734375 0.2046875 0.0140625 0.1296875
3 0.4640625 0.2109375 0.0140625 0.1765625
3 0.4640625 0.8796875 0.0140625 0.1703125
3 0.5984375 0.5703125 0.0125 0.071875
3 0.503125 0.825 0.0171875 0.05625
3 0.503125 0.4890625 0.0171875 0.05625
3 0.503125 0.1546875 0.0140625 0.0578125
23 0.5671875 0.6546875 0.415625 0.0046875
23 0.5671875 0.321875 0.41875 0.0046875