5 0.0921875 0.5015625 0.18125 0.6609375
10 0.5921875 0.1921875 0.8140625 0.046875
3 0.2515625 0.1921875 0.0890625 0.0171875
3 0.278125 0.2578125 0.1484375 0.021875
3 0.525 0.3046875 0.0546875 0.0140625
3 0.25625 0.30625 0.090625 0.015625
16 0.3421875 0.4296875 0.2734375 0.20625
3 0.2296875 0.359375 0.0078125 0.0140625
3 0.2734375 0.3578125 0.075 0.01875
16 0.7390625 0.43125 0.4875 0.20625
3 0.534375 0.35625 0.0421875 0.0203125
3 0.66875 0.35625 0.0703125 0.021875
3 0.778125 0.35625 0.0234375 0.0203125
15 0.775 0.25625 0.1359375 0.0296875
3 0.784375 0.2578125 0.09375 0.0109375
15 0.91875 0.25625 0.1265625 0.028125
3 0.928125 0.2578125 0.0828125 0.0109375
3 0.940625 0.2 0.0625 0.009375
3 0.946875 0.1859375 0.0734375 0.0125
3 0.9328125 0.30625 0.053125 0.0140625
2 0.7421875 0.459375 0.4671875 0.1234375
3 0.8015625 0.38125 0.05625 0.009375
3 0.6671875 0.38125 0.0515625 0.009375
3 0.5453125 0.38125 0.05 0.009375
3 0.73125 0.5640625 0.0453125 0.0125
3 0.8140625 0.5640625 0.06875 0.015625
3 0.95625 0.5640625 0.0453125 0.0109375
3 0.2609375 0.565625 0.1 0.0140625
16 0.4828125 0.7046875 0.5515625 0.2359375
3 0.325 0.6546875 0.1984375 0.009375
3 0.296875 0.6359375 0.14375 0.009375
3 0.2515625 0.6140625 0.053125 0.0109375
3 0.3953125 0.634375 0.025 0.009375
3 0.4359375 0.6359375 0.0296875 0.009375
3 0.5 0.6359375 0.0734375 0.0078125
3 0.5703125 0.634375 0.040625 0.0078125
3 0.6328125 0.634375 0.0609375 0.0078125
15 0.309375 0.6140625 0.0453125 0.0171875
3 0.3078125 0.6140625 0.03125 0.0078125
15 0.3109375 0.6859375 0.0578125 0.0171875
3 0.3109375 0.6875 0.0453125 0.0078125
3 0.3 0.7984375 0.1484375 0.009375
3 0.2953125 0.7796875 0.1421875 0.0109375
15 0.3 0.7578125 0.0328125 0.0171875
3 0.3 0.759375 0.0203125 0.0078125
23 0.484375 0.740625 0.5171875 0.0046875
3 0.3 0.7265625 0.15 0.009375
3 0.271875 0.7078125 0.09375 0.009375
3 0.25 0.6859375 0.046875 0.0109375
3 0.25 0.7578125 0.05 0.009375
3 0.3453125 0.70625 0.025 0.009375
3 0.40625 0.7078125 0.06875 0.009375
3 0.46875 0.7078125 0.0296875 0.0078125
3 0.5265625 0.7078125 0.0578125 0.0078125
3 0.5984375 0.7078125 0.0609375 0.009375
3 0.39375 0.7796875 0.028125 0.009375
3 0.4359375 0.7796875 0.03125 0.0109375
3 0.5015625 0.7796875 0.075 0.009375
3 0.58125 0.7796875 0.059375 0.009375
3 0.6546875 0.7796875 0.0609375 0.0078125
16 0.8796875 0.703125 0.209375 0.2359375
3 0.8625 0.625 0.0609375 0.009375
3 0.865625 0.609375 0.06875 0.0109375
23 0.8984375 0.703125 0.134375 0.0046875
3 0.8625 0.6828125 0.0609375 0.009375
3 0.8640625 0.6671875 0.065625 0.009375
3 0.8671875 0.725 0.0734375 0.009375
3 0.853125 0.740625 0.0421875 0.009375
3 0.8640625 0.7984375 0.0640625 0.009375
3 0.8640625 0.7828125 0.0671875 0.0109375
3 0.428125 0.30625 0.0546875 0.0125
23 0.7984375 0.1921875 0.003125 0.0453125
23 0.6015625 0.3640625 0.003125 0.0375
23 0.7359375 0.3640625 0.0046875 0.0375
23 0.4828125 0.66875 0.515625 0.003125
23 0.8984375 0.6453125 0.134375 0.0046875
23 0.9 0.7609375 0.1359375 0.003125
27 0.8328125 0.1921875 0.0109375 0.015625
3 0.8828125 0.190625 0.0140625 0.0078125
27 0.8734375 0.25625 0.0109375 0.0109375
27 0.725 0.25625 0.0109375 0.009375
27 0.9703125 0.3046875 0.009375 0.00625
27 0.734375 0.6140625 0.00625 0.0109375
27 0.734375 0.6859375 0.0046875 0.0109375
27 0.734375 0.7578125 0.0046875 0.0109375
27 0.4671875 0.3046875 0.0078125 0.00625
2 0.34375 0.4578125 0.2484375 0.1171875
3 0.2609375 0.3859375 0.071875 0.0109375
11 0.80625 0.615625 0.028125 0.0296875
11 0.80625 0.675 0.028125 0.0296875
11 0.80625 0.73125 0.0296875 0.028125
11 0.80625 0.7890625 0.0296875 0.0296875