16 0.49375 0.81875 0.946875 0.1796875
3 0.8890625 0.81875 0.046875 0.01875
16 0.4953125 0.603125 0.94375 0.1828125
3 0.8890625 0.603125 0.0453125 0.01875
16 0.4921875 0.3875 0.9453125 0.178125
3 0.8890625 0.3859375 0.046875 0.01875
19 0.196875 0.628125 0.115625 0.0453125
3 0.1890625 0.5796875 0.0984375 0.025
19 0.1984375 0.4109375 0.1140625 0.046875
3 0.1703125 0.3625 0.0640625 0.028125
19 0.203125 0.8421875 0.125 0.046875
3 0.203125 0.79375 0.1265625 0.0234375
16 0.49375 0.1703125 0.946875 0.1859375
3 0.8890625 0.1703125 0.0453125 0.01875
19 0.1984375 0.19375 0.1171875 0.046875
3 0.16875 0.1453125 0.0609375 0.021875
3 0.1953125 0.19375 0.0828125 0.021875
3 0.196875 0.409375 0.0875 0.0171875
3 0.196875 0.6265625 0.084375 0.0171875
3 0.1984375 0.8421875 0.0875 0.0171875
27 0.09375 0.1703125 0.034375 0.0375
27 0.09375 0.3875 0.0359375 0.034375
27 0.09375 0.81875 0.034375 0.0328125
27 0.09375 0.603125 0.0359375 0.034375
3 0.803125 0.16875 0.1078125 0.065625
3 0.8046875 0.384375 0.10625 0.065625
3 0.803125 0.6015625 0.109375 0.0703125
3 0.803125 0.8171875 0.109375 0.075