10 0.03125 0.5 0.05 1
28 0.0203125 0.028125 0.025 0.021875
28 0.33125 0.2453125 0.3609375 0.35
28 0.7546875 0.7171875 0.4375 0.3734375
3 0.025 0.06875 0.0125 0.0484375
15 0.0234375 0.6171875 0.0296875 0.0578125
3 0.0234375 0.6171875 0.0109375 0.03125
3 0.0234375 0.6921875 0.009375 0.0546875
3 0.0234375 0.7890625 0.0109375 0.0765625
15 0.0234375 0.896875 0.0296875 0.1
3 0.0234375 0.896875 0.009375 0.0734375
3 0.203125 0.6890625 0.0265625 0.3140625
3 0.24375 0.7046875 0.0328125 0.3484375
3 0.296875 0.6875 0.0109375 0.2625
3 0.334375 0.70625 0.0125 0.3
3 0.3734375 0.7296875 0.0140625 0.3453125
3 0.4109375 0.7015625 0.0125 0.290625
3 0.45 0.715625 0.0140625 0.31875
27 0.296875 0.5390625 0.0140625 0.0125
27 0.334375 0.5390625 0.0125 0.0125
27 0.371875 0.5390625 0.0140625 0.0125
27 0.4109375 0.5390625 0.0140625 0.0125
27 0.4484375 0.5390625 0.0140625 0.0125
27 0.7 0.065625 0.0140625 0.0125
27 0.7375 0.065625 0.0140625 0.0140625
27 0.7765625 0.065625 0.0125 0.0140625
27 0.8140625 0.065625 0.0140625 0.0140625
27 0.8515625 0.065625 0.0140625 0.0125
15 0.9046875 0.1171875 0.0296875 0.1171875
27 0.9046875 0.075 0.0125 0.0109375
3 0.9046875 0.1265625 0.0125 0.071875
3 0.853125 0.2421875 0.0140625 0.3171875
3 0.8140625 0.2375 0.0125 0.309375
3 0.7765625 0.134375 0.0140625 0.103125
3 0.7390625 0.1578125 0.0140625 0.1484375
3 0.7 0.165625 0.0125 0.1640625
3 0.646875 0.2390625 0.0328125 0.3625
3 0.60625 0.1859375 0.0265625 0.253125