37 0.2515625 0.515625 0.503125 0.1484375
37 0.7578125 0.5140625 0.484375 0.1484375
3 0.9828125 0.453125 0.0328125 0.009375
3 0.9203125 0.453125 0.046875 0.009375
3 0.8453125 0.4515625 0.05625 0.0109375
3 0.946875 0.415625 0.10625 0.015625
3 0.965625 0.4875 0.06875 0.0109375
3 0.7703125 0.5234375 0.4578125 0.021875
3 0.2484375 0.4875 0.0828125 0.0140625
3 0.3234375 0.453125 0.0453125 0.0109375
3 0.2546875 0.453125 0.0484375 0.009375
3 0.178125 0.453125 0.0578125 0.0109375
3 0.2484375 0.5171875 0.46875 0.0078125
3 0.2484375 0.5296875 0.034375 0.0109375
15 0.2484375 0.5625 0.0765625 0.025
3 0.2484375 0.5625 0.0515625 0.0078125
15 0.9671875 0.5625 0.0640625 0.0234375
3 0.9734375 0.5625 0.0515625 0.0078125