16 0.13125 0.496875 0.2234375 0.1203125
3 0.078125 0.459375 0.0828125 0.0125
16 0.371875 0.496875 0.225 0.121875
3 0.321875 0.4578125 0.0984375 0.0125
16 0.6140625 0.4984375 0.2234375 0.121875
3 0.5515625 0.4578125 0.0734375 0.0125
16 0.8546875 0.4984375 0.2234375 0.1203125
3 0.7953125 0.4578125 0.078125 0.0125
3 0.0796875 0.5078125 0.090625 0.0296875
3 0.315625 0.50625 0.075 0.025
3 0.8046875 0.50625 0.09375 0.0265625
3 0.565625 0.50625 0.09375 0.025
3 0.2109375 0.5015625 0.0328125 0.0109375
3 0.453125 0.5 0.0296875 0.0109375
3 0.696875 0.5 0.0265625 0.0109375
3 0.9359375 0.5 0.034375 0.009375
19 0.2109375 0.4578125 0.034375 0.01875
3 0.2109375 0.45625 0.01875 0.009375
19 0.93125 0.4578125 0.0390625 0.01875
3 0.93125 0.45625 0.028125 0.009375
19 0.4484375 0.45625 0.04375 0.01875
3 0.446875 0.45625 0.03125 0.009375
19 0.6875 0.45625 0.046875 0.0171875
3 0.6859375 0.45625 0.0359375 0.009375
27 0.221875 0.515625 0.0078125 0.009375
27 0.703125 0.515625 0.0078125 0.0078125
27 0.9453125 0.515625 0.00625 0.0078125
27 0.4625 0.515625 0.009375 0.009375
31 0.13125 0.540625 0.1921875 0.0046875
31 0.6140625 0.540625 0.1921875 0.0046875
31 0.371875 0.540625 0.1953125 0.0046875
31 0.85625 0.540625 0.1984375 0.0046875