28 0.0390625 0.490625 0.059375 0.06875
15 0.1484375 0.490625 0.0515625 0.6890625
3 0.15 0.490625 0.01875 0.165625
3 0.23125 0.490625 0.0140625 0.01875
3 0.8328125 0.365625 0.025 0.340625
15 0.9265625 0.490625 0.053125 0.6921875
3 0.928125 0.490625 0.021875 0.13125
3 0.9875 0.503125 0.01875 0.153125
18 0.83125 0.1703125 0.028125 0.0265625
27 0.9859375 0.4125 0.0234375 0.015625
38 0.7453125 0.253125 0.065625 0.2203125
38 0.7453125 0.4890625 0.0671875 0.221875
38 0.74375 0.728125 0.0671875 0.2203125
38 0.659375 0.490625 0.0671875 0.69375
38 0.5734375 0.409375 0.065625 0.5328125
38 0.571875 0.765625 0.065625 0.14375
38 0.4875 0.490625 0.065625 0.6921875
38 0.4 0.490625 0.065625 0.6953125
38 0.315625 0.490625 0.065625 0.6921875
23 0.23125 0.303125 0.0046875 0.315625
23 0.23125 0.6765625 0.00625 0.3140625