3 0.21875 0.4859375 0.0171875 0.1953125
3 0.246875 0.4859375 0.0203125 0.746875
16 0.5375 0.5 0.509375 1
3 0.3109375 0.946875 0.0140625 0.096875
3 0.3125 0.828125 0.0140625 0.08125
3 0.3125 0.7109375 0.015625 0.0953125
3 0.3328125 0.73125 0.0140625 0.05
3 0.334375 0.8359375 0.0125 0.0640625
3 0.3328125 0.959375 0.0125 0.0734375
15 0.321875 0.1640625 0.0359375 0.1125
3 0.3203125 0.1640625 0.0140625 0.0828125
15 0.3203125 0.05 0.0375 0.0984375
3 0.321875 0.0421875 0.015625 0.0828125
23 0.353125 0.5 0.0046875 1
23 0.5796875 0.496875 0.0046875 0.99375
28 0.4390625 0.91875 0.15625 0.1546875
28 0.6828125 0.91875 0.1546875 0.15625
3 0.5484375 0.9171875 0.0125 0.1046875
3 0.3765625 0.7578125 0.0140625 0.1484375
3 0.425 0.425 0.0375 0.8125
3 0.5453125 0.10625 0.0125 0.0828125
3 0.54375 0.01875 0.0125 0.0375
3 0.621875 0.7796875 0.01875 0.10625
3 0.66875 0.425 0.0359375 0.815625
3 0.784375 0.8921875 0.0125 0.15625
3 0.7859375 0.10625 0.0125 0.084375
3 0.7859375 0.0171875 0.009375 0.034375
23 0.5421875 0.0515625 0.0265625 0.0046875
23 0.7828125 0.0515625 0.0171875 0.0046875
27 0.546875 0.9859375 0.0171875 0.01875
27 0.784375 0.9859375 0.015625 0.015625