5 0.5 0.0390625 0.490625 0.078125
16 0.26875 0.54375 0.028125 0.9125
27 0.26875 0.1015625 0.0078125 0.0078125
16 0.33125 0.3984375 0.0796875 0.621875
27 0.309375 0.18125 0.00625 0.00625
15 0.26875 0.14375 0.009375 0.0140625
27 0.2703125 0.140625 0.003125 0.003125
27 0.26875 0.95625 0.0078125 0.0078125
27 0.26875 0.9734375 0.0078125 0.00625
27 0.26875 0.9890625 0.0078125 0.0078125
3 0.26875 0.1234375 0.0046875 0.0203125
3 0.2703125 0.1453125 0.0046875 0.003125
16 0.3328125 0.79375 0.0828125 0.15
16 0.3328125 0.9375 0.0828125 0.1234375
16 0.4234375 0.79375 0.08125 0.1484375
16 0.4234375 0.9375 0.0828125 0.1234375
16 0.5109375 0.859375 0.078125 0.28125
16 0.653125 0.859375 0.184375 0.28125
16 0.653125 0.55625 0.184375 0.3078125
16 0.653125 0.240625 0.184375 0.30625
16 0.4671875 0.3984375 0.1703125 0.621875
0 0.478125 0.2921875 0.1359375 0.3953125
3 0.4015625 0.1234375 0.00625 0.05
27 0.4015625 0.4828125 0.0078125 0.003125
27 0.3109375 0.7375 0.0171875 0.0171875
27 0.3078125 0.853125 0.00625 0.0015625
27 0.3984375 0.853125 0.00625 0.003125
27 0.4015625 0.7375 0.01875 0.01875
27 0.4015625 0.8953125 0.0171875 0.0171875
27 0.3125 0.8953125 0.0171875 0.0171875
34 0.5078125 0.9546875 0.0453125 0.090625
27 0.60625 0.7375 0.0171875 0.0171875
27 0.634375 0.7375 0.0171875 0.0171875
27 0.6625 0.7375 0.0171875 0.0171875
27 0.6890625 0.7375 0.0171875 0.0171875
27 0.7171875 0.7375 0.01875 0.0171875
27 0.740625 0.7375 0.009375 0.0171875
27 0.6078125 0.4234375 0.0203125 0.0203125
27 0.6671875 0.10625 0.0171875 0.0171875
27 0.69375 0.10625 0.0171875 0.0171875
27 0.7203125 0.10625 0.0171875 0.0171875
27 0.7421875 0.10625 0.009375 0.0171875
27 0.5828125 0.375 0.0078125 0.003125
27 0.525 0.56875 0.015625 0.015625
27 0.525 0.61875 0.0171875 0.015625
3 0.309375 0.1359375 0.00625 0.0765625
3 0.3296875 0.1640625 0.015625 0.13125
15 0.3546875 0.1203125 0.0125 0.04375
3 0.3546875 0.1203125 0.00625 0.0359375
28 0.3328125 0.6375 0.0765625 0.0953125
3 0.33125 0.7375 0.00625 0.015625
3 0.34375 0.74375 0.0078125 0.028125
3 0.3578125 0.746875 0.00625 0.015625
3 0.33125 0.8953125 0.00625 0.015625
3 0.34375 0.9 0.0078125 0.025
3 0.359375 0.90625 0.0046875 0.01875
27 0.359375 0.7328125 0.0046875 0.0046875
27 0.359375 0.890625 0.0046875 0.003125
27 0.45 0.7328125 0.0046875 0.0046875
27 0.45 0.890625 0.0046875 0.003125
3 0.421875 0.74375 0.00625 0.028125
3 0.434375 0.7421875 0.0078125 0.025
3 0.421875 0.9046875 0.0046875 0.0375
3 0.434375 0.9015625 0.0078125 0.028125
3 0.490625 0.753125 0.0078125 0.0484375
3 0.5015625 0.746875 0.0046875 0.0265625
3 0.51875 0.7484375 0.0046875 0.01875
3 0.53125 0.753125 0.009375 0.046875
27 0.51875 0.7328125 0.0046875 0.0046875
3 0.5796875 0.7515625 0.00625 0.0453125
3 0.6109375 0.76875 0.00625 0.0359375
3 0.6015625 0.759375 0.0046875 0.01875
3 0.6390625 0.759375 0.00625 0.01875
3 0.6296875 0.759375 0.0046875 0.0171875
3 0.665625 0.7609375 0.00625 0.021875
3 0.6578125 0.7609375 0.0046875 0.021875
3 0.69375 0.771875 0.0046875 0.040625
3 0.6859375 0.765625 0.0046875 0.028125
3 0.721875 0.765625 0.00625 0.0296875
3 0.7125 0.759375 0.0046875 0.015625
3 0.740625 0.765625 0.0046875 0.0296875
3 0.60625 0.9875 0.00625 0.0203125
3 0.634375 0.984375 0.00625 0.028125
3 0.6625 0.984375 0.00625 0.025
3 0.6890625 0.984375 0.00625 0.0265625
3 0.7171875 0.984375 0.00625 0.028125
3 0.74375 0.9859375 0.0046875 0.025
27 0.6125 0.4703125 0.003125 0.0046875
3 0.6125 0.4828125 0.0046875 0.0109375
3 0.6125 0.4515625 0.00625 0.0234375
3 0.603125 0.4578125 0.00625 0.0375
15 0.5796875 0.4328125 0.015625 0.0390625
3 0.5796875 0.4328125 0.00625 0.0234375
3 0.5796875 0.478125 0.00625 0.0296875
3 0.5796875 0.521875 0.00625 0.01875
34 0.6796875 0.5546875 0.1046875 0.2921875
3 0.7390625 0.5640625 0.0046875 0.053125
1 0.740625 0.521875 0.0109375 0.0203125
3 0.74375 0.5203125 0.0046875 0.0109375
1 0.628125 0.3625 0.0390625 0.0390625
1 0.6328125 0.3625 0.0046875 0.01875
1 0.625 0.3625 0.00625 0.0171875
1 0.6671875 0.375 0.009375 0.0171875
1 0.69375 0.375 0.00625 0.0171875
1 0.71875 0.378125 0.0046875 0.0109375
1 0.74375 0.3796875 0.0046875 0.0078125
1 0.740625 0.1296875 0.00625 0.0203125
1 0.7234375 0.1390625 0.00625 0.0390625
1 0.715625 0.1296875 0.00625 0.0203125
1 0.6984375 0.14375 0.0046875 0.0484375
1 0.6890625 0.13125 0.00625 0.025
1 0.671875 0.1453125 0.0046875 0.05
1 0.6640625 0.134375 0.00625 0.03125
1 0.5890625 0.125 0.00625 0.05625
1 0.578125 0.1265625 0.0078125 0.0578125
1 0.621875 0.1140625 0.0109375 0.034375
1 0.6359375 0.115625 0.00625 0.034375
1 0.4984375 0.6046875 0.00625 0.0671875
1 0.46875 0.6046875 0.00625 0.0203125
1 0.4578125 0.6046875 0.0078125 0.0203125
1 0.5296875 0.590625 0.00625 0.021875
1 0.5203125 0.5859375 0.0046875 0.0140625
1 0.5296875 0.640625 0.00625 0.01875
1 0.5203125 0.6359375 0.0046875 0.0140625
20 0.4078125 0.60625 0.015625 0.04375