16 0.1328125 0.5015625 0.2296875 0.1390625
3 0.1265625 0.475 0.1125 0.0109375
16 0.625 0.5015625 0.2296875 0.1390625
3 0.6171875 0.475 0.109375 0.0125
16 0.378125 0.5015625 0.23125 0.140625
3 0.3640625 0.475 0.0953125 0.0109375
16 0.871875 0.5 0.2296875 0.140625
3 0.8546875 0.475 0.09375 0.0109375
3 0.0796875 0.534375 0.0984375 0.0109375
3 0.8140625 0.534375 0.0890625 0.009375
3 0.09375 0.453125 0.0453125 0.015625
3 0.8359375 0.453125 0.0546875 0.0140625
3 0.5859375 0.453125 0.0453125 0.0140625
3 0.6765625 0.534375 0.0953125 0.0125
3 0.340625 0.453125 0.0453125 0.0140625
3 0.4328125 0.534375 0.09375 0.0125
3 0.940625 0.534375 0.0625 0.0125
3 0.203125 0.534375 0.059375 0.0125
3 0.2984375 0.5359375 0.0328125 0.009375
3 0.546875 0.534375 0.046875 0.009375
27 0.2140625 0.4640625 0.0046875 0.0140625
27 0.459375 0.4640625 0.0046875 0.0140625
27 0.9515625 0.4640625 0.0046875 0.0140625
27 0.70625 0.4640625 0.003125 0.0140625
31 0.1328125 0.5546875 0.2015625 0.00625
31 0.625 0.5546875 0.2046875 0.0046875
31 0.378125 0.5546875 0.2046875 0.0046875
31 0.8703125 0.5546875 0.20625 0.0046875
28 0.05 0.4640625 0.0328125 0.0328125
28 0.7875 0.4640625 0.0328125 0.0328125
28 0.2953125 0.4625 0.0328125 0.0328125
28 0.540625 0.4640625 0.03125 0.0328125