16 0.621875 0.290625 0.190625 0.58125
16 0.621875 0.796875 0.190625 0.4046875
16 0.3921875 0.796875 0.240625 0.4046875
16 0.3921875 0.2921875 0.240625 0.5828125
16 0.6015625 0.1375 0.1171875 0.275
16 0.6 0.425 0.1171875 0.2828125
16 0.3625 0.065625 0.18125 0.13125
16 0.3625 0.2078125 0.18125 0.1375
16 0.3625 0.3515625 0.18125 0.1390625
16 0.3625 0.496875 0.18125 0.1375
3 0.6875 0.0703125 0.0171875 0.140625
19 0.6390625 0.11875 0.0203125 0.04375
3 0.6375 0.11875 0.0078125 0.0265625
3 0.3515625 0.040625 0.015625 0.06875
3 0.31875 0.034375 0.0140625 0.053125
3 0.31875 0.084375 0.0140625 0.0359375
3 0.290625 0.0890625 0.0078125 0.0671875
3 0.3515625 0.2015625 0.0125 0.1
3 0.31875 0.190625 0.0125 0.0734375
3 0.290625 0.228125 0.00625 0.065625
3 0.3515625 0.340625 0.0109375 0.0875
3 0.31875 0.3265625 0.0171875 0.05625
3 0.290625 0.3765625 0.00625 0.0671875
3 0.3484375 0.48125 0.0109375 0.078125
3 0.31875 0.475 0.0125 0.0625
3 0.290625 0.521875 0.0046875 0.065625
16 0.2984375 0.7078125 0.053125 0.19375
3 0.3078125 0.69375 0.009375 0.05
3 0.2859375 0.696875 0.009375 0.05625
16 0.2984375 0.90625 0.053125 0.1875
3 0.3078125 0.88125 0.009375 0.0203125
3 0.2859375 0.8984375 0.009375 0.05625
16 0.3625 0.90625 0.0546875 0.1875
3 0.3734375 0.884375 0.0078125 0.0296875
3 0.3515625 0.8984375 0.009375 0.05625
16 0.428125 0.90625 0.05625 0.1859375
3 0.4390625 0.884375 0.0078125 0.0296875
3 0.4171875 0.9 0.009375 0.0578125
15 0.4796875 0.9609375 0.03125 0.0765625
3 0.4796875 0.975 0.0078125 0.0234375
16 0.4265625 0.709375 0.05625 0.19375
3 0.4390625 0.6890625 0.0109375 0.0421875
3 0.4171875 0.6921875 0.009375 0.046875
16 0.3625 0.709375 0.0546875 0.19375
3 0.3734375 0.6828125 0.009375 0.0296875
3 0.3515625 0.696875 0.0078125 0.0578125
3 0.478125 0.6578125 0.0125 0.0890625
16 0.6015625 0.709375 0.1140625 0.19375
3 0.6015625 0.7421875 0.0109375 0.05625
3 0.578125 0.7484375 0.009375 0.06875
3 0.565625 0.725 0.0078125 0.021875
16 0.6015625 0.90625 0.115625 0.1859375
3 0.6015625 0.934375 0.0109375 0.0390625
3 0.578125 0.95 0.009375 0.0671875
3 0.565625 0.9265625 0.0078125 0.0234375
19 0.63125 0.9390625 0.0203125 0.0484375
3 0.63125 0.940625 0.0078125 0.0296875
19 0.6328125 0.7390625 0.0203125 0.0484375
3 0.63125 0.7390625 0.0078125 0.0296875
3 0.6859375 0.70625 0.01875 0.1890625
3 0.6078125 0.4046875 0.0125 0.040625
3 0.5828125 0.45 0.009375 0.13125
3 0.5609375 0.4640625 0.0109375 0.1578125
19 0.6390625 0.4015625 0.01875 0.034375
3 0.6375 0.4015625 0.00625 0.015625
19 0.6375 0.46875 0.0203125 0.0828125
3 0.6375 0.4671875 0.0109375 0.065625
19 0.6375 0.1890625 0.021875 0.0828125
3 0.6375 0.1890625 0.0078125 0.0640625
3 0.6078125 0.1140625 0.0109375 0.0390625
3 0.584375 0.1609375 0.0109375 0.13125
3 0.5609375 0.1734375 0.0109375 0.15625
28 0.6015625 0.0453125 0.0953125 0.08125
28 0.6 0.334375 0.0953125 0.08125
28 0.6015625 0.6625 0.0953125 0.08125
28 0.6015625 0.865625 0.096875 0.08125
27 0.4796875 0.9515625 0.0140625 0.0140625
27 0.428125 0.640625 0.0171875 0.015625
27 0.3609375 0.6390625 0.021875 0.01875
27 0.296875 0.6390625 0.0078125 0.021875
27 0.296875 0.840625 0.0203125 0.0203125
27 0.4203125 0.459375 0.0171875 0.015625
27 0.4203125 0.315625 0.01875 0.01875
27 0.4203125 0.1703125 0.0171875 0.015625
27 0.4203125 0.025 0.01875 0.01875
3 0.4828125 0.0578125 0.0203125 0.115625
19 0.2921875 0.0296875 0.015625 0.0421875
3 0.290625 0.025 0.0078125 0.021875
27 0.290625 0.0421875 0.0078125 0.00625
19 0.290625 0.171875 0.015625 0.0375
3 0.290625 0.165625 0.0078125 0.0171875
19 0.2921875 0.31875 0.015625 0.0421875
3 0.290625 0.3125 0.009375 0.021875
19 0.2921875 0.4640625 0.015625 0.0421875
3 0.290625 0.45625 0.0078125 0.021875
19 0.2859375 0.771875 0.015625 0.04375
3 0.2859375 0.7671875 0.0078125 0.021875
19 0.3515625 0.771875 0.0171875 0.04375
3 0.3515625 0.7671875 0.0078125 0.021875
19 0.4171875 0.771875 0.0171875 0.04375
3 0.4171875 0.7671875 0.0078125 0.0234375
19 0.4171875 0.9765625 0.0171875 0.0375
3 0.4171875 0.9703125 0.0078125 0.015625
19 0.3515625 0.9734375 0.015625 0.04375
3 0.3515625 0.9671875 0.0078125 0.021875
19 0.2859375 0.9765625 0.0171875 0.0375
3 0.2859375 0.971875 0.0078125 0.015625
27 0.290625 0.1796875 0.0078125 0.0078125
27 0.290625 0.3296875 0.009375 0.00625
27 0.290625 0.475 0.0078125 0.0046875
27 0.2875 0.784375 0.0078125 0.0046875
27 0.2859375 0.9859375 0.0078125 0.0046875
27 0.3515625 0.9859375 0.009375 0.0046875
27 0.3515625 0.784375 0.009375 0.00625
27 0.4265625 0.840625 0.0203125 0.0109375
27 0.3609375 0.840625 0.015625 0.0203125