3 0.61875 0.259375 0.2640625 0.028125
3 0.528125 0.225 0.0828125 0.0140625
3 0.7265625 0.3484375 0.484375 0.0984375
3 0.7234375 0.46875 0.48125 0.1
3 0.7328125 0.5890625 0.5 0.1
3 0.5109375 0.7234375 0.046875 0.021875
3 0.5109375 0.6953125 0.05 0.015625
3 0.628125 0.721875 0.0265625 0.0171875
3 0.646875 0.6953125 0.0625 0.015625
3 0.7578125 0.721875 0.025 0.01875
3 0.7734375 0.6953125 0.05625 0.015625
3 0.9015625 0.721875 0.05625 0.0234375
3 0.8953125 0.6953125 0.0453125 0.0140625
15 0.590625 0.7828125 0.20625 0.025
3 0.5828125 0.784375 0.1703125 0.0109375
27 0.6796875 0.7828125 0.009375 0.0109375
16 0.2171875 0.4203125 0.3640625 0.415625
3 0.20625 0.5234375 0.3078125 0.1015625
3 0.1453125 0.609375 0.0859375 0.0125
3 0.14375 0.5921875 0.078125 0.0140625
11 0.075 0.6 0.0359375 0.034375