16 0.4953125 0.76875 0.540625 0.371875
3 0.4484375 0.8546875 0.0140625 0.0875
3 0.340625 0.76875 0.0109375 0.1
15 0.290625 0.8484375 0.0484375 0.146875
3 0.290625 0.8375 0.0125 0.04375
15 0.290625 0.690625 0.0484375 0.146875
3 0.290625 0.6796875 0.0109375 0.0609375
3 0.475 0.6671875 0.015625 0.096875
3 0.66875 0.6453125 0.0140625 0.0453125
3 0.70625 0.8859375 0.0296875 0.071875
3 0.66875 0.821875 0.01875 0.1984375
3 0.6203125 0.878125 0.0125 0.0875
3 0.5421875 0.890625 0.0125 0.0609375
15 0.390625 0.7703125 0.046875 0.303125
3 0.390625 0.76875 0.0125 0.040625
38 0.5890625 0.76875 0.040625 0.303125
38 0.5125 0.76875 0.040625 0.303125
18 0.4484375 0.9140625 0.0171875 0.0171875
23 0.340625 0.8765625 0.003125 0.090625
23 0.340625 0.6640625 0.0046875 0.0921875
16 0.425 0.23125 0.3703125 0.4609375