22 0.4875 0.478125 0.484375 0.340625
3 0.303125 0.6171875 0.084375 0.0203125
38 0.4875 0.546875 0.446875 0.0375
3 0.290625 0.575 0.0359375 0.0125
38 0.409375 0.475 0.290625 0.0359375
3 0.2875 0.503125 0.0265625 0.0109375
38 0.409375 0.403125 0.290625 0.0375
3 0.2984375 0.43125 0.046875 0.0125
15 0.6 0.34375 0.0703125 0.0359375
3 0.6 0.34375 0.04375 0.0125
15 0.675 0.3453125 0.06875 0.034375
3 0.675 0.34375 0.028125 0.0125
27 0.7 0.61875 0.015625 0.0171875
20 0.6390625 0.4765625 0.14375 0.0375
20 0.6390625 0.403125 0.14375 0.0375