16 0.4984375 0.209375 0.971875 0.35625
16 0.4984375 0.4953125 0.971875 0.1703125
16 0.4984375 0.7875 0.9703125 0.365625
3 0.09375 0.071875 0.1125 0.0171875
3 0.24375 0.0984375 0.415625 0.0140625
16 0.2625 0.2453125 0.4546875 0.234375
3 0.1015625 0.159375 0.0875 0.01875
3 0.1078125 0.196875 0.096875 0.0125
3 0.146875 0.228125 0.175 0.025
3 0.253125 0.26875 0.3875 0.0125
15 0.2625 0.3203125 0.4109375 0.046875
3 0.2609375 0.3203125 0.090625 0.015625
16 0.734375 0.2453125 0.4546875 0.2359375
3 0.6046875 0.159375 0.15 0.015625
16 0.734375 0.2328125 0.4125 0.0921875
3 0.5796875 0.2296875 0.075 0.009375
3 0.5765625 0.2109375 0.0671875 0.0109375
3 0.65625 0.2296875 0.0328125 0.0140625
3 0.625 0.2546875 0.0890625 0.0109375
15 0.734375 0.3203125 0.4125 0.04375
3 0.734375 0.3203125 0.096875 0.0140625
27 0.5546875 0.2546875 0.025 0.015625
27 0.915625 0.2546875 0.0078125 0.015625
27 0.9171875 0.209375 0.01875 0.01875
3 0.1140625 0.446875 0.159375 0.0203125
3 0.246875 0.446875 0.0875 0.0125
3 0.0890625 0.490625 0.109375 0.0140625
3 0.171875 0.5484375 0.275 0.0171875
3 0.91875 0.4890625 0.08125 0.0140625
3 0.9140625 0.5484375 0.090625 0.0140625
23 0.4984375 0.5203125 0.9609375 0.0046875
3 0.096875 0.6421875 0.1265625 0.01875
21 0.4984375 0.8125 0.95625 0.2875