16 0.30625 0.4984375 0.6015625 0.8859375
3 0.10625 0.2421875 0.1546875 0.025
3 0.1515625 0.3109375 0.2453125 0.0140625
3 0.0421875 0.2875 0.0265625 0.0140625
3 0.3765625 0.3109375 0.121875 0.0171875
3 0.3359375 0.2890625 0.04375 0.0125
3 0.378125 0.36875 0.125 0.015625
3 0.3390625 0.346875 0.0453125 0.0140625
3 0.1015625 0.36875 0.1453125 0.01875
3 0.08125 0.346875 0.1046875 0.0140625
15 0.09375 0.4203125 0.128125 0.0359375
3 0.09375 0.421875 0.0953125 0.015625
15 0.2640625 0.4203125 0.1921875 0.0359375
3 0.2640625 0.421875 0.1578125 0.015625
37 0.30625 0.6921875 0.575 0.4703125
3 0.071875 0.471875 0.078125 0.0125
3 0.1640625 0.4703125 0.0703125 0.0109375
3 0.2515625 0.4703125 0.0671875 0.0125
3 0.3453125 0.4703125 0.0796875 0.0140625
16 0.8078125 0.5 0.371875 0.8859375
24 0.8078125 0.8546875 0.3296875 0.1296875
3 0.7265625 0.815625 0.140625 0.0140625
3 0.803125 0.85625 0.290625 0.0296875
3 0.6890625 0.8984375 0.065625 0.0140625
24 0.80625 0.7375 0.328125 0.078125
3 0.70625 0.721875 0.096875 0.015625
3 0.73125 0.7546875 0.146875 0.0140625
16 0.80625 0.5671875 0.328125 0.23125
3 0.703125 0.6625 0.05625 0.0125
3 0.696875 0.63125 0.0765625 0.0125
3 0.715625 0.6015625 0.11875 0.015625
3 0.715625 0.5703125 0.11875 0.0125
3 0.715625 0.5390625 0.084375 0.0140625
3 0.70625 0.5078125 0.0609375 0.0109375
27 0.3875 0.421875 0.00625 0.015625
27 0.665625 0.6609375 0.0140625 0.0140625
27 0.6640625 0.5078125 0.0078125 0.0125
27 0.6640625 0.5375 0.0140625 0.0140625
27 0.946875 0.4734375 0.0171875 0.0171875
16 0.80625 0.38125 0.328125 0.109375
27 0.6640625 0.384375 0.0109375 0.0140625
27 0.6640625 0.4140625 0.0125 0.0125
27 0.9484375 0.35 0.0171875 0.0171875
16 0.8078125 0.11875 0.3296875 0.0765625
27 0.9484375 0.103125 0.015625 0.015625
19 0.5421875 0.09375 0.0875 0.0265625
3 0.5421875 0.09375 0.065625 0.0125
16 0.0890625 0.140625 0.1203125 0.1203125
3 0.6765625 0.103125 0.0390625 0.0125
3 0.7359375 0.1375 0.1578125 0.0109375
24 0.8078125 0.2421875 0.3296875 0.140625
3 0.6921875 0.196875 0.071875 0.0125
3 0.70625 0.2296875 0.0625 0.0109375
3 0.6953125 0.259375 0.040625 0.0109375
3 0.7234375 0.2921875 0.1328125 0.0140625
3 0.7140625 0.475 0.1140625 0.0171875
3 0.6921875 0.3515625 0.071875 0.0125
3 0.7359375 0.384375 0.1265625 0.0140625
3 0.715625 0.415625 0.084375 0.0125
40 0.1578125 0.715625 0.2671875 0.415625
3 0.1125 0.5234375 0.1109375 0.0140625
3 0.1203125 0.546875 0.125 0.0140625
3 0.109375 0.584375 0.1015625 0.0125
3 0.20625 0.5859375 0.084375 0.0140625
3 0.1359375 0.6078125 0.1578125 0.015625
3 0.2515625 0.609375 0.0671875 0.0140625
3 0.084375 0.6296875 0.0578125 0.0125
3 0.11875 0.6734375 0.121875 0.015625
3 0.1203125 0.6953125 0.125 0.0125
3 0.1140625 0.7359375 0.1125 0.0140625
3 0.21875 0.7375 0.0921875 0.0140625
3 0.0953125 0.759375 0.078125 0.0140625
3 0.084375 0.7828125 0.0578125 0.0125
3 0.18125 0.7609375 0.0875 0.0140625
3 0.1125 0.825 0.1078125 0.0125
3 0.1203125 0.8484375 0.1265625 0.0125
3 0.1 0.8890625 0.084375 0.0125
3 0.1203125 0.9125 0.1265625 0.0125