16 0.409375 0.865625 0.453125 0.2671875
3 0.59375 0.9875 0.0171875 0.0234375
16 0.409375 0.184375 0.453125 0.3453125
3 0.59375 0.2921875 0.0140625 0.065625
16 0.409375 0.54375 0.453125 0.34375
3 0.59375 0.6609375 0.0140625 0.0515625
3 0.4 0.978125 0.0140625 0.04375
3 0.559375 0.8953125 0.0171875 0.209375
3 0.559375 0.1953125 0.0140625 0.2625
3 0.5546875 0.5609375 0.01875 0.2578125
3 0.3984375 0.625 0.0125 0.075
3 0.2921875 0.1796875 0.015625 0.240625
3 0.290625 0.5703125 0.0140625 0.1828125
3 0.775 0.5453125 0.01875 0.603125
3 0.675 0.5 0.0140625 0.0625
3 0.3640625 0.2390625 0.0140625 0.128125
3 0.3296875 0.9671875 0.0140625 0.065625
3 0.3625 0.590625 0.0140625 0.146875
3 0.4015625 0.2453125 0.0140625 0.1171875
3 0.675 0.590625 0.0140625 0.0578125
3 0.3640625 0.94375 0.0140625 0.1125
19 0.5921875 0.4453125 0.0234375 0.08125
3 0.5921875 0.4453125 0.0125 0.06875
3 0.328125 0.24375 0.0140625 0.115625
3 0.25625 0.23125 0.015625 0.1375
3 0.3265625 0.603125 0.0140625 0.1203125
3 0.2921875 0.91875 0.0140625 0.1625
3 0.75 0.54375 0.015625 0.390625
3 0.2546875 0.5921875 0.0140625 0.1421875
3 0.49375 0.9625 0.0125 0.0453125
3 0.4921875 0.6015625 0.0125 0.0453125
15 0.4484375 0.54375 0.0359375 0.2828125
3 0.45 0.5453125 0.0125 0.0734375
3 0.49375 0.240625 0.0125 0.0453125
3 0.2203125 0.2296875 0.015625 0.1421875
3 0.5359375 0.6578125 0.0125 0.0578125
15 0.4515625 0.88125 0.0359375 0.2359375
3 0.4515625 0.9046875 0.0125 0.071875
3 0.5375 0.296875 0.0125 0.0578125
15 0.4515625 0.1828125 0.0375 0.2828125
3 0.4515625 0.1828125 0.0125 0.071875
3 0.809375 0.546875 0.0171875 0.4859375
27 0.3984375 0.315625 0.009375 0.0140625
27 0.3625 0.315625 0.009375 0.0140625
27 0.396875 0.675 0.0109375 0.0140625
27 0.3265625 0.315625 0.0109375 0.0140625
27 0.359375 0.675 0.0109375 0.0140625
27 0.290625 0.315625 0.0109375 0.0140625
27 0.2546875 0.315625 0.0109375 0.0140625
27 0.325 0.675 0.0109375 0.0140625
27 0.2890625 0.675 0.0109375 0.0140625
27 0.21875 0.315625 0.009375 0.0140625
27 0.253125 0.675 0.0109375 0.0140625
3 0.5015625 0.296875 0.0296875 0.053125
3 0.4984375 0.65625 0.03125 0.053125