32 0.7640625 0.4296875 0.025 0.025
3 0.1375 0.3375 0.2546875 0.028125
32 0.7296875 0.4296875 0.0265625 0.0265625
3 0.3125 0.64375 0.60625 0.03125
3 0.709375 0.3359375 0.059375 0.0234375
3 0.0421875 0.4390625 0.0671875 0.0140625
15 0.834375 0.6546875 0.315625 0.0390625
3 0.8359375 0.6546875 0.0828125 0.0125
32 0.69375 0.4296875 0.03125 0.0328125
3 0.1015625 0.5609375 0.178125 0.0140625
3 0.078125 0.521875 0.1296875 0.0125
3 0.0875 0.5796875 0.1453125 0.0125
3 0.3203125 0.3890625 0.6203125 0.0578125
3 0.0328125 0.6109375 0.04375 0.0109375
3 0.0734375 0.5421875 0.1171875 0.0125
3 0.071875 0.484375 0.115625 0.0125
3 0.071875 0.503125 0.115625 0.0125
33 0.71875 0.3671875 0.075 0.0140625
3 0.0984375 0.4671875 0.1703125 0.0140625
15 0.7046875 0.515625 0.0546875 0.053125
3 0.7046875 0.515625 0.025 0.0140625
15 0.8359375 0.5796875 0.096875 0.0515625
3 0.8359375 0.5796875 0.0203125 0.009375
15 0.94375 0.5796875 0.0984375 0.053125
3 0.94375 0.5796875 0.0203125 0.009375
15 0.7703125 0.515625 0.0546875 0.053125
3 0.76875 0.515625 0.015625 0.0125
15 0.7265625 0.5796875 0.096875 0.053125
3 0.7265625 0.5796875 0.015625 0.0125
15 0.834375 0.515625 0.053125 0.053125
3 0.8359375 0.5171875 0.0078125 0.0125
15 0.9 0.515625 0.0546875 0.053125
3 0.9015625 0.5171875 0.0125 0.0109375
15 0.965625 0.515625 0.053125 0.0515625
3 0.965625 0.515625 0.0078125 0.0125
3 0.9546875 0.475 0.0625 0.0109375
3 0.690625 0.475 0.028125 0.0140625
3 0.8078125 0.3671875 0.0625 0.009375
3 0.6953125 0.3984375 0.03125 0.0125