38 0.1375 0.190625 0.2375 0.04375
20 0.33125 0.190625 0.1265625 0.0421875
15 0.59375 0.1921875 0.1234375 0.0375
3 0.60625 0.1921875 0.0671875 0.0140625
27 0.5546875 0.1921875 0.0109375 0.0125
16 0.8390625 0.5 0.3125 0.6890625
20 0.903125 0.1921875 0.1375 0.0296875
3 0.7515625 0.190625 0.0953125 0.015625
3 0.7796875 0.2296875 0.1515625 0.0140625
3 0.7875 0.2578125 0.1703125 0.0125
3 0.7359375 0.2828125 0.06875 0.0125
3 0.84375 0.3296875 0.14375 0.0140625
3 0.7953125 0.35 0.046875 0.009375
3 0.7828125 0.365625 0.021875 0.0109375
3 0.84375 0.35 0.04375 0.0109375
3 0.8234375 0.365625 0.0515625 0.009375
3 0.7890625 0.3859375 0.034375 0.0109375
3 0.81875 0.4296875 0.0953125 0.0140625
3 0.7953125 0.4484375 0.046875 0.009375
3 0.84375 0.4484375 0.04375 0.009375
3 0.796875 0.4703125 0.0515625 0.0125
3 0.8265625 0.5125 0.1109375 0.0125
3 0.7953125 0.5328125 0.046875 0.0109375
3 0.8359375 0.53125 0.0265625 0.0078125
3 0.8203125 0.5484375 0.040625 0.009375
3 0.784375 0.5484375 0.025 0.009375
3 0.7890625 0.5703125 0.034375 0.0109375
23 0.8734375 0.40625 0.1984375 0.003125
23 0.8375 0.3078125 0.30625 0.003125
23 0.8703125 0.490625 0.2015625 0.0015625
23 0.8390625 0.7328125 0.271875 0.003125
16 0.5 0.6984375 0.3109375 0.3015625
23 0.496875 0.6453125 0.284375 0.00625
23 0.5015625 0.7578125 0.2890625 0.0046875
16 0.1734375 0.696875 0.3140625 0.3015625
23 0.1765625 0.759375 0.2859375 0.00625
23 0.175 0.64375 0.284375 0.0046875
16 0.175 0.3828125 0.3140625 0.315625
23 0.175 0.4375 0.28125 0.00625
16 0.4984375 0.38125 0.3171875 0.315625
23 0.5 0.4390625 0.284375 0.0046875
23 0.496875 0.321875 0.284375 0.00625
23 0.1765625 0.3234375 0.2875 0.0046875
28 0.7296875 0.346875 0.0546875 0.053125
28 0.7296875 0.446875 0.0578125 0.05625
28 0.7296875 0.5296875 0.0546875 0.053125
3 0.728125 0.6828125 0.0515625 0.0109375
3 0.7296875 0.7125 0.0546875 0.0125
3 0.95 0.6828125 0.04375 0.0140625
3 0.953125 0.7125 0.0375 0.0125
3 0.9453125 0.7546875 0.053125 0.015625
3 0.7203125 0.7546875 0.0328125 0.0125
15 0.8140625 0.8015625 0.221875 0.0390625
3 0.8140625 0.803125 0.053125 0.0109375
27 0.953125 0.8015625 0.00625 0.0171875
3 0.128125 0.2671875 0.0875 0.009375
3 0.125 0.2515625 0.08125 0.0125
19 0.2859375 0.25 0.065625 0.0234375
3 0.2859375 0.2515625 0.046875 0.009375
3 0.290625 0.2984375 0.0515625 0.0125
3 0.084375 0.2984375 0.1 0.0109375
3 0.240625 0.34375 0.0171875 0.0109375
3 0.3046875 0.34375 0.0234375 0.0109375
3 0.0453125 0.34375 0.028125 0.0109375
3 0.10625 0.371875 0.1484375 0.0140625
3 0.096875 0.3953125 0.1265625 0.0125
3 0.084375 0.41875 0.103125 0.0125
3 0.240625 0.371875 0.0046875 0.0109375
3 0.240625 0.3953125 0.0078125 0.0109375
3 0.2421875 0.4171875 0.0046875 0.009375
3 0.2984375 0.3953125 0.0390625 0.0125
3 0.3 0.3734375 0.0375 0.0125
3 0.3 0.4171875 0.0359375 0.0125
3 0.2953125 0.459375 0.04375 0.0125
3 0.05 0.459375 0.034375 0.0125
15 0.1015625 0.5046875 0.1359375 0.0375
3 0.1015625 0.5046875 0.0703125 0.0125
15 0.25 0.5046875 0.1375 0.0375
3 0.2515625 0.50625 0.0546875 0.0125
3 0.3734375 0.459375 0.034375 0.0140625
3 0.61875 0.459375 0.04375 0.0140625
15 0.5734375 0.5046875 0.1359375 0.0375
3 0.5734375 0.50625 0.053125 0.015625
15 0.4234375 0.5046875 0.1375 0.0375
3 0.425 0.50625 0.071875 0.0125
3 0.6140625 0.3 0.0515625 0.0125
3 0.628125 0.34375 0.028125 0.0078125
3 0.5640625 0.34375 0.0203125 0.009375
3 0.3703125 0.3453125 0.028125 0.009375
3 0.41875 0.371875 0.125 0.0125
3 0.5640625 0.371875 0.00625 0.0109375
3 0.6234375 0.371875 0.0375 0.0140625
3 0.621875 0.4171875 0.0359375 0.0125
3 0.621875 0.3953125 0.040625 0.0109375
3 0.5640625 0.3953125 0.00625 0.0109375
3 0.5640625 0.4171875 0.00625 0.009375
3 0.4046875 0.41875 0.0984375 0.0109375
3 0.3984375 0.3953125 0.084375 0.0125
3 0.4078125 0.3015625 0.1015625 0.0125
3 0.4515625 0.2671875 0.0875 0.0109375
3 0.4484375 0.2515625 0.0828125 0.0125
3 0.121875 0.5890625 0.08125 0.009375
3 0.125 0.571875 0.08125 0.0125
19 0.296875 0.571875 0.04375 0.0234375
3 0.296875 0.571875 0.0265625 0.0109375
3 0.084375 0.621875 0.103125 0.0109375
3 0.2921875 0.6203125 0.053125 0.0109375
3 0.046875 0.6671875 0.0296875 0.0109375
3 0.240625 0.665625 0.01875 0.009375
3 0.30625 0.665625 0.0265625 0.0109375
3 0.3 0.69375 0.034375 0.0125
3 0.3 0.715625 0.0375 0.0109375
3 0.2984375 0.7390625 0.0421875 0.0125
3 0.2421875 0.740625 0.00625 0.009375
3 0.240625 0.715625 0.0078125 0.0109375
3 0.240625 0.69375 0.009375 0.0109375
3 0.05 0.78125 0.0359375 0.0140625
3 0.2953125 0.7796875 0.0453125 0.0125
15 0.25 0.8265625 0.1375 0.0375
3 0.25 0.828125 0.05625 0.0140625
15 0.1015625 0.8265625 0.1359375 0.0375
3 0.1 0.828125 0.0734375 0.015625
3 0.090625 0.69375 0.1140625 0.0125
3 0.0765625 0.7390625 0.0875 0.0109375
3 0.071875 0.7171875 0.0765625 0.0109375
3 0.45 0.5890625 0.0875 0.009375
3 0.4359375 0.5734375 0.059375 0.0140625
19 0.621875 0.571875 0.040625 0.0234375
3 0.621875 0.5734375 0.0234375 0.009375
3 0.40625 0.621875 0.1015625 0.0125
3 0.615625 0.621875 0.05625 0.0125
3 0.36875 0.665625 0.0265625 0.0109375
3 0.5640625 0.665625 0.0171875 0.0109375
3 0.6296875 0.665625 0.0234375 0.0109375
3 0.6234375 0.69375 0.0359375 0.0140625
3 0.621875 0.715625 0.0390625 0.0125
3 0.6234375 0.7390625 0.0375 0.0125
3 0.5640625 0.69375 0.0046875 0.009375
3 0.5640625 0.7171875 0.0078125 0.0109375
3 0.5640625 0.7390625 0.0046875 0.0109375
3 0.61875 0.7796875 0.046875 0.0140625
3 0.3734375 0.7796875 0.0359375 0.0140625
3 0.390625 0.7390625 0.0703125 0.0125
3 0.4 0.7171875 0.0890625 0.0125
3 0.4046875 0.69375 0.096875 0.0125
15 0.5734375 0.8265625 0.1375 0.0359375
3 0.5734375 0.828125 0.053125 0.0140625
15 0.425 0.8265625 0.1390625 0.0359375
3 0.425 0.828125 0.071875 0.0125
19 0.6046875 0.25 0.071875 0.021875
3 0.6046875 0.2515625 0.0546875 0.009375
27 0.0515625 0.5796875 0.0375 0.0375
27 0.375 0.5796875 0.0375 0.0359375
27 0.375 0.2578125 0.0359375 0.0375
25 0.0515625 0.2578125 0.0359375 0.034375