17 0.5 0.2203125 0.5015625 0.440625
16 0.5390625 0.8140625 0.425 0.3
3 0.715625 0.8796875 0.0171875 0.121875
3 0.6953125 0.884375 0.009375 0.1125
3 0.7171875 0.70625 0.0109375 0.0375
28 0.71875 0.7375 0.0203125 0.015625
15 0.6578125 0.8140625 0.025 0.253125
27 0.6578125 0.85625 0.0140625 0.0140625
3 0.6578125 0.8046875 0.009375 0.078125
23 0.6125 0.896875 0.0015625 0.0875
23 0.6125 0.73125 0.0015625 0.0875
15 0.6125 0.8140625 0.0171875 0.0625
3 0.6140625 0.8125 0.0078125 0.009375
3 0.575 0.8140625 0.009375 0.103125
38 0.534375 0.8140625 0.0390625 0.2515625
38 0.478125 0.8140625 0.0390625 0.253125
3 0.4390625 0.884375 0.009375 0.06875
3 0.4375 0.725 0.009375 0.071875
15 0.403125 0.8140625 0.028125 0.253125
3 0.403125 0.8140625 0.009375 0.03125
3 0.3609375 0.7390625 0.0078125 0.09375
18 0.4390625 0.9328125 0.0125 0.0125
23 0.3765625 0.8140625 0.0015625 0.253125