10 0.5 0.0453125 0.415625 0.0890625
3 0.415625 0.0484375 0.1328125 0.025
27 0.328125 0.0453125 0.03125 0.0296875
27 0.665625 0.0453125 0.0296875 0.0265625
3 0.3625 0.128125 0.1140625 0.0296875
37 0.5 0.5859375 0.415625 0.828125
3 0.365625 0.19375 0.0671875 0.015625
3 0.5125 0.196875 0.1078125 0.0171875
3 0.659375 0.1984375 0.096875 0.0203125
16 0.4984375 0.3578125 0.390625 0.2578125
3 0.4421875 0.440625 0.0671875 0.0171875
15 0.553125 0.4390625 0.1015625 0.0515625
3 0.553125 0.440625 0.0359375 0.015625
16 0.5 0.7359375 0.3921875 0.4796875
38 0.4984375 0.571875 0.34375 0.053125
3 0.365625 0.53125 0.0453125 0.015625
38 0.4984375 0.6671875 0.34375 0.0546875
3 0.378125 0.6265625 0.06875 0.0171875
38 0.4984375 0.7640625 0.3453125 0.053125
3 0.3640625 0.721875 0.0421875 0.015625
7 0.4984375 0.859375 0.34375 0.0515625
3 0.3984375 0.81875 0.109375 0.015625
15 0.4109375 0.928125 0.1671875 0.0515625
3 0.4109375 0.9296875 0.059375 0.01875
15 0.5875 0.928125 0.165625 0.0515625
3 0.5859375 0.9296875 0.040625 0.0171875
11 0.4984375 0.325 0.1421875 0.14375