3 0.5 0.2578125 0.4359375 0.03125
3 0.5 0.2265625 0.1375 0.0140625
24 0.5 0.35 0.9234375 0.03125
3 0.0546875 0.3203125 0.0375 0.009375
24 0.4984375 0.665625 0.9203125 0.03125
24 0.4984375 0.634375 0.921875 0.028125
3 0.0578125 0.6046875 0.0484375 0.0109375
24 0.5 0.3828125 0.925 0.03125
24 0.4984375 0.415625 0.9234375 0.0296875
24 0.4984375 0.4484375 0.9234375 0.0296875
24 0.4984375 0.48125 0.921875 0.028125
24 0.4984375 0.515625 0.921875 0.0328125
24 0.5 0.5515625 0.921875 0.0328125
24 0.4984375 0.7 0.921875 0.0296875
24 0.5 0.7328125 0.921875 0.03125
24 0.5 0.7703125 0.9234375 0.0359375