16 0.5046875 0.5 0.478125 1
27 0.321875 0.9375 0.028125 0.0328125
3 0.6234375 0.9375 0.240625 0.0328125
3 0.678125 0.8328125 0.0828125 0.0234375
3 0.409375 0.8359375 0.1640625 0.0265625
3 0.3828125 0.6234375 0.1015625 0.0421875
3 0.665625 0.625 0.0953125 0.0421875
3 0.6765625 0.4734375 0.084375 0.025
3 0.409375 0.4734375 0.1640625 0.025
3 0.65 0.2765625 0.134375 0.0453125
3 0.39375 0.278125 0.1265625 0.046875
15 0.521875 0.071875 0.4359375 0.0703125
3 0.521875 0.071875 0.14375 0.025
27 0.5234375 0.54375 0.0359375 0.0296875
27 0.5671875 0.278125 0.0171875 0.009375
27 0.6 0.625 0.0203125 0.0109375
28 0.521875 0.7265625 0.0921875 0.09375
28 0.5203125 0.378125 0.0953125 0.0953125