16 0.5015625 0.4890625 0.9953125 0.59375
14 0.06875 0.80625 0.134375 0.00625
16 0.1796875 0.628125 0.309375 0.271875
16 0.503125 0.628125 0.30625 0.2734375
16 0.825 0.628125 0.309375 0.26875
16 0.8265625 0.340625 0.309375 0.271875
16 0.503125 0.340625 0.30625 0.2734375
16 0.1796875 0.340625 0.3078125 0.271875
28 0.078125 0.7125 0.078125 0.0765625
28 0.4015625 0.7109375 0.0796875 0.0796875
28 0.0796875 0.4234375 0.078125 0.078125
28 0.4015625 0.4234375 0.078125 0.0796875
28 0.725 0.4234375 0.078125 0.078125
16 0.7265625 0.7109375 0.078125 0.0765625
16 0.8265625 0.5484375 0.278125 0.084375
16 0.503125 0.5484375 0.278125 0.0859375
16 0.1796875 0.55 0.278125 0.084375
16 0.1796875 0.2625 0.278125 0.084375
16 0.503125 0.2625 0.278125 0.0859375
16 0.8265625 0.2609375 0.278125 0.084375
3 0.1984375 0.734375 0.1296875 0.0125
3 0.146875 0.7171875 0.0265625 0.009375
3 0.159375 0.684375 0.0484375 0.015625
3 0.0703125 0.653125 0.0625 0.0125
3 0.1625 0.6203125 0.25 0.025
3 0.06875 0.571875 0.0328125 0.0125
3 0.078125 0.53125 0.05 0.0125
3 0.28125 0.5671875 0.025 0.0109375
3 0.284375 0.5265625 0.0234375 0.0109375
3 0.5171875 0.7296875 0.1203125 0.028125
3 0.471875 0.7 0.028125 0.009375
3 0.4796875 0.678125 0.0484375 0.0125
3 0.39375 0.6515625 0.0609375 0.0125
3 0.4875 0.61875 0.2484375 0.0265625
3 0.3921875 0.571875 0.0328125 0.0125
3 0.6046875 0.5671875 0.0265625 0.0109375
3 0.4015625 0.53125 0.0515625 0.0109375
3 0.6078125 0.5265625 0.0234375 0.0125
3 0.8375 0.7359375 0.115625 0.0109375
3 0.79375 0.7171875 0.028125 0.009375
3 0.80625 0.684375 0.0484375 0.0125
3 0.7171875 0.6515625 0.059375 0.0125
3 0.8109375 0.6203125 0.246875 0.025
3 0.7171875 0.571875 0.034375 0.0109375
27 0.903125 0.5671875 0.0109375 0.0125
3 0.928125 0.5671875 0.0265625 0.0109375
3 0.93125 0.5265625 0.0234375 0.0125
3 0.725 0.53125 0.0484375 0.0125
3 0.8359375 0.446875 0.109375 0.0125
3 0.7953125 0.4296875 0.028125 0.0109375
3 0.8046875 0.396875 0.05 0.0125
3 0.7171875 0.3640625 0.0609375 0.0140625
3 0.8109375 0.3328125 0.246875 0.0265625
3 0.7171875 0.2828125 0.0328125 0.0109375
3 0.725 0.24375 0.05 0.0109375
27 0.903125 0.2796875 0.0078125 0.0140625
3 0.928125 0.2796875 0.0265625 0.0109375
3 0.9296875 0.2390625 0.025 0.0109375
27 0.5796875 0.2796875 0.0078125 0.0125
3 0.6046875 0.2796875 0.0265625 0.0109375
3 0.60625 0.2390625 0.0234375 0.0109375
3 0.39375 0.284375 0.0328125 0.0125
3 0.4015625 0.24375 0.05 0.0109375
27 0.25625 0.2796875 0.009375 0.0109375
3 0.28125 0.2796875 0.0265625 0.0125
3 0.2828125 0.2390625 0.025 0.0125
3 0.0765625 0.24375 0.05 0.0109375
3 0.06875 0.284375 0.0328125 0.0109375
3 0.0703125 0.3640625 0.0609375 0.0140625
3 0.1625 0.33125 0.2484375 0.025
3 0.15625 0.3953125 0.0515625 0.0125
3 0.146875 0.4296875 0.0265625 0.009375
3 0.196875 0.446875 0.1296875 0.015625
3 0.5171875 0.4484375 0.1203125 0.0125
3 0.471875 0.4296875 0.0265625 0.0109375
3 0.48125 0.396875 0.05 0.015625
3 0.39375 0.3640625 0.0625 0.0140625
3 0.4859375 0.33125 0.2484375 0.0265625
27 0.3 0.734375 0.0125 0.00625
27 0.25625 0.5671875 0.009375 0.0109375
27 0.3 0.446875 0.0125 0.0046875
27 0.6234375 0.446875 0.0140625 0.0078125
27 0.946875 0.446875 0.0125 0.00625
27 0.946875 0.734375 0.0140625 0.0078125
27 0.6234375 0.734375 0.0125 0.00625
31 0.88125 0.5265625 0.0515625 0.0078125
31 0.5578125 0.5265625 0.05 0.0078125
31 0.88125 0.2390625 0.0515625 0.0078125
31 0.5578125 0.2390625 0.0484375 0.0078125
31 0.234375 0.2390625 0.0515625 0.0078125
31 0.234375 0.5265625 0.05 0.009375
23 0.178125 0.5484375 0.2515625 0.003125
23 0.178125 0.2609375 0.25 0.003125
23 0.503125 0.2609375 0.2515625 0.0046875
23 0.8265625 0.2609375 0.2515625 0.003125
23 0.8265625 0.5484375 0.2515625 0.003125
23 0.503125 0.5484375 0.253125 0.003125
27 0.5796875 0.5671875 0.0078125 0.0125