27 0.9921875 0.2890625 0.015625 0.0421875
27 0.9921875 0.665625 0.015625 0.0328125
27 0.9921875 0.728125 0.0140625 0.025
16 0.4765625 0.5015625 0.9515625 0.4828125
27 0.8921875 0.6984375 0.03125 0.028125
3 0.890625 0.4109375 0.03125 0.23125
3 0.7921875 0.3578125 0.0234375 0.078125
3 0.7953125 0.615625 0.0265625 0.15625
3 0.5921875 0.640625 0.040625 0.096875
3 0.59375 0.36875 0.0390625 0.0921875
3 0.4484375 0.359375 0.0234375 0.0796875
3 0.4484375 0.6140625 0.0234375 0.15625
3 0.2609375 0.384375 0.0421875 0.128125
3 0.2609375 0.6296875 0.0453125 0.1203125
15 0.065625 0.50625 0.0671875 0.415625
3 0.065625 0.50625 0.0234375 0.1375
27 0.515625 0.50625 0.028125 0.034375
27 0.2609375 0.4640625 0.009375 0.015625
27 0.59375 0.4328125 0.0109375 0.01875
28 0.690625 0.5078125 0.0890625 0.0875
28 0.3578125 0.5078125 0.0921875 0.090625