5 0.09375 0.5 0.1859375 0.7140625
10 0.5953125 0.165625 0.809375 0.0453125
38 0.3765625 0.1609375 0.33125 0.0328125
27 0.8328125 0.1609375 0.0171875 0.0171875
12 0.8671875 0.1609375 0.015625 0.0171875
11 0.9078125 0.1609375 0.03125 0.03125
3 0.959375 0.1546875 0.0625 0.009375
3 0.9421875 0.16875 0.0265625 0.0078125
16 0.334375 0.246875 0.25 0.0875
16 0.6015625 0.246875 0.2546875 0.0875
16 0.8671875 0.246875 0.25 0.0875
16 0.5984375 0.578125 0.78125 0.5484375
3 0.2953125 0.328125 0.1453125 0.0171875
3 0.3921875 0.328125 0.0375 0.015625
21 0.6 0.5984375 0.753125 0.48125
15 0.8546875 0.33125 0.0765625 0.0265625
3 0.84375 0.3328125 0.0359375 0.0109375
15 0.940625 0.33125 0.075 0.0265625
3 0.9328125 0.3328125 0.0328125 0.0109375
27 0.8734375 0.33125 0.009375 0.0046875
27 0.9578125 0.3328125 0.009375 0.0109375
3 0.859375 0.225 0.0859375 0.0109375
3 0.8328125 0.246875 0.034375 0.0140625
3 0.88125 0.26875 0.1296875 0.009375
3 0.5875 0.225 0.078125 0.009375
3 0.559375 0.2453125 0.0203125 0.0140625
3 0.6125 0.26875 0.128125 0.009375
3 0.315625 0.225 0.0640625 0.0109375
3 0.3 0.2453125 0.0328125 0.0125
3 0.359375 0.26875 0.1515625 0.009375
27 0.2484375 0.2453125 0.015625 0.0171875
27 0.5140625 0.2453125 0.0171875 0.015625
27 0.7828125 0.2453125 0.0171875 0.0109375