16 0.753125 0.6375 0.4921875 0.13125
16 0.2484375 0.6328125 0.4953125 0.1390625
16 0.3375 0.45625 0.6734375 0.19375
16 0.8421875 0.428125 0.3140625 0.25
28 0.965625 0.646875 0.0671875 0.10625
28 0.84375 0.49375 0.3125 0.1125
28 0.05 0.6421875 0.0984375 0.1078125
33 0.4296875 0.6609375 0.096875 0.0140625
3 0.33125 0.6625 0.0796875 0.0109375
3 0.4265625 0.6953125 0.1078125 0.0109375
3 0.3109375 0.625 0.3375 0.0234375
3 0.4609375 0.584375 0.0390625 0.009375
3 0.403125 0.584375 0.0375 0.009375
3 0.15625 0.49375 0.0078125 0.0109375
3 0.13125 0.4953125 0.040625 0.0171875
3 0.096875 0.49375 0.021875 0.0078125
3 0.1234375 0.465625 0.071875 0.0078125
3 0.1234375 0.453125 0.084375 0.0078125
15 0.121875 0.40625 0.0828125 0.0234375
3 0.1234375 0.40625 0.0578125 0.0078125
3 0.3296875 0.415625 0.0828125 0.0078125
3 0.3265625 0.3875 0.0890625 0.009375
27 0.384375 0.415625 0.0109375 0.0125
27 0.384375 0.3875 0.0125 0.0078125
27 0.6515625 0.415625 0.0109375 0.0125
27 0.65 0.3875 0.0140625 0.0125
27 0.528125 0.5921875 0.0125 0.0109375
27 0.8984375 0.5921875 0.0109375 0.0109375
3 0.6109375 0.415625 0.053125 0.0109375
3 0.6109375 0.3875 0.0546875 0.0109375
3 0.4734375 0.478125 0.371875 0.0515625
3 0.6015625 0.528125 0.1125 0.0125
3 0.878125 0.625 0.05625 0.0109375
3 0.7203125 0.659375 0.36875 0.0234375
3 0.8546875 0.6953125 0.103125 0.0125
3 0.9734375 0.415625 0.053125 0.0109375
3 0.9859375 0.3859375 0.0265625 0.0125
3 0.8515625 0.3546875 0.2953125 0.025
15 0.8421875 0.3171875 0.3140625 0.0234375
3 0.85625 0.315625 0.0546875 0.0109375
23 0.46875 0.4375 0.3765625 0.003125
23 0.4890625 0.4 0.003125 0.034375