10 0.5 0.9671875 0.503125 0.0640625
27 0.7234375 0.9875 0.040625 0.0234375
3 0.609375 0.9875 0.178125 0.0234375
27 0.2796875 0.990625 0.04375 0.01875
27 0.2765625 0.8796875 0.021875 0.0171875
3 0.6359375 0.878125 0.2296875 0.034375
16 0.5 0.73125 0.503125 0.1875
3 0.521875 0.76875 0.2890625 0.025
3 0.3015625 0.775 0.046875 0.0171875
3 0.5125 0.7265625 0.315625 0.0265625
3 0.50625 0.6890625 0.3265625 0.028125
16 0.5 0.5328125 0.503125 0.184375
3 0.54375 0.5734375 0.25 0.028125
3 0.3015625 0.578125 0.046875 0.021875
3 0.4953125 0.5296875 0.3484375 0.028125
3 0.5625 0.4921875 0.2109375 0.025
16 0.5 0.31875 0.503125 0.2203125
3 0.3015625 0.38125 0.05 0.0203125
3 0.540625 0.3765625 0.253125 0.0265625
3 0.5140625 0.3328125 0.3125 0.0265625
3 0.5671875 0.296875 0.2015625 0.0265625
3 0.3640625 0.2984375 0.040625 0.021875
3 0.615625 0.2609375 0.10625 0.025
3 0.4078125 0.49375 0.0921875 0.021875
3 0.425 0.2984375 0.0703125 0.0203125
16 0.5 0.1 0.503125 0.1984375
3 0.2984375 0.15 0.0375 0.015625
3 0.5421875 0.14375 0.2546875 0.025
3 0.5125 0.0984375 0.3125 0.0265625
3 0.56875 0.0640625 0.2015625 0.028125
3 0.425 0.065625 0.071875 0.021875
3 0.35 0.0640625 0.06875 0.025
3 0.6296875 0.0265625 0.0765625 0.0234375
27 0.7109375 0.73125 0.015625 0.0171875
27 0.7109375 0.5328125 0.0171875 0.0171875