16 0.29375 0.375 0.5671875 0.178125
16 0.7890625 0.375 0.4 0.178125
16 0.790625 0.6 0.4015625 0.24375
16 0.29375 0.6 0.56875 0.2453125
16 0.1578125 0.39375 0.2640625 0.109375
16 0.4296875 0.3953125 0.2640625 0.109375
16 0.0890625 0.61875 0.1296875 0.1734375
16 0.225 0.61875 0.128125 0.171875
16 0.3609375 0.61875 0.1296875 0.1734375
16 0.496875 0.61875 0.1296875 0.1734375
3 0.0953125 0.3140625 0.1359375 0.015625
19 0.1421875 0.359375 0.040625 0.01875
3 0.1421875 0.359375 0.025 0.00625
3 0.06875 0.628125 0.0640625 0.0140625
3 0.0625 0.659375 0.05 0.0140625
3 0.109375 0.659375 0.034375 0.0125
3 0.1140625 0.6859375 0.0625 0.00625
3 0.2203125 0.628125 0.09375 0.0109375
3 0.209375 0.659375 0.06875 0.0125
3 0.24375 0.684375 0.0625 0.0046875
3 0.35 0.628125 0.0828125 0.009375
3 0.3359375 0.659375 0.053125 0.015625
3 0.3828125 0.684375 0.0625 0.0046875
3 0.4828125 0.63125 0.0734375 0.0109375
3 0.475 0.659375 0.059375 0.0109375
3 0.5203125 0.684375 0.0609375 0.0046875
16 0.6953125 0.6796875 0.18125 0.0515625
3 0.68125 0.66875 0.046875 0.009375
3 0.684375 0.6890625 0.053125 0.0078125
16 0.884375 0.6796875 0.1828125 0.0515625
3 0.85625 0.66875 0.0203125 0.0078125
3 0.871875 0.6890625 0.0515625 0.0078125
16 0.884375 0.61875 0.1828125 0.0515625
3 0.859375 0.6078125 0.0265625 0.0078125
3 0.8734375 0.6265625 0.053125 0.0078125
16 0.884375 0.55625 0.1828125 0.053125
3 0.8609375 0.5453125 0.028125 0.0078125
3 0.8734375 0.5671875 0.0546875 0.0078125
15 0.934375 0.5078125 0.0765625 0.0296875
3 0.9453125 0.5078125 0.021875 0.0078125
16 0.6953125 0.5578125 0.18125 0.0515625
3 0.6765625 0.5453125 0.040625 0.009375
3 0.6796875 0.5671875 0.04375 0.0078125
16 0.6953125 0.6171875 0.18125 0.0515625
3 0.6703125 0.6078125 0.028125 0.0078125
3 0.684375 0.628125 0.0546875 0.0078125
3 0.646875 0.509375 0.084375 0.0109375
16 0.6953125 0.39375 0.18125 0.10625
3 0.7265625 0.39375 0.053125 0.009375
3 0.73125 0.4140625 0.0640625 0.0078125
3 0.709375 0.4265625 0.0203125 0.0078125
16 0.8859375 0.3953125 0.18125 0.1078125
3 0.90625 0.3921875 0.0359375 0.0109375
3 0.9203125 0.4140625 0.0640625 0.0078125
3 0.8984375 0.4265625 0.021875 0.00625
19 0.9109375 0.365625 0.0453125 0.01875
3 0.9125 0.365625 0.028125 0.0078125
19 0.7234375 0.3640625 0.0453125 0.0203125
3 0.7234375 0.365625 0.028125 0.00625
3 0.69375 0.3140625 0.1765625 0.0171875
3 0.4109375 0.3875 0.0375 0.0109375
3 0.453125 0.4109375 0.1234375 0.009375
3 0.465625 0.43125 0.1484375 0.0109375
19 0.4078125 0.359375 0.0328125 0.0171875
3 0.4078125 0.359375 0.0140625 0.00625
19 0.4703125 0.359375 0.078125 0.01875
3 0.46875 0.359375 0.0609375 0.009375
19 0.2078125 0.359375 0.078125 0.0203125
3 0.209375 0.359375 0.059375 0.0078125
3 0.1375 0.3875 0.0359375 0.0109375
3 0.18125 0.409375 0.1234375 0.009375
3 0.19375 0.43125 0.146875 0.0109375
28 0.0734375 0.39375 0.0765625 0.0890625
28 0.3453125 0.3953125 0.0765625 0.0890625
28 0.653125 0.39375 0.0765625 0.0890625
28 0.8421875 0.39375 0.0765625 0.090625
27 0.9234375 0.5078125 0.0125 0.0125
27 0.63125 0.55625 0.015625 0.015625
27 0.6296875 0.61875 0.0171875 0.0203125
27 0.6296875 0.6796875 0.0203125 0.0078125
27 0.81875 0.6796875 0.01875 0.01875
27 0.4625 0.5625 0.0140625 0.0171875
27 0.3265625 0.5640625 0.0171875 0.0171875
27 0.190625 0.5640625 0.015625 0.015625
27 0.0546875 0.5625 0.0171875 0.0171875
3 0.0828125 0.50625 0.115625 0.0171875
19 0.059375 0.684375 0.040625 0.0140625
3 0.053125 0.684375 0.0203125 0.0078125
27 0.0703125 0.684375 0.00625 0.0078125
19 0.1921875 0.684375 0.034375 0.0140625
3 0.1859375 0.684375 0.015625 0.0078125
19 0.3296875 0.684375 0.0390625 0.015625
3 0.3234375 0.684375 0.0203125 0.0078125
19 0.465625 0.684375 0.0390625 0.015625
3 0.459375 0.684375 0.0203125 0.00625
19 0.7546875 0.6890625 0.040625 0.015625
3 0.75 0.6890625 0.0203125 0.00625
19 0.7546875 0.6265625 0.040625 0.015625
3 0.75 0.628125 0.0203125 0.00625
19 0.7546875 0.565625 0.040625 0.015625
3 0.75 0.565625 0.021875 0.00625
19 0.946875 0.565625 0.034375 0.015625
3 0.940625 0.565625 0.015625 0.0078125
19 0.94375 0.6265625 0.040625 0.015625
3 0.9375 0.628125 0.0203125 0.00625
19 0.946875 0.6890625 0.0359375 0.0171875
3 0.940625 0.6890625 0.0140625 0.0078125
27 0.2 0.684375 0.00625 0.0078125
27 0.340625 0.684375 0.0046875 0.0078125
27 0.4765625 0.684375 0.0046875 0.0078125
27 0.7671875 0.6890625 0.0046875 0.0078125
27 0.9546875 0.6890625 0.0046875 0.0078125
27 0.9546875 0.6265625 0.0046875 0.0078125
27 0.7671875 0.628125 0.00625 0.0078125
27 0.81875 0.5578125 0.009375 0.01875
27 0.81875 0.61875 0.01875 0.015625