16 0.5046875 0.5 0.940625 0.69375
35 0.503125 0.5015625 0.7875 0.5453125
27 0.9390625 0.1875 0.0125 0.0125
16 0.503125 0.5265625 0.253125 0.471875
27 0.6125 0.3078125 0.015625 0.0140625
3 0.503125 0.20625 0.184375 0.01875
3 0.29375 0.2421875 0.09375 0.009375
3 0.4390625 0.2421875 0.0265625 0.009375
3 0.5765625 0.2421875 0.0765625 0.0109375
3 0.7421875 0.2421875 0.0859375 0.0109375
23 0.6453125 0.2421875 0.046875 0.003125
23 0.4828125 0.2421875 0.046875 0.003125
23 0.371875 0.2421875 0.046875 0.003125
16 0.2421875 0.5265625 0.253125 0.471875
3 0.2046875 0.321875 0.140625 0.0171875
3 0.240625 0.3515625 0.2125 0.0265625
3 0.5015625 0.3515625 0.2140625 0.028125
3 0.478125 0.321875 0.165625 0.0203125
16 0.7640625 0.5265625 0.25 0.4734375
3 0.7296875 0.321875 0.1453125 0.015625
3 0.7515625 0.3515625 0.1890625 0.0265625
3 0.178125 0.3984375 0.084375 0.0203125
3 0.1734375 0.428125 0.075 0.0109375
3 0.440625 0.396875 0.0890625 0.01875
3 0.48125 0.4265625 0.1734375 0.009375
3 0.5875 0.4265625 0.034375 0.009375
3 0.4328125 0.44375 0.071875 0.0109375
3 0.7015625 0.3984375 0.090625 0.0203125
3 0.74375 0.428125 0.171875 0.0109375
3 0.85 0.428125 0.0375 0.009375
3 0.6953125 0.44375 0.071875 0.009375
15 0.7640625 0.4796875 0.215625 0.0359375
3 0.7640625 0.48125 0.065625 0.0125
15 0.503125 0.48125 0.215625 0.0359375
3 0.503125 0.4796875 0.0640625 0.0109375
15 0.240625 0.4640625 0.215625 0.0359375
3 0.240625 0.4640625 0.0703125 0.0125
3 0.20625 0.5078125 0.1421875 0.0109375
3 0.46875 0.525 0.14375 0.0125
3 0.73125 0.525 0.1484375 0.0125
3 0.221875 0.5375 0.134375 0.0109375
3 0.2078125 0.559375 0.1078125 0.0109375
3 0.2203125 0.5828125 0.1328125 0.0109375
3 0.2046875 0.6046875 0.1 0.0109375
3 0.1859375 0.628125 0.0640625 0.0109375
3 0.4828125 0.5515625 0.1359375 0.0109375
3 0.4828125 0.621875 0.1375 0.0109375
3 0.48125 0.5984375 0.1328125 0.0109375
3 0.46875 0.575 0.10625 0.0109375
3 0.446875 0.64375 0.0625 0.0109375
3 0.5046875 0.6671875 0.1796875 0.0109375
3 0.74375 0.5515625 0.1328125 0.0109375
3 0.74375 0.5984375 0.13125 0.009375
3 0.73125 0.5765625 0.10625 0.009375
3 0.728125 0.6203125 0.1015625 0.0109375
3 0.7453125 0.6453125 0.1359375 0.0109375
3 0.7078125 0.6671875 0.0625 0.0109375
3 0.765625 0.690625 0.178125 0.0109375
3 0.721875 0.7140625 0.0890625 0.0109375
3 0.715625 0.7375 0.078125 0.0125
27 0.1421875 0.5359375 0.0078125 0.00625
27 0.1421875 0.559375 0.0109375 0.00625
27 0.1421875 0.58125 0.0078125 0.00625
27 0.1421875 0.6046875 0.009375 0.00625
27 0.1421875 0.628125 0.0125 0.0078125
27 0.403125 0.5515625 0.0109375 0.0078125
27 0.403125 0.575 0.0109375 0.00625
27 0.403125 0.596875 0.0109375 0.0078125
27 0.403125 0.621875 0.009375 0.00625
27 0.403125 0.6453125 0.009375 0.00625
27 0.403125 0.6671875 0.009375 0.00625
27 0.665625 0.5515625 0.009375 0.0078125
27 0.6640625 0.575 0.009375 0.00625
27 0.6640625 0.5984375 0.009375 0.00625
27 0.6640625 0.621875 0.0109375 0.00625
27 0.6640625 0.64375 0.0109375 0.00625
27 0.665625 0.6671875 0.009375 0.00625
27 0.665625 0.690625 0.009375 0.00625
27 0.665625 0.7140625 0.009375 0.00625
27 0.665625 0.7359375 0.009375 0.00625
15 0.446875 0.8171875 0.084375 0.0296875
3 0.4453125 0.81875 0.025 0.009375
15 0.55 0.8171875 0.103125 0.028125
3 0.55 0.81875 0.0453125 0.009375