3 0.20625 0.3390625 0.2703125 0.034375
3 0.2078125 0.3765625 0.0578125 0.0265625
3 0.7609375 0.3375 0.21875 0.03125
3 0.75625 0.3734375 0.28125 0.0296875
3 0.753125 0.421875 0.4921875 0.015625
15 0.7578125 0.6703125 0.2484375 0.04375
3 0.7578125 0.671875 0.1171875 0.0171875
15 0.1046875 0.66875 0.2078125 0.0453125
3 0.084375 0.671875 0.053125 0.01875
3 0.403125 0.6078125 0.103125 0.0140625
3 0.409375 0.50625 0.0890625 0.0125
3 0.0140625 0.5296875 0.028125 0.0140625
3 0.0046875 0.428125 0.009375 0.0140625
38 0.228125 0.4640625 0.4546875 0.05
38 0.228125 0.5640625 0.4546875 0.05