3 0.21875 0.6875 0.375 0.0984375
3 0.2546875 0.6 0.4484375 0.0578125
15 0.115625 0.53125 0.1671875 0.0484375
3 0.1140625 0.5296875 0.121875 0.0171875
28 0.75625 0.609375 0.4859375 0.53125
26 0.5 0.234375 1 0.215625
3 0.846875 0.24375 0.30625 0.0109375
3 0.5421875 0.1734375 0.0421875 0.0125
3 0.5453125 0.2015625 0.046875 0.0109375
3 0.5390625 0.23125 0.0375 0.0125
3 0.5390625 0.2671875 0.0359375 0.0140625
3 0.0359375 0.265625 0.065625 0.015625
3 0.3796875 0.2671875 0.0609375 0.0140625
3 0.2046875 0.2671875 0.053125 0.0140625
3 0.0390625 0.2328125 0.065625 0.0109375
3 0.0390625 0.1734375 0.0671875 0.0140625
3 0.0375 0.203125 0.0625 0.0109375
3 0.2 0.2328125 0.0453125 0.0109375
3 0.2109375 0.1453125 0.065625 0.0109375
3 0.0328125 0.1453125 0.053125 0.0109375
3 0.225 0.203125 0.0921875 0.0109375
3 0.2 0.175 0.04375 0.0109375
3 0.365625 0.203125 0.0296875 0.015625
3 0.3703125 0.2328125 0.0375 0.0109375
3 0.36875 0.1453125 0.034375 0.009375
3 0.365625 0.175 0.0296875 0.0109375
3 0.7734375 0.2671875 0.1625 0.0109375
3 0.7734375 0.1578125 0.1609375 0.0125
3 0.8890625 0.15625 0.065625 0.0109375
38 0.846875 0.2078125 0.30625 0.046875