10 0.5 0.1921875 1 0.0578125
28 0.028125 0.184375 0.021875 0.025
3 0.0671875 0.1875 0.0484375 0.0140625
15 0.621875 0.1875 0.0578125 0.0296875
3 0.621875 0.1875 0.0296875 0.009375
3 0.696875 0.1875 0.05625 0.009375
3 0.7953125 0.1890625 0.0765625 0.0109375
15 0.903125 0.1875 0.1 0.0296875
3 0.903125 0.1890625 0.071875 0.009375
3 0.4859375 0.3046875 0.2734375 0.028125
3 0.4859375 0.3375 0.4375 0.0140625
3 0.4859375 0.3578125 0.2625 0.015625
16 0.484375 0.4984375 0.3015625 0.190625
3 0.434375 0.4921875 0.165625 0.015625
16 0.1671875 0.4984375 0.303125 0.1921875
3 0.11875 0.490625 0.175 0.015625
16 0.16875 0.7046875 0.3015625 0.1890625
3 0.1078125 0.696875 0.1484375 0.0171875
16 0.484375 0.703125 0.3015625 0.190625
3 0.4703125 0.696875 0.240625 0.015625
16 0.803125 0.7046875 0.3015625 0.190625
3 0.7453125 0.696875 0.15 0.015625
16 0.803125 0.4984375 0.3015625 0.190625
3 0.7875 0.4921875 0.2390625 0.01875
28 0.69375 0.44375 0.040625 0.04375
28 0.3765625 0.44375 0.0375 0.0453125
28 0.375 0.65 0.040625 0.0390625
28 0.69375 0.65 0.04375 0.0390625
28 0.0578125 0.65 0.0328125 0.040625
28 0.05625 0.4453125 0.0390625 0.040625
3 0.1625 0.540625 0.2625 0.046875
3 0.4828125 0.5421875 0.2640625 0.046875
3 0.79375 0.5421875 0.253125 0.046875
3 0.7859375 0.7453125 0.234375 0.0453125
3 0.48125 0.746875 0.2640625 0.0484375
3 0.165625 0.746875 0.2671875 0.0484375