3 0.9515625 0.4765625 0.0859375 0.015625
3 0.9515625 0.49375 0.078125 0.0140625
3 0.590625 0.4953125 0.0859375 0.0125
3 0.946875 0.3015625 0.1046875 0.015625
3 0.9515625 0.321875 0.0765625 0.0125
3 0.7703125 0.4953125 0.0953125 0.0125
3 0.4078125 0.4953125 0.09375 0.0125
3 0.7703125 0.3015625 0.0609375 0.0140625
3 0.7703125 0.321875 0.0625 0.0125
3 0.40625 0.321875 0.078125 0.0125
3 0.0421875 0.321875 0.078125 0.0125
3 0.0421875 0.4953125 0.0625 0.0125
3 0.5875 0.4765625 0.090625 0.0109375
3 0.225 0.4765625 0.053125 0.0109375
3 0.2234375 0.4953125 0.0625 0.0109375
3 0.7546875 0.6828125 0.4890625 0.040625
3 0.7703125 0.4765625 0.0265625 0.0125
3 0.40625 0.4765625 0.025 0.009375
3 0.5890625 0.3203125 0.075 0.0109375
3 0.403125 0.303125 0.1109375 0.0125
3 0.05 0.303125 0.1 0.0125
3 0.5890625 0.303125 0.1171875 0.0125
3 0.225 0.303125 0.053125 0.0125
3 0.0421875 0.4765625 0.0609375 0.0109375
3 0.2234375 0.3203125 0.0625 0.0125
28 0.95 0.5484375 0.071875 0.0765625
28 0.953125 0.378125 0.0765625 0.0734375
28 0.7703125 0.378125 0.075 0.075
28 0.7703125 0.553125 0.075 0.075
28 0.5921875 0.5515625 0.0875 0.0765625
28 0.409375 0.553125 0.078125 0.0765625
28 0.5875 0.378125 0.075 0.075
28 0.4078125 0.3796875 0.0734375 0.0765625
28 0.2265625 0.3796875 0.0734375 0.0734375
28 0.0421875 0.378125 0.0796875 0.0765625
28 0.04375 0.553125 0.078125 0.075
28 0.2265625 0.5515625 0.0765625 0.0734375