3 0.709375 0.9703125 0.2 0.021875
3 0.646875 0.8515625 0.24375 0.01875
3 0.703125 0.7625 0.2078125 0.0203125
3 0.703125 0.5265625 0.20625 0.021875
3 0.7171875 0.1578125 0.184375 0.021875
3 0.6640625 0.1046875 0.2109375 0.01875
15 0.7140625 0.009375 0.1859375 0.01875
15 0.25625 0.0109375 0.128125 0.0203125
23 0.5 0.05 0.6125 0.0078125
23 0.5 0.2015625 0.6171875 0.009375
23 0.5015625 0.56875 0.615625 0.0109375
23 0.4984375 0.8046875 0.6203125 0.0078125
38 0.5 0.9171875 0.61875 0.053125
38 0.4984375 0.7078125 0.6171875 0.053125
38 0.5609375 0.6421875 0.4953125 0.05
38 0.2453125 0.6421875 0.1125 0.0515625
38 0.65625 0.471875 0.303125 0.053125
38 0.340625 0.4734375 0.3046875 0.0515625
38 0.5 0.40625 0.61875 0.053125
38 0.6578125 0.340625 0.303125 0.0546875
38 0.3421875 0.340625 0.3046875 0.053125
38 0.6578125 0.275 0.303125 0.0515625
20 0.340625 0.2734375 0.3046875 0.0515625
18 0.7875 0.1046875 0.01875 0.021875
18 0.7875 0.8515625 0.021875 0.0234375