5 0.5 0.1046875 0.6796875 0.209375
3 0.8125 0.2828125 0.0140625 0.1015625
3 0.8125 0.5421875 0.0140625 0.0359375
3 0.8125 0.8671875 0.0171875 0.1015625
16 0.709375 0.90625 0.1734375 0.1859375
16 0.709375 0.3671875 0.171875 0.275
3 0.7734375 0.2765625 0.015625 0.05625
3 0.771875 0.45 0.0125 0.06875
16 0.709375 0.659375 0.1734375 0.271875
3 0.771875 0.5703125 0.015625 0.05625
3 0.771875 0.7421875 0.0125 0.0703125
3 0.771875 0.8609375 0.0140625 0.0546875
17 0.6890625 0.915625 0.1046875 0.16875
23 0.753125 0.915625 0.0078125 0.16875
17 0.6890625 0.6609375 0.1046875 0.240625
23 0.753125 0.659375 0.00625 0.2375
17 0.6890625 0.3671875 0.1078125 0.240625
23 0.753125 0.3671875 0.00625 0.2375
3 0.596875 0.303125 0.0140625 0.14375
3 0.596875 0.55625 0.0140625 0.0671875
16 0.3703125 0.3671875 0.41875 0.2734375
16 0.4796875 0.75625 0.1921875 0.4875
16 0.246875 0.75625 0.171875 0.4875
3 0.3578125 0.9828125 0.0078125 0.034375
3 0.3515625 0.6046875 0.015625 0.1640625
3 0.284375 0.6125 0.0125 0.046875
3 0.3015625 0.6078125 0.009375 0.0375
3 0.284375 0.7984375 0.0125 0.0453125
3 0.3 0.7875 0.0109375 0.025
3 0.26875 0.784375 0.009375 0.0171875
3 0.3015625 0.98125 0.0109375 0.0375
3 0.26875 0.971875 0.0078125 0.015625
3 0.284375 0.98125 0.0125 0.0375
27 0.2859375 0.66875 0.0140625 0.015625
27 0.2859375 0.8546875 0.0140625 0.0140625
27 0.209375 0.8546875 0.0140625 0.0140625
27 0.209375 0.66875 0.0140625 0.0140625
27 0.284375 0.5625 0.0125 0.0125
27 0.284375 0.7484375 0.0140625 0.015625
27 0.284375 0.9359375 0.0140625 0.0109375
27 0.209375 0.9359375 0.0046875 0.0140625
27 0.209375 0.7484375 0.0125 0.0125
27 0.2078125 0.5609375 0.0140625 0.0140625
27 0.26875 0.625 0.009375 0.00625
27 0.26875 0.8125 0.0078125 0.0078125
27 0.1921875 0.8125 0.0078125 0.00625
27 0.26875 0.9984375 0.0078125 0.003125
27 0.19375 0.996875 0.0078125 0.0046875
27 0.1921875 0.6265625 0.0078125 0.0078125
3 0.225 0.621875 0.009375 0.0640625
3 0.2234375 0.7984375 0.009375 0.04375
3 0.225 0.978125 0.0078125 0.0296875
3 0.26875 0.5984375 0.0078125 0.015625
3 0.1921875 0.5984375 0.0078125 0.0171875
3 0.1921875 0.784375 0.0078125 0.015625
3 0.1921875 0.971875 0.0078125 0.015625
37 0.375 0.36875 0.375 0.246875
23 0.4546875 0.3671875 0.0046875 0.2375
23 0.3875 0.36875 0.003125 0.234375
23 0.315625 0.3671875 0.003125 0.2359375
23 0.2421875 0.3671875 0.003125 0.234375
3 0.49375 0.334375 0.0109375 0.08125
3 0.4765625 0.4578125 0.009375 0.0515625
3 0.4921875 0.459375 0.0109375 0.0484375
3 0.478125 0.321875 0.009375 0.0609375
3 0.409375 0.321875 0.009375 0.0625
3 0.425 0.3296875 0.0109375 0.0734375
3 0.409375 0.4578125 0.009375 0.0515625
3 0.4234375 0.459375 0.0109375 0.046875
3 0.3546875 0.3296875 0.0125 0.0734375
3 0.340625 0.4578125 0.0078125 0.0515625
3 0.3546875 0.45625 0.0109375 0.040625
3 0.340625 0.309375 0.0078125 0.0328125
3 0.2875 0.3328125 0.0109375 0.0828125
3 0.271875 0.4578125 0.0078125 0.0515625
3 0.2859375 0.45625 0.0109375 0.040625
3 0.271875 0.3234375 0.0078125 0.0609375
3 0.21875 0.3328125 0.009375 0.08125
3 0.2015625 0.4578125 0.009375 0.053125
3 0.2171875 0.459375 0.0109375 0.0484375
3 0.2015625 0.321875 0.0078125 0.0609375
27 0.4859375 0.2640625 0.015625 0.0140625
27 0.4171875 0.2640625 0.0171875 0.015625
27 0.35 0.265625 0.015625 0.015625
27 0.2796875 0.2640625 0.015625 0.0140625
27 0.2140625 0.2640625 0.0140625 0.0140625
27 0.2109375 0.41875 0.009375 0.009375
27 0.278125 0.41875 0.009375 0.0109375
27 0.3484375 0.4203125 0.009375 0.009375
27 0.415625 0.4203125 0.0078125 0.009375
27 0.484375 0.4203125 0.009375 0.0109375
3 0.54375 0.278125 0.0171875 0.025
3 0.5453125 0.3359375 0.0140625 0.0578125
3 0.5453125 0.428125 0.0140625 0.06875