3 0.246875 0.5078125 0.0296875 0.178125
3 0.2796875 0.5078125 0.01875 0.684375
16 0.5515625 0.5078125 0.4765625 0.965625
3 0.3390625 0.9296875 0.0125 0.0890625
3 0.340625 0.8203125 0.0125 0.075
3 0.340625 0.7140625 0.0140625 0.0875
3 0.359375 0.7328125 0.0125 0.0453125
3 0.359375 0.828125 0.0109375 0.0578125
3 0.359375 0.9421875 0.0109375 0.0671875
15 0.3484375 0.2140625 0.0328125 0.103125
3 0.3484375 0.2125 0.0140625 0.075
15 0.3484375 0.096875 0.034375 0.1140625
3 0.35 0.096875 0.0140625 0.084375
3 0.3984375 0.053125 0.0140625 0.0265625
23 0.378125 0.50625 0.0046875 0.959375
23 0.5859375 0.50625 0.003125 0.9328125
28 0.45625 0.903125 0.1421875 0.1421875
28 0.6796875 0.903125 0.140625 0.1421875
3 0.55625 0.903125 0.0125 0.0953125
3 0.3984375 0.7578125 0.0125 0.1359375
3 0.44375 0.453125 0.034375 0.74375
3 0.553125 0.1609375 0.0125 0.0765625
3 0.5515625 0.06875 0.0125 0.0578125
3 0.6234375 0.7765625 0.0171875 0.096875
3 0.6671875 0.4515625 0.0328125 0.746875
3 0.621875 0.053125 0.015625 0.028125
3 0.7734375 0.8796875 0.0125 0.14375
3 0.7765625 0.1609375 0.0140625 0.0765625
3 0.775 0.06875 0.0125 0.053125
23 0.5515625 0.109375 0.0234375 0.0046875
23 0.775 0.109375 0.0234375 0.0046875
27 0.55625 0.965625 0.015625 0.0171875
27 0.771875 0.965625 0.015625 0.0140625