5 0.0515625 0.5 0.1015625 0.490625
10 0.5515625 0.26875 0.896875 0.0265625
3 0.13125 0.2671875 0.0375 0.0046875
16 0.21875 0.321875 0.2125 0.059375
3 0.1453125 0.3421875 0.034375 0.00625
3 0.3015625 0.3171875 0.0328125 0.009375
3 0.30625 0.3046875 0.025 0.0046875
16 0.440625 0.321875 0.2125 0.059375
3 0.5234375 0.3171875 0.0359375 0.0125
3 0.528125 0.3046875 0.025 0.00625
3 0.3609375 0.3421875 0.021875 0.0046875
16 0.6640625 0.321875 0.2125 0.059375
3 0.590625 0.3421875 0.0375 0.00625
3 0.7546875 0.3046875 0.0171875 0.00625
3 0.75625 0.3171875 0.0109375 0.009375
16 0.8875 0.321875 0.2125 0.059375
3 0.8125 0.3421875 0.0359375 0.00625
3 0.971875 0.3046875 0.028125 0.00625
3 0.975 0.3171875 0.0203125 0.0109375
3 0.878125 0.2671875 0.0140625 0.003125
3 0.9234375 0.2671875 0.040625 0.0046875
3 0.9796875 0.2671875 0.0234375 0.0046875
27 0.8671875 0.2671875 0.00625 0.00625
27 0.9 0.26875 0.0046875 0.00625
27 0.9484375 0.2671875 0.0015625 0.0015625
27 0.9625 0.2671875 0.00625 0.00625
27 0.7890625 0.3421875 0.00625 0.00625
27 0.5671875 0.3421875 0.0046875 0.0046875
27 0.3453125 0.3421875 0.00625 0.00625
27 0.1234375 0.3421875 0.00625 0.00625
16 0.553125 0.45 0.8796875 0.1875
27 0.1234375 0.53125 0.00625 0.00625
16 0.33125 0.6421875 0.4359375 0.1875
27 0.1234375 0.7234375 0.0046875 0.00625
16 0.775 0.6421875 0.434375 0.1875
27 0.5671875 0.7234375 0.0046875 0.0046875
23 0.21875 0.33125 0.1984375 0.0015625
23 0.440625 0.33125 0.2 0.0015625
23 0.6640625 0.33125 0.1984375 0.0015625
23 0.8859375 0.33125 0.2 0.0015625
28 0.825 0.3109375 0.01875 0.015625
28 0.6015625 0.3125 0.0203125 0.01875
28 0.3796875 0.3125 0.0203125 0.015625
28 0.1578125 0.3109375 0.0203125 0.01875
1 0.25 0.634375 0.2640625 0.1546875
23 0.3296875 0.715625 0.421875 0.0015625
3 0.1609375 0.725 0.0640625 0.00625
23 0.775 0.715625 0.421875 0.0015625
3 0.6046875 0.725 0.0640625 0.00625
2 0.7734375 0.634375 0.41875 0.1546875
34 0.5515625 0.44375 0.865625 0.1546875
3 0.1578125 0.5328125 0.059375 0.00625
23 0.553125 0.525 0.865625 0.0015625