16 0.496875 0.0890625 0.1328125 0.1765625
3 0.5390625 0.0203125 0.0140625 0.040625
16 0.496875 0.3203125 0.1328125 0.246875
3 0.540625 0.2640625 0.0140625 0.1078125
16 0.496875 0.584375 0.1328125 0.2453125
3 0.540625 0.515625 0.0140625 0.08125
16 0.4953125 0.8484375 0.1328125 0.2453125
3 0.540625 0.784375 0.0140625 0.0859375
3 0.4859375 0.0234375 0.0328125 0.046875
3 0.4875 0.25625 0.028125 0.0828125
3 0.4875 0.7953125 0.028125 0.103125
3 0.4875 0.5328125 0.028125 0.103125
3 0.4921875 0.1421875 0.0125 0.0359375
3 0.49375 0.409375 0.0125 0.03125
3 0.49375 0.6765625 0.0109375 0.0296875
3 0.49375 0.9390625 0.0109375 0.0375
19 0.540625 0.1421875 0.0203125 0.0375
3 0.5421875 0.1421875 0.0109375 0.0203125
19 0.540625 0.934375 0.0203125 0.04375
3 0.5421875 0.9328125 0.0109375 0.03125
19 0.5421875 0.403125 0.0203125 0.0484375
3 0.5421875 0.4015625 0.0109375 0.034375
19 0.5421875 0.665625 0.01875 0.0515625
3 0.5421875 0.665625 0.0109375 0.0390625
27 0.4765625 0.1546875 0.009375 0.0078125
27 0.4765625 0.684375 0.0078125 0.0078125
27 0.4765625 0.9484375 0.0078125 0.0078125
27 0.4765625 0.41875 0.0109375 0.009375
31 0.45 0.08125 0.00625 0.1609375
31 0.45 0.584375 0.00625 0.2125
31 0.45 0.3203125 0.0046875 0.215625
31 0.45 0.8515625 0.00625 0.2171875