3 0.740625 0.61875 0.028125 0.2640625
3 0.775 0.528125 0.0140625 0.0828125
3 0.6515625 0.7265625 0.0984375 0.484375
3 0.53125 0.7234375 0.1 0.48125
3 0.4109375 0.7328125 0.1 0.5
3 0.2765625 0.5109375 0.021875 0.046875
3 0.3046875 0.5109375 0.015625 0.05
3 0.278125 0.628125 0.0171875 0.0265625
3 0.3046875 0.646875 0.015625 0.0625
3 0.278125 0.7578125 0.01875 0.025
3 0.3046875 0.7734375 0.015625 0.05625
3 0.278125 0.9015625 0.0234375 0.05625
3 0.3046875 0.8953125 0.0140625 0.0453125
15 0.2171875 0.590625 0.025 0.20625
3 0.215625 0.5828125 0.0109375 0.1703125
27 0.2171875 0.6796875 0.0109375 0.009375
16 0.5796875 0.2171875 0.415625 0.3640625
3 0.4765625 0.20625 0.1015625 0.3078125
3 0.390625 0.1453125 0.0125 0.0859375
3 0.4078125 0.14375 0.0140625 0.078125
11 0.4 0.075 0.034375 0.0359375