10 0.5 0.05 0.503125 0.0984375
27 0.2890625 0.04375 0.0390625 0.0390625
3 0.3953125 0.046875 0.165625 0.03125
27 0.7015625 0.04375 0.0390625 0.03125
27 0.7046875 0.1515625 0.0203125 0.015625
3 0.3671875 0.1546875 0.21875 0.0328125
16 0.496875 0.290625 0.4828125 0.175
3 0.4765625 0.2546875 0.26875 0.0234375
3 0.68125 0.2484375 0.04375 0.0171875
3 0.4859375 0.29375 0.29375 0.025
3 0.490625 0.328125 0.303125 0.0265625
16 0.4984375 0.4734375 0.478125 0.1734375
3 0.45625 0.4359375 0.2328125 0.0265625
3 0.68125 0.43125 0.04375 0.0203125
3 0.5015625 0.4765625 0.3234375 0.025
3 0.4375 0.5109375 0.196875 0.0234375
16 0.5 0.6734375 0.48125 0.2046875
3 0.68125 0.6140625 0.046875 0.01875
3 0.459375 0.61875 0.2359375 0.025
3 0.484375 0.659375 0.290625 0.025
3 0.434375 0.69375 0.1875 0.0234375
3 0.6234375 0.690625 0.0375 0.0203125
3 0.3890625 0.7265625 0.1 0.0234375
3 0.5828125 0.509375 0.0859375 0.0203125
3 0.565625 0.6921875 0.065625 0.01875
16 0.4984375 0.8875 0.4765625 0.2046875
3 0.684375 0.8296875 0.0359375 0.0140625
3 0.4578125 0.8359375 0.2359375 0.0234375
3 0.484375 0.8765625 0.290625 0.025
3 0.4328125 0.909375 0.1875 0.025
3 0.565625 0.9078125 0.0671875 0.0203125
3 0.6359375 0.909375 0.0640625 0.0234375
3 0.3765625 0.9453125 0.071875 0.021875
27 0.3 0.2890625 0.015625 0.015625
27 0.3 0.4734375 0.015625 0.0171875