3 0.5109375 0.5265625 0.015625 0.28125
3 0.5515625 0.525 0.015625 0.590625
15 0.3625 0.7515625 0.0234375 0.084375
27 0.3625 0.78125 0.0078125 0.0078125
3 0.4140625 0.165625 0.04375 0.3015625
15 0.3625 0.403125 0.0234375 0.0828125
27 0.3625 0.434375 0.0078125 0.009375
3 0.628125 0.525 0.015625 0.096875
15 0.3609375 0.0578125 0.0234375 0.0828125
27 0.3625 0.0875 0.009375 0.009375
3 0.415625 0.853125 0.046875 0.29375
3 0.590625 0.525 0.0328125 0.5453125
3 0.415625 0.521875 0.0421875 0.325
3 0.4515625 0.7765625 0.0125 0.0859375
3 0.53125 0.525 0.0125 0.5921875
3 0.4515625 0.4328125 0.0125 0.09375
3 0.4515625 0.0828125 0.0140625 0.09375
27 0.4515625 0.025 0.0140625 0.015625
27 0.45 0.3703125 0.0171875 0.015625
27 0.4515625 0.7171875 0.0140625 0.0125
3 0.3625 0.0515625 0.009375 0.0515625
3 0.3625 0.396875 0.009375 0.053125
3 0.3625 0.74375 0.009375 0.0515625