3 0.4625 0.0890625 0.0140625 0.078125
3 0.478125 0.0890625 0.0125 0.071875
3 0.4796875 0.4203125 0.0109375 0.078125
3 0.303125 0.0890625 0.0140625 0.10625
3 0.3203125 0.0890625 0.0109375 0.06875
3 0.4796875 0.25625 0.0109375 0.0875
3 0.4796875 0.5875 0.0109375 0.0859375
3 0.3015625 0.2546875 0.0125 0.0546875
3 0.3203125 0.2546875 0.0109375 0.0578125
3 0.3203125 0.5875 0.0109375 0.071875
3 0.3203125 0.9203125 0.0109375 0.071875
3 0.4796875 0.9203125 0.0109375 0.05625
3 0.4625 0.421875 0.0109375 0.0828125
3 0.4625 0.753125 0.009375 0.0484375
3 0.4796875 0.7546875 0.0109375 0.05625
3 0.65 0.253125 0.0375 0.478125
3 0.696875 0.075 0.0234375 0.1171875
3 0.4625 0.2546875 0.0125 0.025
3 0.4625 0.5875 0.009375 0.021875
3 0.3203125 0.421875 0.0109375 0.06875
3 0.303125 0.590625 0.0109375 0.1015625
3 0.3046875 0.9203125 0.0109375 0.1078125
3 0.3046875 0.421875 0.0109375 0.10625
3 0.303125 0.753125 0.0109375 0.0484375
3 0.4625 0.9203125 0.009375 0.0546875
3 0.3203125 0.7546875 0.0125 0.0578125
28 0.528125 0.090625 0.0703125 0.065625
28 0.3734375 0.0875 0.065625 0.0703125
28 0.3734375 0.2546875 0.06875 0.06875
28 0.5328125 0.2546875 0.06875 0.06875
28 0.53125 0.41875 0.0703125 0.0796875
28 0.5328125 0.584375 0.0703125 0.0703125
28 0.3734375 0.421875 0.06875 0.06875
28 0.375 0.5859375 0.0703125 0.0671875
28 0.3734375 0.7515625 0.0671875 0.0671875
28 0.3734375 0.9203125 0.0703125 0.0734375
28 0.5328125 0.91875 0.06875 0.071875
28 0.53125 0.753125 0.0671875 0.06875