15 0.1703125 0.6171875 0.340625 0.05625
3 0.1609375 0.6171875 0.0453125 0.0140625
3 0.2375 0.821875 0.053125 0.0125
23 0.2859375 0.6859375 0.1046875 0.0046875
23 0.046875 0.6859375 0.0921875 0.0046875
3 0.1609375 0.6859375 0.1125 0.0140625
38 0.1703125 0.4875 0.340625 0.046875
3 0.025 0.453125 0.0484375 0.0140625
38 0.1703125 0.4 0.340625 0.046875
27 0.1609375 0.2125 0.04375 0.0375
3 0.1609375 0.2703125 0.2140625 0.028125
3 0.278125 0.5453125 0.1265625 0.0140625
3 0.1609375 0.3140625 0.1875 0.01875
3 0.0109375 0.365625 0.0203125 0.0140625
3 0.125 0.8203125 0.153125 0.0140625
28 0.1015625 0.753125 0.0453125 0.04375
28 0.1625 0.753125 0.040625 0.04375
28 0.21875 0.753125 0.04375 0.046875