16 0.5 0.5 0.8109375 1
37 0.459375 0.49375 0.7265625 0.9875
3 0.8484375 0.178125 0.0171875 0.3546875
3 0.878125 0.1171875 0.021875 0.2328125
15 0.865625 0.7671875 0.040625 0.1515625
3 0.865625 0.7796875 0.0125 0.1046875
15 0.865625 0.9171875 0.040625 0.1265625
3 0.8640625 0.928125 0.0125 0.0796875
27 0.865625 0.7109375 0.0171875 0.0171875
27 0.865625 0.8734375 0.0109375 0.0109375
27 0.803125 0.0109375 0.015625 0.0171875
27 0.803125 0.090625 0.015625 0.015625
27 0.803125 0.1859375 0.01875 0.01875
27 0.8015625 0.309375 0.0171875 0.0171875
3 0.803125 0.046875 0.0125 0.0375
3 0.8015625 0.134375 0.0125 0.0546875
3 0.8015625 0.24375 0.015625 0.0828125
3 0.8015625 0.3546875 0.0140625 0.059375
3 0.75625 0.0140625 0.0125 0.028125
3 0.7546875 0.04375 0.0109375 0.0078125
3 0.753125 0.278125 0.0125 0.071875
3 0.7546875 0.33125 0.009375 0.00625
3 0.753125 0.5265625 0.0125 0.0640625
3 0.7546875 0.575 0.009375 0.00625
3 0.7546875 0.7859375 0.0125 0.08125
3 0.7546875 0.8421875 0.009375 0.00625
27 0.7546875 0.971875 0.0140625 0.0046875
27 0.7546875 0.7203125 0.0140625 0.0046875
27 0.7546875 0.46875 0.0140625 0.0046875
27 0.7546875 0.2171875 0.0140625 0.0046875
16 0.628125 0.1125 0.1984375 0.2234375
27 0.703125 0.2015625 0.00625 0.015625
27 0.6265625 0.015625 0.0140625 0.015625
27 0.553125 0.015625 0.0171875 0.015625
27 0.553125 0.1515625 0.0171875 0.015625
27 0.553125 0.190625 0.01875 0.0171875
3 0.7015625 0.0640625 0.0171875 0.115625
3 0.665625 0.10625 0.03125 0.2015625
3 0.625 0.053125 0.0125 0.05
3 0.625 0.2015625 0.0125 0.0203125
3 0.5828125 0.0421875 0.0125 0.071875
3 0.5515625 0.065625 0.0125 0.075
11 0.584375 0.1859375 0.01875 0.0515625
3 0.5515625 0.16875 0.009375 0.009375
3 0.5515625 0.20625 0.0109375 0.0078125
31 0.609375 0.109375 0.00625 0.20625
16 0.628125 0.3609375 0.1984375 0.2328125
3 0.7015625 0.3265625 0.0140625 0.1359375
3 0.665625 0.3578125 0.0328125 0.2
3 0.625 0.3046875 0.0140625 0.0515625
3 0.6265625 0.453125 0.0125 0.021875
3 0.58125 0.29375 0.0140625 0.0734375
3 0.5515625 0.3171875 0.0125 0.075
3 0.553125 0.4203125 0.0109375 0.00625
3 0.553125 0.4578125 0.0109375 0.00625
31 0.609375 0.359375 0.00625 0.20625
11 0.5828125 0.4359375 0.0203125 0.0453125
27 0.5515625 0.2671875 0.0171875 0.0171875
27 0.553125 0.403125 0.015625 0.0140625
27 0.553125 0.4421875 0.0171875 0.015625
27 0.6265625 0.2671875 0.015625 0.015625
27 0.703125 0.453125 0.00625 0.01875
16 0.628125 0.6109375 0.1984375 0.234375
16 0.628125 0.8625 0.1984375 0.2359375
3 0.7015625 0.571875 0.0171875 0.128125
3 0.665625 0.609375 0.0328125 0.203125
3 0.625 0.55625 0.0140625 0.0515625
3 0.625 0.703125 0.0125 0.01875
3 0.58125 0.5453125 0.0125 0.0703125
3 0.5515625 0.565625 0.0125 0.0703125
3 0.5515625 0.6703125 0.0125 0.0078125
3 0.5515625 0.709375 0.0109375 0.0078125
27 0.6265625 0.5171875 0.01875 0.01875
27 0.553125 0.5171875 0.0171875 0.0171875
27 0.553125 0.6546875 0.015625 0.015625
27 0.553125 0.6921875 0.01875 0.0171875
27 0.703125 0.7046875 0.0046875 0.0171875
31 0.609375 0.6109375 0.00625 0.2046875
31 0.6078125 0.8625 0.00625 0.20625
11 0.5828125 0.6890625 0.01875 0.046875
11 0.5828125 0.9390625 0.01875 0.046875
3 0.58125 0.796875 0.0125 0.0734375
3 0.5515625 0.815625 0.0140625 0.071875
3 0.7015625 0.8359375 0.0140625 0.153125
3 0.665625 0.8625 0.03125 0.20625
3 0.625 0.953125 0.0125 0.0234375
27 0.553125 0.90625 0.0171875 0.015625
3 0.5515625 0.921875 0.0109375 0.009375
3 0.5515625 0.9609375 0.0125 0.0078125
3 0.6265625 0.8078125 0.0140625 0.0515625
27 0.5515625 0.76875 0.0171875 0.0171875
27 0.553125 0.94375 0.01875 0.0171875
27 0.6265625 0.76875 0.01875 0.01875
27 0.703125 0.95625 0.0078125 0.01875
16 0.4125 0.8640625 0.2 0.234375
16 0.196875 0.8625 0.2 0.234375
16 0.4125 0.6109375 0.2 0.2359375
16 0.196875 0.6125 0.2 0.2328125
3 0.4875 0.5875 0.0125 0.1578125
3 0.4875 0.8359375 0.0140625 0.15
3 0.271875 0.5734375 0.0140625 0.1296875
3 0.271875 0.8265625 0.0140625 0.13125
27 0.271875 0.9546875 0.0046875 0.0171875
27 0.271875 0.7046875 0.0078125 0.0171875
27 0.4875 0.7046875 0.00625 0.015625
27 0.4890625 0.9546875 0.0078125 0.0171875
3 0.45 0.609375 0.03125 0.2078125
3 0.45 0.8625 0.0328125 0.2078125
31 0.3921875 0.8609375 0.00625 0.20625
3 0.409375 0.80625 0.0125 0.0515625
3 0.4109375 0.9546875 0.0140625 0.0203125
31 0.39375 0.6109375 0.0046875 0.2046875
3 0.4109375 0.703125 0.0125 0.0203125
3 0.409375 0.55625 0.0109375 0.053125
3 0.234375 0.6109375 0.0328125 0.2109375
3 0.234375 0.8609375 0.0328125 0.2046875
3 0.1953125 0.9546875 0.015625 0.021875
31 0.1765625 0.8625 0.00625 0.2078125
3 0.19375 0.8078125 0.0125 0.0515625
27 0.4109375 0.5171875 0.0171875 0.01875
27 0.4109375 0.76875 0.01875 0.0171875
27 0.1953125 0.5171875 0.0203125 0.01875
27 0.1953125 0.76875 0.0171875 0.0203125
31 0.178125 0.6109375 0.0078125 0.20625
3 0.19375 0.55625 0.0140625 0.0515625
3 0.1953125 0.703125 0.0125 0.01875
11 0.36875 0.6875 0.01875 0.0484375
11 0.3671875 0.940625 0.021875 0.0515625
11 0.1515625 0.9390625 0.0203125 0.05
11 0.153125 0.6875 0.01875 0.05
3 0.1515625 0.5453125 0.0109375 0.0734375
3 0.1203125 0.565625 0.0109375 0.0703125
3 0.1203125 0.671875 0.0109375 0.0078125
3 0.121875 0.709375 0.0125 0.009375
3 0.1515625 0.796875 0.0125 0.071875
3 0.1203125 0.815625 0.0140625 0.06875
3 0.1203125 0.921875 0.0140625 0.009375
3 0.121875 0.9609375 0.0109375 0.009375
3 0.3671875 0.5453125 0.0125 0.0734375
3 0.3359375 0.5640625 0.0125 0.071875
3 0.3375 0.6703125 0.0125 0.009375
3 0.3375 0.709375 0.0140625 0.009375
3 0.3375 0.921875 0.0125 0.0109375
3 0.3375 0.9609375 0.0125 0.009375
3 0.3359375 0.815625 0.0125 0.0703125
3 0.3671875 0.7953125 0.0140625 0.0734375
27 0.3375 0.5171875 0.0171875 0.0171875
27 0.3375 0.6546875 0.015625 0.015625
27 0.3375 0.6921875 0.0171875 0.0171875
27 0.3375 0.76875 0.0171875 0.01875
27 0.3375 0.9046875 0.015625 0.0140625
27 0.3375 0.94375 0.0171875 0.01875
27 0.121875 0.9046875 0.0171875 0.015625
27 0.121875 0.94375 0.0171875 0.0171875
27 0.121875 0.6546875 0.015625 0.015625
27 0.121875 0.69375 0.0171875 0.0171875
16 0.196875 0.359375 0.2 0.2359375
27 0.121875 0.2671875 0.015625 0.015625
27 0.121875 0.403125 0.0171875 0.0140625
3 0.121875 0.41875 0.0125 0.009375
27 0.121875 0.440625 0.0171875 0.0171875
31 0.178125 0.359375 0.0078125 0.20625
27 0.1953125 0.2671875 0.015625 0.0171875
27 0.2734375 0.453125 0.00625 0.01875
16 0.4125 0.3609375 0.2 0.234375
27 0.4875 0.453125 0.00625 0.0171875
31 0.39375 0.359375 0.0078125 0.209375
27 0.4109375 0.265625 0.015625 0.015625
27 0.3359375 0.2671875 0.015625 0.0171875
27 0.3375 0.403125 0.015625 0.015625
3 0.3375 0.4203125 0.0109375 0.009375
27 0.3375 0.4421875 0.0171875 0.015625
16 0.4140625 0.1140625 0.2 0.2265625
31 0.39375 0.1078125 0.0078125 0.20625
27 0.4109375 0.0140625 0.015625 0.0171875
27 0.4875 0.203125 0.0046875 0.0203125
27 0.3359375 0.015625 0.0171875 0.01875
27 0.3375 0.1515625 0.015625 0.0140625
3 0.3375 0.16875 0.0109375 0.0078125
27 0.3375 0.1890625 0.01875 0.0171875
15 0.2765625 0.1140625 0.04375 0.2265625
27 0.2765625 0.0625 0.0125 0.0140625
3 0.275 0.1203125 0.0109375 0.084375
3 0.3359375 0.065625 0.0125 0.075
3 0.3359375 0.20625 0.0125 0.0078125
3 0.3671875 0.04375 0.0109375 0.0734375
3 0.409375 0.053125 0.0125 0.0546875
3 0.45 0.1078125 0.03125 0.2078125
3 0.4875 0.059375 0.015625 0.10625
3 0.4859375 0.3140625 0.0171875 0.1171875
3 0.45 0.3578125 0.03125 0.2046875
3 0.4109375 0.3046875 0.0125 0.053125
3 0.4109375 0.2 0.0125 0.021875
3 0.4109375 0.4515625 0.0125 0.0203125
3 0.3359375 0.459375 0.0125 0.009375
3 0.3359375 0.3140625 0.0125 0.06875
3 0.3671875 0.29375 0.0109375 0.0734375
3 0.271875 0.3140625 0.0171875 0.115625
3 0.234375 0.3609375 0.0328125 0.2078125
3 0.1953125 0.3046875 0.015625 0.0515625
3 0.1953125 0.4515625 0.0140625 0.021875
3 0.1515625 0.29375 0.0109375 0.0734375
3 0.1203125 0.3125 0.0140625 0.06875
3 0.121875 0.4578125 0.0125 0.009375
11 0.153125 0.4359375 0.0203125 0.0484375
11 0.3671875 0.4375 0.01875 0.0484375
11 0.3671875 0.184375 0.0234375 0.0515625
27 0.121875 0.5171875 0.0171875 0.015625
27 0.121875 0.76875 0.015625 0.0171875