16 0.4640625 0.1625 0.490625 0.3234375
3 0.490625 0.1421875 0.01875 0.2078125
23 0.5234375 0.159375 0.00625 0.2453125
16 0.4625 0.8453125 0.4890625 0.309375
23 0.5234375 0.8578125 0.0046875 0.25625
16 0.4625 0.509375 0.4890625 0.3328125
23 0.5234375 0.509375 0.0046875 0.2453125
28 0.5796875 0.1578125 0.04375 0.0578125
28 0.5796875 0.5109375 0.075 0.0546875
28 0.578125 0.859375 0.053125 0.040625
3 0.3453125 0.84375 0.04375 0.0828125
3 0.490625 0.8265625 0.0171875 0.1796875
3 0.34375 0.14375 0.053125 0.0875
3 0.45625 0.8078125 0.0140625 0.134375
3 0.4203125 0.83125 0.0171875 0.184375
3 0.6484375 0.85625 0.01875 0.09375
3 0.34375 0.49375 0.0515625 0.0875
3 0.45625 0.1296875 0.0140625 0.18125
3 0.7515625 0.415625 0.0171875 0.096875
3 0.75 0.6 0.015625 0.1
3 0.65 0.5078125 0.0203125 0.1078125
3 0.6484375 0.1578125 0.0203125 0.0625
3 0.4203125 0.115625 0.01875 0.15
3 0.328125 0.2046875 0.0140625 0.0265625
15 0.2640625 0.159375 0.040625 0.2453125
3 0.2625 0.1578125 0.0171875 0.109375
3 0.3296875 0.5546875 0.0109375 0.0234375
3 0.4203125 0.46875 0.015625 0.1578125
3 0.4546875 0.478125 0.0140625 0.1796875
3 0.490625 0.4671875 0.0140625 0.15
15 0.2625 0.5078125 0.0390625 0.24375
3 0.2625 0.509375 0.0140625 0.1109375
3 0.3296875 0.9046875 0.0109375 0.0234375
15 0.2640625 0.8578125 0.040625 0.24375
3 0.2625 0.8578125 0.0125 0.1078125
36 0.75 0.50625 0.03125 0.046875