10 0.9734375 0.5 0.040625 1
28 0.6640625 0.209375 0.378125 0.3671875
28 0.228125 0.7046875 0.4421875 0.3921875
3 0.9859375 0.0234375 0.0140625 0.046875
15 0.9828125 0.6 0.021875 0.0609375
3 0.9859375 0.6 0.0125 0.0328125
3 0.9859375 0.678125 0.009375 0.0578125
3 0.9859375 0.78125 0.0125 0.0796875
15 0.9828125 0.8921875 0.021875 0.1046875
3 0.9859375 0.89375 0.009375 0.0765625
3 0.7984375 0.675 0.028125 0.3296875
3 0.75625 0.6921875 0.034375 0.3671875
3 0.7 0.6734375 0.0125 0.275
3 0.659375 0.69375 0.0125 0.3140625
3 0.6203125 0.7171875 0.0140625 0.3625
3 0.5796875 0.6890625 0.0125 0.30625
3 0.5390625 0.703125 0.015625 0.3359375
27 0.7 0.5171875 0.0140625 0.0125
27 0.659375 0.5171875 0.0140625 0.0140625
27 0.6203125 0.5171875 0.0140625 0.0125
27 0.5796875 0.5171875 0.0140625 0.0140625
27 0.5390625 0.5171875 0.0140625 0.0125
27 0.2765625 0.0203125 0.0140625 0.0140625
27 0.2359375 0.0203125 0.0140625 0.0140625
27 0.196875 0.0203125 0.0140625 0.0140625
27 0.15625 0.0203125 0.0140625 0.0140625
27 0.115625 0.0203125 0.0140625 0.0140625
15 0.0609375 0.0734375 0.03125 0.1234375
27 0.0609375 0.03125 0.0140625 0.0125
3 0.0609375 0.084375 0.0125 0.075
3 0.115625 0.20625 0.0140625 0.3328125
3 0.15625 0.2015625 0.0125 0.325
3 0.1953125 0.09375 0.0140625 0.1078125
3 0.2359375 0.1171875 0.0140625 0.15625
3 0.2765625 0.125 0.0140625 0.1734375
3 0.3328125 0.203125 0.034375 0.38125
3 0.375 0.146875 0.028125 0.265625