33 0.6515625 0.184375 0.1046875 0.0171875
37 0.290625 0.696875 0.571875 0.28125
33 0.0875 0.65625 0.078125 0.0125
3 0.296875 0.828125 0.496875 0.0125
33 0.0875 0.80625 0.0765625 0.0140625
3 0.078125 0.5703125 0.1125 0.0140625
3 0.18125 0.56875 0.028125 0.015625
3 0.253125 0.5703125 0.0515625 0.0171875
3 0.0796875 0.6390625 0.0640625 0.0125
3 0.0765625 0.6234375 0.0609375 0.0140625
3 0.309375 0.6953125 0.5265625 0.04375
3 0.0796875 0.7890625 0.065625 0.009375
3 0.0765625 0.771875 0.0578125 0.0125
23 0.3109375 0.7375 0.5265625 0.0046875
11 0.021875 0.6328125 0.025 0.0296875
11 0.0234375 0.7828125 0.025 0.0265625
23 0.7921875 0.678125 0.3921875 0.003125
23 0.7921875 0.5515625 0.3921875 0.003125
3 0.6171875 0.5796875 0.04375 0.0109375
3 0.7859375 0.6265625 0.3859375 0.059375
3 0.6140625 0.7078125 0.0359375 0.0109375
27 0.6125 0.7390625 0.0125 0.0125
27 0.64375 0.740625 0.0140625 0.0109375
27 0.6765625 0.7390625 0.0125 0.0125
27 0.7078125 0.7390625 0.0125 0.0125
3 0.628125 0.4390625 0.065625 0.0140625
3 0.68125 0.465625 0.1703125 0.0109375
3 0.65625 0.484375 0.1203125 0.0125
3 0.653125 0.503125 0.1109375 0.0109375
3 0.6625 0.5234375 0.1265625 0.009375
15 0.6890625 0.3734375 0.1875 0.0359375
3 0.6890625 0.3734375 0.0640625 0.0125
15 0.89375 0.3734375 0.1875 0.0375
3 0.89375 0.3734375 0.0515625 0.0140625
23 0.7921875 0.409375 0.3921875 0.003125
3 0.721875 0.2171875 0.253125 0.0265625
3 0.678125 0.246875 0.1625 0.0125
3 0.7859375 0.3046875 0.384375 0.06875
16 0.2921875 0.3515625 0.56875 0.3640625