3 0.925 0.8265625 0.0390625 0.2578125
3 0.6921875 0.3640625 0.06875 0.628125
3 0.7515625 0.559375 0.021875 0.2390625
3 0.478125 0.446875 0.0203125 0.459375
28 0.69375 0.8125 0.221875 0.2234375
28 0.4296875 0.8140625 0.225 0.2234375
28 0.16875 0.8140625 0.2265625 0.2234375
3 0.8734375 0.70625 0.025 0.5
3 0.790625 0.6328125 0.015625 0.0921875
3 0.171875 0.3734375 0.0453125 0.60625
3 0.4328125 0.3828125 0.04375 0.590625
3 0.2203125 0.5234375 0.0234375 0.3109375
19 0.790625 0.5375 0.025 0.0734375
3 0.790625 0.5375 0.0125 0.0578125
3 0.603125 0.51875 0.0171875 0.221875
3 0.5171875 0.634375 0.0171875 0.084375
19 0.5171875 0.5640625 0.025 0.0375
3 0.5171875 0.5640625 0.009375 0.021875
3 0.353125 0.509375 0.0171875 0.240625
3 0.259375 0.6328125 0.0171875 0.0890625
19 0.2578125 0.5078125 0.025 0.1359375
3 0.259375 0.509375 0.0140625 0.115625
3 0.0953125 0.4734375 0.015625 0.309375
11 0.0953125 0.6609375 0.028125 0.03125
11 0.353125 0.6609375 0.0296875 0.028125
11 0.603125 0.6609375 0.0296875 0.028125
23 0.1328125 0.35625 0.00625 0.64375
23 0.3921875 0.35625 0.0046875 0.640625
23 0.6421875 0.35625 0.0046875 0.6390625