3 0.2484375 0.1484375 0.496875 0.021875
3 0.040625 0.2296875 0.0796875 0.0203125
3 0.0671875 0.6421875 0.134375 0.0171875
3 0.409375 0.2234375 0.078125 0.0140625
3 0.075 0.525 0.15 0.01875
3 0.4578125 0.315625 0.1796875 0.015625
3 0.05625 0.321875 0.1125 0.021875
3 0.46875 0.40625 0.2 0.015625
3 0.0875 0.734375 0.175 0.0203125
3 0.9890625 0.64375 0.021875 0.015625
3 0.9890625 0.3203125 0.0203125 0.015625
3 0.01875 0.4125 0.0375 0.0171875
3 0.990625 0.4109375 0.01875 0.015625
3 0.9890625 0.734375 0.021875 0.015625
3 0.9890625 0.2296875 0.0203125 0.015625
3 0.1390625 0.5609375 0.278125 0.015625
3 0.1078125 0.8265625 0.14375 0.0171875
23 0.5 0.7796875 0.9984375 0.009375
23 0.5 0.6890625 1 0.00625
23 0.5 0.365625 1 0.0046875
23 0.5 0.5984375 1 0.009375
23 0.5 0.275 1 0.0046875
27 0.01875 0.825 0.0140625 0.0140625
23 0.5 0.184375 1 0.0078125