33 0.31875 0.065625 0.1078125 0.01875
3 0.3453125 0.028125 0.2421875 0.0296875
3 0.7421875 0.028125 0.0625 0.0296875
3 0.234375 0.0671875 0.0234375 0.0140625
3 0.4671875 0.0671875 0.1390625 0.0140625
3 0.246875 0.1109375 0.04375 0.015625
3 0.2421875 0.2171875 0.0359375 0.0171875
15 0.2640625 0.265625 0.0765625 0.0546875
3 0.2640625 0.2640625 0.03125 0.015625
15 0.3578125 0.265625 0.078125 0.053125
3 0.35625 0.265625 0.0234375 0.0140625
15 0.4515625 0.265625 0.078125 0.053125
3 0.4515625 0.265625 0.0140625 0.0140625
15 0.5453125 0.265625 0.0765625 0.0546875
3 0.5453125 0.265625 0.015625 0.0140625
15 0.6390625 0.265625 0.078125 0.053125
3 0.640625 0.265625 0.0109375 0.015625
15 0.734375 0.265625 0.078125 0.053125
3 0.734375 0.265625 0.01875 0.015625
3 0.721875 0.21875 0.0859375 0.0140625
15 0.4984375 0.3421875 0.5484375 0.05
3 0.4984375 0.3421875 0.109375 0.01875
3 0.2734375 0.3984375 0.0984375 0.01875
3 0.496875 0.453125 0.55 0.0609375
3 0.421875 0.5125 0.396875 0.01875
3 0.271875 0.5734375 0.096875 0.01875
3 0.3515625 0.6109375 0.2109375 0.015625
3 0.3171875 0.6359375 0.1421875 0.015625
3 0.3125 0.6609375 0.1328125 0.0125
3 0.3234375 0.6890625 0.1578125 0.015625
3 0.3125 0.715625 0.1359375 0.015625
3 0.359375 0.7421875 0.2265625 0.0171875
3 0.334375 0.7671875 0.178125 0.015625
16 0.35625 0.89375 0.2609375 0.165625
3 0.35625 0.9015625 0.16875 0.021875
3 0.3546875 0.925 0.1609375 0.015625
16 0.6421875 0.8921875 0.2609375 0.165625
3 0.640625 0.9 0.1703125 0.01875
3 0.640625 0.925 0.1921875 0.015625
27 0.246875 0.1546875 0.040625 0.0421875
27 0.2953125 0.15625 0.0390625 0.040625
27 0.23125 0.609375 0.00625 0.00625
27 0.23125 0.6359375 0.00625 0.0078125
27 0.2328125 0.6609375 0.00625 0.00625
27 0.2328125 0.6890625 0.00625 0.00625
27 0.2328125 0.715625 0.0078125 0.0078125
27 0.23125 0.7421875 0.0078125 0.00625
27 0.2328125 0.7671875 0.0078125 0.0078125
27 0.3546875 0.8640625 0.028125 0.0203125
27 0.6421875 0.865625 0.025 0.0203125
23 0.4984375 0.5421875 0.5484375 0.0046875