22 0.5015625 0.496875 0.56875 0.5671875
3 0.740625 0.7515625 0.0546875 0.0171875
3 0.7328125 0.7140625 0.0703125 0.0109375
3 0.753125 0.684375 0.015625 0.009375
3 0.6921875 0.6765625 0.071875 0.0078125
3 0.6984375 0.690625 0.059375 0.009375
3 0.55 0.690625 0.0765625 0.009375
3 0.53125 0.678125 0.0375 0.0109375
3 0.43125 0.7140625 0.125 0.0109375
27 0.246875 0.7515625 0.0109375 0.0140625
20 0.365625 0.6734375 0.259375 0.03125
16 0.6390625 0.490625 0.259375 0.3265625
3 0.721875 0.6328125 0.071875 0.009375
3 0.6921875 0.6015625 0.128125 0.0109375
3 0.525 0.603125 0.0140625 0.0078125
37 0.3640625 0.4390625 0.275 0.421875
3 0.43125 0.634375 0.0296875 0.0109375
3 0.3 0.634375 0.028125 0.0109375
3 0.4296875 0.5953125 0.125 0.0109375
3 0.3859375 0.55 0.0125 0.0171875
3 0.3578125 0.5484375 0.0328125 0.0171875
3 0.4765625 0.5078125 0.0140625 0.0109375
3 0.4390625 0.50625 0.0171875 0.0109375
3 0.39375 0.50625 0.021875 0.0109375
3 0.35 0.5078125 0.021875 0.0109375
3 0.3046875 0.5078125 0.0265625 0.0140625
3 0.259375 0.5078125 0.025 0.0109375
3 0.2234375 0.50625 0.0078125 0.009375
3 0.7421875 0.584375 0.0265625 0.009375
3 0.5265625 0.5625 0.009375 0.009375
3 0.528125 0.521875 0.0125 0.009375
3 0.5265625 0.48125 0.0109375 0.009375
3 0.5359375 0.4109375 0.0328125 0.0109375
3 0.5359375 0.3875 0.028125 0.0109375
3 0.5390625 0.359375 0.034375 0.009375
3 0.7390625 0.409375 0.0359375 0.009375
3 0.734375 0.3859375 0.0453125 0.009375
3 0.74375 0.359375 0.025 0.0109375
3 0.7421875 0.4625 0.028125 0.0078125
3 0.703125 0.5609375 0.1078125 0.0109375
3 0.740625 0.54375 0.0296875 0.009375
3 0.71875 0.5203125 0.071875 0.009375
3 0.740625 0.503125 0.03125 0.0109375
3 0.7125 0.4796875 0.0859375 0.009375
15 0.365625 0.2484375 0.25625 0.03125
3 0.3640625 0.246875 0.0453125 0.0109375
3 0.453125 0.45625 0.0109375 0.0125
3 0.453125 0.403125 0.0109375 0.0125
3 0.365625 0.4546875 0.009375 0.0125
3 0.278125 0.4546875 0.009375 0.0125
3 0.365625 0.4015625 0.009375 0.0125
3 0.278125 0.4015625 0.0109375 0.0140625
3 0.453125 0.3484375 0.0109375 0.0140625
3 0.453125 0.290625 0.0078125 0.00625
3 0.365625 0.2953125 0.0109375 0.0125
3 0.365625 0.3484375 0.009375 0.0140625
3 0.278125 0.3484375 0.0109375 0.0109375
27 0.2765625 0.2953125 0.0140625 0.0125