16 0.1578125 0.4890625 0.3140625 0.125
16 0.490625 0.4890625 0.33125 0.125
16 0.8328125 0.4890625 0.3296875 0.125
3 0.0359375 0.575 0.071875 0.015625
3 0.053125 0.5265625 0.0625 0.0109375
3 0.1421875 0.4890625 0.284375 0.0234375
3 0.0515625 0.4515625 0.05625 0.0109375
3 0.4015625 0.5265625 0.075 0.0125
3 0.484375 0.4890625 0.2875 0.0234375
3 0.396875 0.4515625 0.0609375 0.009375
3 0.590625 0.4515625 0.0171875 0.00625
3 0.6359375 0.4515625 0.009375 0.0078125
3 0.7390625 0.5265625 0.0703125 0.009375
3 0.828125 0.4890625 0.2875 0.0234375
3 0.9328125 0.4515625 0.0125 0.00625
3 0.978125 0.4515625 0.009375 0.00625
3 0.734375 0.453125 0.0515625 0.0078125
27 0.9125 0.4515625 0.0109375 0.0109375
27 0.959375 0.4515625 0.0125 0.0109375
27 0.61875 0.4515625 0.0125 0.0109375
27 0.56875 0.4515625 0.0125 0.0109375
27 0.228125 0.4515625 0.009375 0.0109375
27 0.2765625 0.4515625 0.0125 0.0109375
3 0.2484375 0.4515625 0.015625 0.0078125
3 0.29375 0.4515625 0.009375 0.00625
11 0.009375 0.4515625 0.01875 0.0203125
11 0.3515625 0.4515625 0.0203125 0.0203125
11 0.69375 0.4515625 0.0203125 0.0203125
28 0.6921875 0.525 0.015625 0.015625
28 0.35 0.525 0.0109375 0.015625
28 0.0078125 0.525 0.015625 0.0140625