3 0.6796875 0.2171875 0.0578125 0.0109375
3 0.5765625 0.215625 0.059375 0.009375
3 0.3984375 0.215625 0.0546875 0.009375
3 0.4859375 0.215625 0.0421875 0.009375
3 0.0390625 0.2171875 0.0421875 0.0109375
15 0.54375 0.4390625 0.36875 0.0296875
15 0.6125 0.6953125 0.1046875 0.034375
3 0.6125 0.6953125 0.075 0.0125
15 0.4859375 0.6953125 0.1265625 0.034375
3 0.49375 0.6953125 0.0765625 0.009375
27 0.44375 0.6953125 0.0078125 0.0078125
3 0.54375 0.6109375 0.5453125 0.0140625
3 0.54375 0.634375 0.48125 0.015625
3 0.54375 0.5046875 0.44375 0.0515625
3 0.54375 0.5546875 0.365625 0.0421875
3 0.596875 0.4390625 0.2375 0.0109375
3 0.4109375 0.440625 0.0765625 0.0109375
3 0.4640625 0.4390625 0.0234375 0.0109375
27 0.00625 0.2171875 0.00625 0.009375