37 0.753125 0.4875 0.4921875 0.14375
37 0.2484375 0.4875 0.4921875 0.14375
3 0.0359375 0.5484375 0.0453125 0.009375
3 0.1046875 0.546875 0.0453125 0.009375
3 0.1765625 0.5484375 0.0546875 0.009375
3 0.0671875 0.5828125 0.128125 0.015625
3 0.05625 0.5140625 0.0796875 0.0109375
3 0.24375 0.4796875 0.453125 0.021875
3 0.753125 0.5140625 0.0796875 0.0140625
3 0.6796875 0.546875 0.04375 0.0109375
3 0.746875 0.5484375 0.046875 0.009375
3 0.8203125 0.546875 0.0546875 0.0109375
3 0.753125 0.4859375 0.453125 0.0078125
3 0.753125 0.4734375 0.0328125 0.0109375
15 0.7515625 0.4421875 0.075 0.0234375
3 0.7515625 0.4421875 0.05 0.0078125
15 0.053125 0.4421875 0.0734375 0.0234375
3 0.053125 0.440625 0.05 0.0078125