3 0.496875 0.528125 0.9625 0.646875
21 0.5 0.58125 0.91875 0.4953125
38 0.4359375 0.290625 0.784375 0.0375
15 0.9 0.290625 0.10625 0.0359375
27 0.8640625 0.290625 0.009375 0.0109375
15 0.915625 0.2421875 0.0703125 0.021875
27 0.8921875 0.24375 0.00625 0.0078125
3 0.909375 0.290625 0.05625 0.0125
3 0.9203125 0.24375 0.046875 0.0078125
14 0.9234375 0.175 0.115625 0.01875
27 0.053125 0.2421875 0.01875 0.01875
27 0.0265625 0.175 0.01875 0.01875
3 0.1015625 0.175 0.1234375 0.0125
3 0.1234375 0.24375 0.1109375 0.0125