3 0.246875 0.54375 0.0359375 0.48125
3 0.2109375 0.54375 0.015625 0.153125
24 0.3484375 0.515625 0.034375 0.9671875
3 0.315625 0.0515625 0.0109375 0.040625
24 0.696875 0.5171875 0.0359375 0.965625
24 0.6609375 0.515625 0.0328125 0.9671875
3 0.6296875 0.05625 0.0125 0.053125
24 0.384375 0.515625 0.034375 0.9671875
24 0.4203125 0.515625 0.0328125 0.9671875
24 0.45625 0.515625 0.0328125 0.9671875
24 0.49375 0.515625 0.0328125 0.9671875
24 0.53125 0.5171875 0.0359375 0.965625
24 0.5703125 0.5171875 0.0375 0.965625
24 0.734375 0.515625 0.0328125 0.9671875
24 0.7703125 0.5171875 0.034375 0.965625