3 0.2546875 0.2703125 0.3953125 0.034375
3 0.2921875 0.3125 0.46875 0.0171875
3 0.7671875 0.5109375 0.321875 0.1484375
3 0.6984375 0.6234375 0.084375 0.0140625
3 0.6703125 0.6421875 0.0296875 0.0109375
3 0.228125 0.73125 0.34375 0.01875
15 0.3125 0.68125 0.5109375 0.0515625
3 0.3140625 0.68125 0.06875 0.015625
38 0.18125 0.378125 0.2453125 0.040625
38 0.4453125 0.378125 0.246875 0.040625
38 0.4453125 0.45625 0.246875 0.040625
38 0.18125 0.45625 0.2453125 0.0421875
39 0.3140625 0.5765625 0.5109375 0.1296875
11 0.625 0.63125 0.040625 0.0375
28 0.653125 0.4015625 0.0828125 0.025