3 0.7875 0.465625 0.425 0.015625
3 0.9546875 0.425 0.0890625 0.0140625
15 0.9171875 0.371875 0.1640625 0.046875
3 0.91875 0.371875 0.1359375 0.01875
3 0.80625 0.5625 0.3859375 0.0515625
3 0.771875 0.44375 0.45625 0.015625
10 0.5 0.7828125 1 0.0265625
28 0.253125 0.4859375 0.50625 0.5640625
3 0.0765625 0.7921875 0.046875 0.0078125
3 0.153125 0.7921875 0.028125 0.0078125
3 0.234375 0.7921875 0.0578125 0.0078125
3 0.3171875 0.7921875 0.028125 0.009375
27 0.965625 0.7921875 0.015625 0.009375
3 0.90625 0.5109375 0.1859375 0.05