3 0.3890625 0.9140625 0.234375 0.0203125
3 0.3359375 0.8265625 0.203125 0.0203125
3 0.3359375 0.534375 0.2015625 0.0203125
3 0.325 0.175 0.1765625 0.021875
3 0.375 0.1234375 0.2046875 0.0203125
15 0.5125 0.0203125 0.55625 0.0390625
3 0.53125 0.0125 0.090625 0.01875
18 0.2546875 0.1234375 0.021875 0.021875
23 0.5125 0.071875 0.5578125 0.009375
23 0.5125 0.21875 0.5578125 0.0078125
23 0.5109375 0.5765625 0.559375 0.00625
23 0.5125 0.871875 0.5578125 0.0078125
18 0.2546875 0.915625 0.0234375 0.025
38 0.3734375 0.290625 0.278125 0.0515625
38 0.3734375 0.353125 0.278125 0.05
38 0.6578125 0.353125 0.265625 0.0515625
38 0.5125 0.4171875 0.5578125 0.0515625
38 0.3734375 0.4828125 0.278125 0.053125
38 0.6578125 0.484375 0.265625 0.0515625
38 0.459375 0.646875 0.4484375 0.053125
38 0.74375 0.646875 0.0953125 0.05
38 0.5125 0.7125 0.55625 0.0515625
38 0.5125 0.7765625 0.55625 0.0515625
38 0.5125 0.9765625 0.55625 0.0453125
20 0.6578125 0.2890625 0.265625 0.05