10 0.5 0.88125 1 0.0484375
28 0.0046875 0.89375 0.0078125 0.0234375
3 0.0390625 0.8921875 0.053125 0.015625
15 0.628125 0.8921875 0.0609375 0.028125
3 0.628125 0.8921875 0.0328125 0.009375
3 0.709375 0.8921875 0.0578125 0.009375
3 0.8125 0.8921875 0.08125 0.0109375
15 0.9265625 0.8921875 0.10625 0.028125
3 0.928125 0.8921875 0.0765625 0.0109375
3 0.4828125 0.8 0.1484375 0.025
3 0.484375 0.7609375 0.521875 0.0375
16 0.609375 0.6125 0.2453125 0.215625
3 0.58125 0.6890625 0.046875 0.0125
16 0.6109375 0.4125 0.24375 0.1625
3 0.5953125 0.4453125 0.0734375 0.0109375
3 0.58125 0.465625 0.0484375 0.0125
16 0.1125 0.4203125 0.225 0.18125
3 0.0703125 0.4828125 0.0375 0.0125
16 0.1125 0.6203125 0.2234375 0.1984375
3 0.0671875 0.690625 0.0296875 0.0109375
16 0.8640625 0.4546875 0.24375 0.146875
3 0.8265625 0.4984375 0.0328125 0.0109375
16 0.8640625 0.628125 0.2421875 0.18125
3 0.8328125 0.690625 0.0421875 0.0109375
16 0.35625 0.5859375 0.240625 0.265625
3 0.3234375 0.690625 0.0375 0.0125
16 0.3578125 0.3359375 0.2421875 0.215625
3 0.325 0.4140625 0.0390625 0.0140625
16 0.8625 0.2796875 0.24375 0.1796875
3 0.8359375 0.3421875 0.0484375 0.0140625
3 0.85 0.48125 0.0796875 0.0125
3 0.5984375 0.6703125 0.08125 0.0140625
3 0.0859375 0.4640625 0.0671875 0.0125
3 0.859375 0.6703125 0.0984375 0.0140625
3 0.359375 0.39375 0.1140625 0.0140625
3 0.1 0.6703125 0.096875 0.0140625
3 0.359375 0.6703125 0.115625 0.0140625
3 0.8671875 0.321875 0.109375 0.0125
3 0.8515625 0.6046875 0.184375 0.0828125
3 0.60625 0.5859375 0.203125 0.11875
3 0.8640625 0.2546875 0.2171875 0.0859375
3 0.0984375 0.596875 0.1953125 0.0984375
3 0.353125 0.309375 0.2109375 0.1171875
3 0.1015625 0.3953125 0.203125 0.0828125
3 0.60625 0.3875 0.1984375 0.0640625
3 0.859375 0.428125 0.203125 0.046875
3 0.3546875 0.5609375 0.2046875 0.1671875
11 0.01875 0.68125 0.034375 0.034375
11 0.01875 0.4734375 0.034375 0.034375
11 0.271875 0.6828125 0.0328125 0.0328125
11 0.778125 0.490625 0.0328125 0.034375
11 0.271875 0.4046875 0.034375 0.034375
11 0.778125 0.68125 0.0328125 0.0328125
11 0.525 0.6828125 0.0328125 0.03125
11 0.5234375 0.45625 0.0359375 0.0375
11 0.778125 0.3328125 0.034375 0.034375
15 0.4828125 0.1625 0.0921875 0.0359375
3 0.484375 0.1625 0.0609375 0.0125