3 0.490625 0.2296875 0.4953125 0.0328125
16 0.1953125 0.409375 0.278125 0.228125
3 0.1953125 0.46875 0.221875 0.0578125
3 0.19375 0.4171875 0.1171875 0.015625
16 0.490625 0.409375 0.2765625 0.225
3 0.4890625 0.46875 0.2234375 0.0578125
16 0.7859375 0.409375 0.278125 0.2234375
3 0.784375 0.4671875 0.225 0.0625
16 0.1953125 0.653125 0.278125 0.2265625
3 0.19375 0.7109375 0.2171875 0.0609375
16 0.4921875 0.653125 0.2765625 0.2265625
3 0.4921875 0.7125 0.2109375 0.0625
16 0.7859375 0.653125 0.2765625 0.2265625
3 0.7859375 0.7125 0.221875 0.059375
3 0.784375 0.41875 0.1453125 0.015625
3 0.7859375 0.6609375 0.0828125 0.0140625
3 0.490625 0.6609375 0.1921875 0.0140625
3 0.490625 0.41875 0.21875 0.0140625
3 0.1921875 0.6625 0.20625 0.0140625
28 0.19375 0.596875 0.065625 0.0671875
28 0.1953125 0.353125 0.0625 0.0609375
28 0.4890625 0.3515625 0.059375 0.0609375
28 0.7859375 0.353125 0.059375 0.0609375
28 0.490625 0.596875 0.065625 0.065625
28 0.7859375 0.5984375 0.065625 0.0671875