3 0.1625 0.528125 0.3109375 0.028125
21 0.4953125 0.7265625 0.9734375 0.3328125
15 0.71875 0.525 0.1390625 0.0375
3 0.71875 0.525 0.05 0.0125
27 0.8265625 0.525 0.0140625 0.0140625
11 0.91875 0.525 0.1234375 0.0375
28 0.4953125 0.340625 0.975 0.284375
14 0.125 0.171875 0.234375 0.015625
38 0.134375 0.11875 0.2484375 0.0375
27 0.559375 0.1203125 0.0140625 0.0171875
27 0.615625 0.11875 0.0140625 0.0171875
29 0.7296875 0.11875 0.15625 0.0375
15 0.9046875 0.11875 0.15625 0.0375
3 0.903125 0.1203125 0.040625 0.0125