16 0.496875 0.4984375 0.9296875 0.540625
3 0.8484375 0.7078125 0.0578125 0.021875
16 0.284375 0.4984375 0.4140625 0.4515625
3 0.3828125 0.6671875 0.1171875 0.01875
3 0.1375 0.66875 0.046875 0.01875
3 0.1390625 0.5921875 0.0421875 0.0171875
3 0.1375 0.515625 0.0421875 0.0171875
3 0.1375 0.4390625 0.040625 0.0171875
3 0.39375 0.4390625 0.0921875 0.0171875
16 0.2734375 0.346875 0.3703125 0.1046875
3 0.39375 0.36875 0.0828125 0.01875
3 0.2875 0.36875 0.0640625 0.01875
3 0.203125 0.3703125 0.0390625 0.0171875
3 0.3890625 0.3359375 0.0125 0.0171875
3 0.2734375 0.3359375 0.0140625 0.01875
3 0.178125 0.334375 0.0125 0.0171875
3 0.3203125 0.4390625 0.01875 0.0125
3 0.2375 0.515625 0.0203125 0.0140625
3 0.3515625 0.5140625 0.175 0.0203125
3 0.3921875 0.590625 0.0953125 0.0203125
3 0.315625 0.5921875 0.01875 0.0140625
3 0.296875 0.66875 0.01875 0.015625
27 0.4515625 0.66875 0.0125 0.0140625
27 0.4515625 0.5921875 0.0140625 0.0125
27 0.4515625 0.515625 0.0140625 0.0125
27 0.4515625 0.4390625 0.0125 0.0140625
27 0.41875 0.3359375 0.028125 0.028125
27 0.303125 0.3359375 0.0265625 0.028125
27 0.20625 0.3359375 0.0265625 0.0296875
27 0.9015625 0.7078125 0.0265625 0.028125
23 0.2875 0.6375 0.34375 0.00625
23 0.2875 0.5609375 0.340625 0.0046875
23 0.2875 0.4828125 0.34375 0.00625
1 0.725 0.465625 0.3859375 0.3875
3 0.725 0.4234375 0.121875 0.0203125
3 0.728125 0.48125 0.1796875 0.0796875