10 0.5 0.815625 1 0.040625
28 0.7328125 0.5921875 0.503125 0.3828125
3 0.4765625 0.821875 0.05625 0.0140625
3 0.5671875 0.821875 0.06875 0.015625
3 0.65625 0.821875 0.0515625 0.0140625
15 0.775 0.8203125 0.11875 0.0296875
3 0.7765625 0.821875 0.090625 0.0140625
3 0.890625 0.821875 0.040625 0.0140625
15 0.965625 0.821875 0.06875 0.028125
3 0.9703125 0.821875 0.05 0.0140625
3 0.0484375 0.66875 0.096875 0.0125
3 0.1 0.6359375 0.2 0.0296875
3 0.1953125 0.5796875 0.390625 0.0546875
15 0.0484375 0.5171875 0.0953125 0.0265625
3 0.04375 0.5171875 0.0859375 0.0125
3 0.0609375 0.3125 0.121875 0.025
3 0.3078125 0.25 0.615625 0.05625
3 0.315625 0.190625 0.63125 0.0296875
3 0.815625 0.34375 0.0859375 0.028125
3 0.815625 0.3125 0.125 0.0140625
3 0.815625 0.2625 0.0671875 0.0265625
3 0.8140625 0.2296875 0.1 0.0140625
3 0.815625 0.178125 0.0703125 0.0234375