22 0.5015625 0.4984375 0.5546875 0.484375
3 0.2734375 0.2828125 0.0609375 0.0125
38 0.4 0.34375 0.1890625 0.03125
3 0.3265625 0.31875 0.0421875 0.0078125
38 0.590625 0.34375 0.1625 0.03125
3 0.528125 0.31875 0.0359375 0.0078125
39 0.5015625 0.41875 0.5203125 0.0625
3 0.2734375 0.3765625 0.0625 0.009375
38 0.725 0.34375 0.0734375 0.03125
3 0.6984375 0.31875 0.01875 0.0078125
38 0.5015625 0.5140625 0.521875 0.0328125
3 0.296875 0.4890625 0.1125 0.009375
39 0.5015625 0.596875 0.521875 0.0796875
3 0.30625 0.546875 0.1328125 0.0078125
3 0.3125 0.6625 0.075 0.0109375
15 0.303125 0.709375 0.1203125 0.0296875
3 0.3140625 0.709375 0.065625 0.0109375
15 0.7140625 0.709375 0.0953125 0.0296875
3 0.7140625 0.709375 0.0375 0.0109375
27 0.7515625 0.2828125 0.009375 0.0109375
27 0.359375 0.6625 0.009375 0.0109375
27 0.265625 0.7078125 0.0140625 0.009375
36 0.2546875 0.6625 0.025 0.015625
28 0.265625 0.334375 0.0484375 0.046875