3 0.496875 0.3125 0.1828125 0.0265625
16 0.4984375 0.553125 0.3203125 0.3328125
3 0.49375 0.64375 0.303125 0.046875
16 0.825 0.5515625 0.3203125 0.3328125
3 0.809375 0.6421875 0.278125 0.0484375
16 0.1734375 0.5515625 0.321875 0.3359375
3 0.165625 0.64375 0.29375 0.0515625
3 0.14375 0.6046875 0.246875 0.0234375
3 0.4734375 0.603125 0.259375 0.0140625
3 0.784375 0.603125 0.228125 0.0125
3 0.0515625 0.578125 0.0625 0.009375
3 0.3703125 0.578125 0.0546875 0.009375
3 0.6984375 0.5765625 0.059375 0.009375
19 0.1265625 0.578125 0.075 0.0171875
3 0.1265625 0.578125 0.0625 0.009375
19 0.4625 0.578125 0.1140625 0.0171875
3 0.4625 0.578125 0.1015625 0.009375
19 0.7765625 0.578125 0.0859375 0.0171875
3 0.7765625 0.578125 0.0734375 0.0078125
3 0.7796875 0.7 0.128125 0.0109375
3 0.7578125 0.684375 0.08125 0.0109375
3 0.4875 0.7 0.19375 0.0140625
3 0.16875 0.7 0.2109375 0.0140625
11 0.6875 0.690625 0.034375 0.0328125
11 0.3625 0.690625 0.034375 0.034375
11 0.0375 0.690625 0.0328125 0.0328125
3 0.10625 0.684375 0.08125 0.0125
3 0.4390625 0.684375 0.09375 0.0125
3 0.4984375 0.3484375 0.3375 0.0171875
28 0.1734375 0.475 0.30625 0.165625
28 0.4984375 0.475 0.30625 0.1640625
28 0.825 0.475 0.30625 0.1640625