3 0.2453125 0.7515625 0.0234375 0.428125
3 0.284375 0.7109375 0.01875 0.5078125
3 0.5 0.1953125 0.1625 0.35
3 0.621875 0.26875 0.015625 0.0921875
3 0.6421875 0.3 0.0125 0.03125
3 0.740625 0.78125 0.0203125 0.371875
15 0.684375 0.6875 0.05625 0.5546875
3 0.684375 0.6875 0.0171875 0.0734375
38 0.35625 0.83125 0.04375 0.265625
38 0.35625 0.5453125 0.0453125 0.26875
38 0.440625 0.54375 0.04375 0.2671875
38 0.440625 0.83125 0.0453125 0.2671875
39 0.5703125 0.6875 0.140625 0.5546875
11 0.6296875 0.35 0.040625 0.04375
28 0.38125 0.31875 0.0265625 0.0890625