16 0.490625 0.5109375 0.7484375 0.940625
3 0.6765625 0.271875 0.0359375 0.13125
3 0.5265625 0.2484375 0.028125 0.08125
3 0.378125 0.2453125 0.028125 0.0765625
3 0.2265625 0.2515625 0.034375 0.084375
3 0.6765625 0.8828125 0.0375 0.121875
3 0.228125 0.88125 0.0375 0.125
3 0.5265625 0.8828125 0.034375 0.1203125
3 0.3765625 0.8828125 0.0390625 0.1203125
3 0.7875 0.16875 0.0421875 0.19375
28 0.659375 0.128125 0.1015625 0.1
28 0.5109375 0.1265625 0.103125 0.1
28 0.3609375 0.1265625 0.103125 0.096875
28 0.2125 0.1265625 0.1015625 0.0984375
31 0.6359375 0.575 0.0234375 0.7328125
31 0.4859375 0.578125 0.01875 0.7421875
31 0.3375 0.575 0.021875 0.740625
31 0.1875 0.575 0.0203125 0.7359375
27 0.7859375 0.8921875 0.0171875 0.0375