3 0.4578125 0.159375 0.1578125 0.0265625
3 0.4578125 0.2 0.5546875 0.0390625
16 0.5921875 0.3578125 0.259375 0.2296875
3 0.5625 0.275 0.05 0.0140625
16 0.5921875 0.5703125 0.259375 0.171875
3 0.5765625 0.534375 0.0765625 0.0125
3 0.5625 0.5125 0.05 0.0140625
16 0.0921875 0.5609375 0.184375 0.1921875
3 0.0203125 0.4953125 0.0390625 0.0125
16 0.090625 0.3484375 0.18125 0.209375
3 0.015625 0.2734375 0.03125 0.0125
16 0.8625 0.525 0.259375 0.15625
3 0.821875 0.478125 0.034375 0.0125
16 0.8609375 0.340625 0.25625 0.1921875
3 0.828125 0.275 0.04375 0.0125
16 0.3234375 0.384375 0.25625 0.28125
3 0.2890625 0.275 0.040625 0.0125
16 0.3234375 0.6515625 0.2578125 0.228125
3 0.2890625 0.56875 0.040625 0.0140625
16 0.8609375 0.709375 0.2578125 0.190625
3 0.83125 0.64375 0.0515625 0.015625
3 0.846875 0.496875 0.084375 0.0125
3 0.5796875 0.2953125 0.0859375 0.0140625
3 0.0359375 0.5140625 0.0703125 0.0125
3 0.85625 0.2953125 0.103125 0.0140625
3 0.3265625 0.5875 0.121875 0.0140625
3 0.0515625 0.2953125 0.1015625 0.0140625
3 0.325 0.2953125 0.1234375 0.0140625
3 0.865625 0.665625 0.1171875 0.0140625
3 0.8484375 0.365625 0.196875 0.0875
3 0.5875 0.384375 0.215625 0.1265625
3 0.8609375 0.7359375 0.23125 0.090625
3 0.0765625 0.3734375 0.153125 0.1046875
3 0.31875 0.678125 0.225 0.125
3 0.08125 0.5875 0.1609375 0.0890625
3 0.5875 0.596875 0.2109375 0.06875
3 0.85625 0.5515625 0.215625 0.05
3 0.321875 0.4109375 0.2171875 0.178125
11 0.2328125 0.2828125 0.0359375 0.0359375
11 0.7703125 0.4859375 0.0359375 0.0359375
11 0.2328125 0.5765625 0.0359375 0.0359375
11 0.7703125 0.2828125 0.034375 0.0359375
11 0.5015625 0.2828125 0.034375 0.034375
11 0.5015625 0.5234375 0.0375 0.040625
11 0.7703125 0.653125 0.0359375 0.0359375
15 0.4578125 0.834375 0.096875 0.0375
3 0.4578125 0.834375 0.0640625 0.0140625