15 0.9265625 0.66875 0.084375 0.03125
3 0.928125 0.66875 0.0625 0.0125
3 0.09375 0.384375 0.128125 0.0265625
3 0.2296875 0.4359375 0.4015625 0.03125
3 0.1078125 0.5546875 0.1125 0.0140625
3 0.103125 0.51875 0.0984375 0.0140625
3 0.1765625 0.4828125 0.2421875 0.0109375
27 0.0390625 0.48125 0.0140625 0.0109375
27 0.0375 0.5171875 0.0140625 0.0125
27 0.0390625 0.553125 0.015625 0.0125
39 0.7625 0.58125 0.4125 0.1140625
38 0.7625 0.4921875 0.4125 0.0375
38 0.7625 0.4421875 0.4125 0.0375
38 0.7625 0.390625 0.4140625 0.0359375
38 0.6546875 0.340625 0.196875 0.0359375
38 0.8703125 0.340625 0.196875 0.034375