5 0.096875 0.5 0.19375 0.6796875
10 0.596875 0.190625 0.8046875 0.0625
3 0.2609375 0.190625 0.1 0.0140625
27 0.334375 0.190625 0.0140625 0.0109375
3 0.38125 0.190625 0.075 0.009375
12 0.696875 0.190625 0.0140625 0.015625
38 0.85625 0.190625 0.246875 0.0328125
3 0.259375 0.24375 0.090625 0.0125
3 0.490625 0.24375 0.03125 0.0125
3 0.78125 0.24375 0.090625 0.015625
16 0.85625 0.3359375 0.24375 0.1546875
3 0.9359375 0.24375 0.03125 0.0078125
16 0.3359375 0.3359375 0.2453125 0.153125
3 0.2546875 0.2796875 0.05 0.0140625
3 0.409375 0.2796875 0.0609375 0.0109375
16 0.5953125 0.3359375 0.2421875 0.1546875
3 0.515625 0.2796875 0.05 0.0140625
3 0.6703125 0.2796875 0.0625 0.0109375
3 0.7765625 0.2796875 0.05 0.0125
17 0.8578125 0.3546875 0.215625 0.0953125
23 0.85625 0.296875 0.2125 0.00625
3 0.93125 0.2796875 0.0609375 0.009375
17 0.596875 0.353125 0.2140625 0.09375
23 0.596875 0.296875 0.2125 0.0046875
17 0.3359375 0.3546875 0.2140625 0.096875
23 0.3359375 0.296875 0.2109375 0.0046875
3 0.278125 0.4359375 0.128125 0.0125
3 0.503125 0.4359375 0.059375 0.0125
16 0.3359375 0.640625 0.24375 0.375
16 0.721875 0.540625 0.5125 0.171875
16 0.7203125 0.75 0.5125 0.1546875
3 0.9234375 0.65 0.10625 0.0078125
3 0.5484375 0.6546875 0.146875 0.0140625
3 0.553125 0.715625 0.040625 0.0109375
3 0.55 0.7 0.034375 0.0078125
3 0.7203125 0.715625 0.040625 0.0109375
3 0.7109375 0.7015625 0.021875 0.009375
3 0.70625 0.7296875 0.015625 0.009375
3 0.896875 0.7015625 0.059375 0.009375
3 0.875 0.7296875 0.0140625 0.00625
3 0.8875 0.715625 0.040625 0.0109375
27 0.9390625 0.715625 0.0140625 0.0109375
27 0.6046875 0.7140625 0.0140625 0.0125
27 0.7703125 0.7140625 0.0125 0.0125
27 0.9375 0.7828125 0.0140625 0.0125
27 0.7703125 0.7828125 0.0125 0.0125
27 0.6046875 0.7828125 0.0125 0.0125
27 0.509375 0.7140625 0.0109375 0.0109375
27 0.675 0.715625 0.0140625 0.0125
27 0.8421875 0.7140625 0.009375 0.0125
27 0.8421875 0.7828125 0.0125 0.003125
27 0.675 0.7828125 0.0109375 0.0109375
27 0.509375 0.7828125 0.0125 0.0125
27 0.565625 0.7296875 0.00625 0.0078125
27 0.7328125 0.7296875 0.00625 0.0078125
27 0.7328125 0.7984375 0.00625 0.0078125
27 0.9 0.7296875 0.00625 0.00625
27 0.8984375 0.796875 0.00625 0.0078125
27 0.565625 0.796875 0.00625 0.00625
3 0.5625 0.76875 0.05625 0.0078125
3 0.7203125 0.76875 0.0390625 0.0078125
3 0.88125 0.76875 0.0265625 0.00625
3 0.540625 0.7296875 0.0140625 0.0078125
3 0.540625 0.796875 0.0140625 0.00625
3 0.7078125 0.796875 0.0140625 0.0078125
3 0.875 0.796875 0.0140625 0.0078125
37 0.3375 0.634375 0.2203125 0.334375
23 0.3359375 0.5640625 0.2125 0.003125
23 0.3359375 0.6234375 0.209375 0.003125
23 0.3359375 0.6875 0.2109375 0.003125
23 0.3359375 0.753125 0.2078125 0.003125
3 0.3046875 0.528125 0.071875 0.009375
3 0.4171875 0.54375 0.046875 0.0078125
3 0.4171875 0.5296875 0.0421875 0.009375
3 0.2953125 0.5421875 0.0546875 0.0078125
3 0.2953125 0.6046875 0.0546875 0.0078125
3 0.3015625 0.590625 0.065625 0.009375
3 0.4171875 0.6046875 0.046875 0.0078125
3 0.4171875 0.590625 0.0421875 0.009375
3 0.3015625 0.653125 0.065625 0.0109375
3 0.4171875 0.665625 0.046875 0.0078125
3 0.4140625 0.653125 0.0359375 0.009375
3 0.2828125 0.665625 0.0296875 0.00625
3 0.3046875 0.7125 0.0734375 0.009375
3 0.4171875 0.7265625 0.0453125 0.00625
3 0.4140625 0.7140625 0.0359375 0.009375
3 0.2953125 0.7265625 0.0546875 0.0078125
3 0.3046875 0.775 0.0734375 0.009375
3 0.4171875 0.7890625 0.046875 0.0078125
3 0.4171875 0.775 0.0421875 0.009375
3 0.2953125 0.7890625 0.0546875 0.0078125
27 0.24375 0.5359375 0.0125 0.0140625
27 0.24375 0.5953125 0.0140625 0.015625
27 0.24375 0.6578125 0.0140625 0.0140625
27 0.24375 0.71875 0.0125 0.0140625
27 0.24375 0.778125 0.0125 0.0125
27 0.38125 0.78125 0.009375 0.0078125
27 0.38125 0.7203125 0.009375 0.009375
27 0.3828125 0.6578125 0.009375 0.0078125
27 0.3828125 0.596875 0.009375 0.0078125
27 0.3828125 0.5375 0.009375 0.0078125
3 0.25625 0.4828125 0.021875 0.0140625
3 0.3078125 0.4828125 0.0515625 0.0125
3 0.3890625 0.4828125 0.0625 0.0125