3 0.3484375 0.9171875 0.028125 0.1640625
3 0.38125 0.8359375 0.0140625 0.3265625
16 0.55625 0.8421875 0.19375 0.3140625
3 0.484375 0.975 0.009375 0.05
19 0.484375 0.903125 0.0171875 0.0765625
3 0.484375 0.903125 0.009375 0.065625
3 0.5125 0.8734375 0.0140625 0.2515625
3 0.5609375 0.8546875 0.0640625 0.2890625
3 0.6296875 0.90625 0.0125 0.1
3 0.6125 0.9140625 0.0125 0.0859375
16 0.5578125 0.5140625 0.19375 0.3328125
3 0.484375 0.6359375 0.009375 0.0625
19 0.484375 0.5625 0.0171875 0.06875
3 0.484375 0.5625 0.009375 0.0578125
3 0.5125 0.5375 0.0125 0.259375
3 0.553125 0.51875 0.046875 0.296875
3 0.6296875 0.528125 0.0109375 0.18125
3 0.6125 0.58125 0.0125 0.0765625
16 0.5578125 0.1765625 0.1921875 0.3328125
3 0.4828125 0.2984375 0.0109375 0.0640625
19 0.484375 0.2234375 0.0171875 0.0734375
3 0.484375 0.2234375 0.0109375 0.059375
3 0.5125 0.2234375 0.0140625 0.2109375
3 0.553125 0.203125 0.0484375 0.2546875
3 0.6296875 0.1765625 0.0125 0.2109375
3 0.6125 0.2453125 0.0125 0.0734375
11 0.61875 0.3109375 0.0328125 0.034375
11 0.61875 0.6484375 0.034375 0.034375
11 0.61875 0.984375 0.034375 0.0296875