16 0.4859375 0.5734375 0.678125 0.8515625
5 0.5 0.0671875 0.7078125 0.1328125
37 0.5 0.56875 0.7078125 0.8609375
16 0.578125 0.25625 0.2203125 0.190625
16 0.578125 0.4546875 0.2203125 0.1890625
16 0.578125 0.653125 0.221875 0.190625
16 0.3484375 0.25625 0.2234375 0.1890625
16 0.346875 0.4546875 0.2234375 0.190625
16 0.346875 0.6515625 0.2234375 0.1890625
16 0.1875 0.453125 0.08125 0.5859375
16 0.41875 0.88125 0.54375 0.2375
3 0.7953125 0.2125 0.0171875 0.0984375
3 0.7984375 0.95 0.015625 0.0578125
3 0.70625 0.2078125 0.0125 0.090625
3 0.70625 0.290625 0.0109375 0.0390625
3 0.70625 0.3484375 0.0109375 0.0390625
3 0.534375 0.20625 0.0125 0.071875
3 0.5140625 0.1984375 0.0109375 0.0546875
3 0.490625 0.253125 0.0109375 0.13125
3 0.534375 0.4171875 0.0125 0.0984375
3 0.5140625 0.3953125 0.0109375 0.053125
3 0.490625 0.45 0.009375 0.13125
3 0.534375 0.6078125 0.0109375 0.0828125
3 0.5140625 0.59375 0.009375 0.0546875
3 0.490625 0.6546875 0.009375 0.140625
3 0.303125 0.6109375 0.0125 0.0875
3 0.2828125 0.59375 0.009375 0.0546875
3 0.259375 0.6484375 0.009375 0.13125
3 0.303125 0.403125 0.0109375 0.06875
3 0.2828125 0.396875 0.0109375 0.053125
3 0.259375 0.45 0.0109375 0.1296875
3 0.303125 0.2125 0.0109375 0.08125
3 0.2828125 0.1984375 0.0109375 0.0546875
3 0.259375 0.259375 0.009375 0.1453125
3 0.1921875 0.4859375 0.0171875 0.13125
3 0.16875 0.5109375 0.009375 0.1453125
4 0.26875 0.8859375 0.2390625 0.2265625
3 0.4109375 0.8109375 0.015625 0.071875
3 0.45 0.8578125 0.0109375 0.0859375
3 0.46875 0.85625 0.0125 0.0828125
3 0.5046875 0.88125 0.0109375 0.13125
3 0.5234375 0.8515625 0.0125 0.071875
3 0.578125 0.8609375 0.0140625 0.090625
3 0.5609375 0.8421875 0.009375 0.053125
3 0.615625 0.9 0.009375 0.1734375
3 0.634375 0.8546875 0.0109375 0.0765625
3 0.665625 0.8390625 0.0140625 0.1265625
28 0.61875 0.25625 0.1234375 0.1671875
28 0.6171875 0.4546875 0.1234375 0.1671875
28 0.6171875 0.653125 0.1234375 0.1671875
28 0.3859375 0.653125 0.1234375 0.16875
28 0.384375 0.4546875 0.125 0.16875
28 0.3859375 0.25625 0.1234375 0.16875
28 0.18125 0.2859375 0.0671875 0.2234375
27 0.1671875 0.4265625 0.0125 0.009375
27 0.2 0.7203125 0.015625 0.0109375
27 0.259375 0.575 0.0109375 0.0078125
27 0.259375 0.3765625 0.0109375 0.0078125
27 0.259375 0.178125 0.0109375 0.0078125
27 0.490625 0.575 0.0109375 0.00625
27 0.490625 0.3765625 0.0109375 0.0078125
27 0.490625 0.178125 0.0109375 0.0078125
36 0.7984375 0.9953125 0.01875 0.0078125
20 0.75 0.7296875 0.040625 0.1859375
20 0.75 0.5578125 0.0390625 0.13125
23 0.6 0.8875 0.0015625 0.2234375
23 0.54375 0.8859375 0.0015625 0.221875
23 0.4890625 0.8859375 0.0015625 0.2234375
38 0.75 0.9171875 0.0375 0.1640625
38 0.75 0.41875 0.0390625 0.115625
38 0.75 0.2546875 0.0390625 0.184375