5 0.9421875 0.5 0.1140625 0.6109375
10 0.45 0.784375 0.865625 0.0421875
27 0.859375 0.7890625 0.01875 0.015625
27 0.05 0.790625 0.009375 0.00625
27 0.25625 0.790625 0.015625 0.0140625
16 0.1359375 0.6390625 0.1921875 0.090625
27 0.2 0.653125 0.015625 0.0171875
16 0.3484375 0.6390625 0.190625 0.090625
27 0.4125 0.653125 0.015625 0.015625
16 0.5609375 0.6375 0.190625 0.0890625
27 0.625 0.653125 0.0203125 0.0140625
16 0.7734375 0.6390625 0.190625 0.090625
27 0.8390625 0.6546875 0.0171875 0.0171875
27 0.7 0.615625 0.0140625 0.0125
27 0.4875 0.615625 0.0140625 0.009375
27 0.2734375 0.615625 0.0125 0.0109375
27 0.0609375 0.615625 0.0125 0.009375
16 0.2078125 0.384375 0.3359375 0.378125
27 0.3390625 0.5390625 0.01875 0.01875
16 0.63125 0.428125 0.478125 0.2921875
27 0.8359375 0.5359375 0.01875 0.01875
20 0.4890625 0.5359375 0.1390625 0.025
3 0.771875 0.534375 0.103125 0.0125
3 0.8078125 0.615625 0.0984375 0.0109375
3 0.8171875 0.696875 0.0625 0.0109375
3 0.759375 0.7328125 0.1859375 0.0125
3 0.5984375 0.615625 0.090625 0.0109375
3 0.3859375 0.615625 0.090625 0.009375
3 0.1890625 0.6140625 0.059375 0.0125
14 0.0765625 0.7328125 0.071875 0.0140625
3 0.1796875 0.7921875 0.0140625 0.0109375
36 0.2265625 0.790625 0.028125 0.015625
36 0.15 0.790625 0.0296875 0.015625
12 0.10625 0.79375 0.0171875 0.01875
27 0.8625 0.734375 0.0140625 0.0140625
27 0.859375 0.6984375 0.0140625 0.0078125
16 0.6328125 0.2296875 0.4765625 0.0671875
27 0.8359375 0.225 0.015625 0.0171875
16 0.20625 0.4765625 0.2859375 0.0625
3 0.31875 0.4765625 0.015625 0.0109375
16 0.2046875 0.40625 0.2859375 0.0609375
3 0.31875 0.40625 0.0140625 0.009375
3 0.2765625 0.4125 0.0375 0.009375
3 0.2734375 0.3984375 0.040625 0.009375
3 0.275 0.4828125 0.0390625 0.009375
3 0.275 0.4703125 0.0421875 0.009375
3 0.2015625 0.484375 0.03125 0.009375
3 0.196875 0.46875 0.0375 0.0109375
3 0.109375 0.4828125 0.0671875 0.0078125
3 0.1109375 0.4703125 0.0625 0.009375
3 0.26875 0.5375 0.1171875 0.015625
3 0.2 0.4125 0.03125 0.0078125
3 0.196875 0.3984375 0.0390625 0.0109375
3 0.109375 0.4125 0.065625 0.009375
3 0.1109375 0.3984375 0.0609375 0.009375
16 0.2046875 0.334375 0.2859375 0.0609375
3 0.31875 0.334375 0.0171875 0.009375
16 0.20625 0.2640625 0.284375 0.059375
3 0.31875 0.2640625 0.0171875 0.009375
3 0.275 0.2578125 0.0421875 0.009375
3 0.2765625 0.2703125 0.0390625 0.0078125
3 0.2734375 0.328125 0.0421875 0.009375
3 0.275 0.3421875 0.0375 0.009375
3 0.1984375 0.328125 0.0390625 0.0109375
3 0.2 0.3421875 0.0328125 0.0078125
3 0.1109375 0.328125 0.059375 0.0109375
3 0.1078125 0.340625 0.065625 0.0078125
3 0.196875 0.25625 0.0390625 0.0109375
3 0.2 0.2703125 0.0328125 0.0078125
3 0.1078125 0.2703125 0.0671875 0.009375
3 0.1109375 0.2578125 0.059375 0.009375
16 0.20625 0.209375 0.284375 0.028125
3 0.31875 0.196875 0.0171875 0.003125
3 0.2765625 0.2 0.0390625 0.009375
3 0.2 0.2 0.0328125 0.009375
3 0.109375 0.2 0.065625 0.009375
20 0.44375 0.225 0.05 0.025
3 0.7921875 0.2234375 0.0671875 0.015625
0 0.634375 0.4078125 0.4453125 0.215625