16 0.1703125 0.5578125 0.315625 0.384375
3 0.16875 0.5375 0.0921875 0.015625
16 0.5015625 0.5578125 0.315625 0.3859375
3 0.4984375 0.5359375 0.1109375 0.0140625
16 0.83125 0.5578125 0.31875 0.3875
3 0.8296875 0.5375 0.071875 0.0140625
3 0.5 0.2671875 0.121875 0.021875
3 0.1703125 0.6328125 0.2015625 0.009375
3 0.1703125 0.61875 0.159375 0.0109375
3 0.1703125 0.6046875 0.19375 0.0109375
3 0.5015625 0.61875 0.159375 0.0109375
3 0.5 0.6046875 0.196875 0.0109375
3 0.83125 0.61875 0.1578125 0.0109375
3 0.8296875 0.6046875 0.1953125 0.0125
3 0.5 0.6328125 0.203125 0.0109375
3 0.8328125 0.6328125 0.2 0.0125
3 0.1703125 0.6484375 0.128125 0.0109375
3 0.5015625 0.646875 0.13125 0.0109375
3 0.83125 0.646875 0.13125 0.0109375
19 0.1703125 0.5703125 0.0859375 0.025
3 0.1703125 0.5703125 0.065625 0.009375
19 0.5015625 0.5703125 0.0375 0.0234375
3 0.5 0.5703125 0.0203125 0.009375
19 0.83125 0.5703125 0.0609375 0.025
3 0.83125 0.5703125 0.0421875 0.0109375
28 0.83125 0.4609375 0.1109375 0.1109375
28 0.128125 0.6921875 0.0359375 0.034375
11 0.4578125 0.6921875 0.0328125 0.0328125
11 0.5421875 0.6921875 0.0328125 0.0328125
11 0.1703125 0.6921875 0.03125 0.0328125
11 0.8734375 0.6921875 0.0328125 0.0328125
11 0.2125 0.6921875 0.0328125 0.0328125
11 0.83125 0.6921875 0.0328125 0.0328125
11 0.7875 0.6921875 0.0328125 0.0328125
11 0.5015625 0.6921875 0.0328125 0.0328125
28 0.5 0.4625 0.1171875 0.109375
28 0.16875 0.4625 0.1109375 0.109375
3 0.5 0.3015625 0.5765625 0.0171875
3 0.5015625 0.325 0.315625 0.0140625