16 0.509375 0.8453125 0.9796875 0.190625
3 0.1 0.8453125 0.05 0.0203125
16 0.509375 0.615625 0.9796875 0.1953125
3 0.1 0.6171875 0.0484375 0.01875
16 0.5109375 0.3875 0.978125 0.1890625
3 0.1 0.3875 0.05 0.0203125
19 0.834375 0.64375 0.121875 0.0484375
3 0.84375 0.5921875 0.1046875 0.0265625
19 0.8328125 0.4125 0.121875 0.0484375
3 0.8625 0.3625 0.0671875 0.0296875
19 0.828125 0.8703125 0.1328125 0.05
3 0.828125 0.81875 0.134375 0.025
16 0.509375 0.15625 0.9796875 0.196875
3 0.1 0.1578125 0.0484375 0.0203125
19 0.8328125 0.1828125 0.125 0.05
3 0.8640625 0.13125 0.0640625 0.0234375
3 0.8359375 0.1828125 0.0890625 0.021875
3 0.834375 0.4125 0.0921875 0.0171875
3 0.8359375 0.6421875 0.0890625 0.0171875
3 0.8328125 0.8703125 0.0921875 0.01875
27 0.94375 0.1578125 0.0375 0.0390625
27 0.94375 0.3875 0.0375 0.0359375
27 0.94375 0.846875 0.0359375 0.0359375
27 0.94375 0.61875 0.0375 0.0359375
3 0.190625 0.15625 0.1140625 0.06875
3 0.190625 0.3859375 0.1140625 0.0703125
3 0.1921875 0.615625 0.1171875 0.075
3 0.190625 0.84375 0.115625 0.0796875