16 0.4875 0.1609375 0.1234375 0.321875
16 0.4875 0.4953125 0.1234375 0.3265625
16 0.4875 0.8328125 0.121875 0.3234375
3 0.5734375 0.0421875 0.015625 0.084375
3 0.525 0.0640625 0.0109375 0.0625
3 0.4890625 0.153125 0.0234375 0.28125
3 0.4515625 0.0625 0.009375 0.05625
3 0.525 0.4078125 0.0125 0.0734375
3 0.4890625 0.4890625 0.021875 0.2828125
3 0.4515625 0.403125 0.009375 0.0609375
3 0.4515625 0.59375 0.00625 0.0171875
3 0.4515625 0.6390625 0.0078125 0.009375
3 0.525 0.740625 0.009375 0.06875
3 0.4890625 0.828125 0.0234375 0.2828125
3 0.4515625 0.93125 0.00625 0.0125
3 0.4515625 0.975 0.00625 0.009375
3 0.453125 0.734375 0.0078125 0.05
27 0.4515625 0.9109375 0.0109375 0.0109375
27 0.4515625 0.9578125 0.0109375 0.0125
27 0.4515625 0.621875 0.0109375 0.0125
27 0.4515625 0.571875 0.0109375 0.0125
27 0.4515625 0.2375 0.0109375 0.009375
27 0.4515625 0.284375 0.0109375 0.0125
3 0.4515625 0.2578125 0.0078125 0.015625
3 0.4515625 0.3015625 0.00625 0.009375
11 0.4515625 0.021875 0.0203125 0.0203125
11 0.4515625 0.3578125 0.0203125 0.01875
11 0.4515625 0.6953125 0.0203125 0.01875
28 0.525 0.69375 0.015625 0.015625
28 0.525 0.3578125 0.0140625 0.0109375
28 0.5234375 0.0203125 0.0140625 0.0140625