3 0.2421875 0.3453125 0.246875 0.0328125
3 0.24375 0.3796875 0.053125 0.0234375
3 0.75 0.3453125 0.2 0.028125
3 0.746875 0.378125 0.2578125 0.0265625
3 0.7453125 0.4234375 0.4546875 0.015625
15 0.7484375 0.6515625 0.2265625 0.04375
3 0.7484375 0.6515625 0.1078125 0.015625
15 0.13125 0.65 0.228125 0.0421875
3 0.13125 0.65 0.0484375 0.0171875
3 0.4234375 0.5921875 0.09375 0.0125
3 0.4296875 0.5 0.08125 0.0125
3 0.0484375 0.5203125 0.0625 0.0125
3 0.0390625 0.428125 0.046875 0.0125
38 0.2453125 0.4609375 0.4546875 0.046875
38 0.24375 0.553125 0.453125 0.0453125