16 0.4671875 0.1765625 0.5796875 0.3515625
16 0.4671875 0.6828125 0.578125 0.634375
3 0.8015625 0.046875 0.0265625 0.0890625
15 0.803125 0.421875 0.0421875 0.0984375
3 0.8046875 0.4359375 0.0109375 0.053125
15 0.803125 0.528125 0.04375 0.0984375
3 0.8046875 0.540625 0.0109375 0.0234375
15 0.803125 0.634375 0.0421875 0.1
3 0.8046875 0.6453125 0.0140625 0.03125
15 0.803125 0.7375 0.04375 0.0984375
3 0.8046875 0.7515625 0.0109375 0.028125
15 0.803125 0.8546875 0.0421875 0.11875
3 0.8046875 0.8671875 0.0125 0.0625
15 0.803125 0.9625 0.0421875 0.075
3 0.8046875 0.975 0.0109375 0.0203125
27 0.8046875 0.3953125 0.01875 0.0171875
27 0.8046875 0.5140625 0.01875 0.015625
27 0.8046875 0.615625 0.01875 0.01875
27 0.8046875 0.721875 0.0171875 0.01875
27 0.8046875 0.8203125 0.0171875 0.0140625
27 0.8046875 0.95 0.0171875 0.0171875
16 0.56875 0.1765625 0.334375 0.2984375
16 0.2890625 0.1765625 0.196875 0.296875
27 0.6828125 0.0796875 0.053125 0.053125
3 0.6921875 0.1859375 0.025 0.14375
3 0.675 0.1453125 0.0078125 0.0625
15 0.6453125 0.153125 0.0234375 0.075
3 0.6453125 0.159375 0.0078125 0.0375
27 0.646875 0.13125 0.009375 0.009375
3 0.575 0.1421875 0.0125 0.175
3 0.553125 0.10625 0.0109375 0.1046875
3 0.5265625 0.11875 0.0078125 0.0921875
3 0.5078125 0.1125 0.009375 0.075
3 0.4328125 0.0890625 0.0109375 0.06875
27 0.528125 0.0625 0.0125 0.0140625
27 0.5078125 0.0625 0.0140625 0.0140625
27 0.434375 0.2390625 0.015625 0.0125
27 0.434375 0.2875 0.0140625 0.0046875
27 0.3046875 0.0765625 0.0140625 0.015625
27 0.2375 0.0765625 0.0140625 0.0171875
27 0.353125 0.2890625 0.0125 0.0109375
3 0.3515625 0.1046875 0.015625 0.1015625
3 0.3140625 0.15 0.0125 0.090625
3 0.2984375 0.146875 0.009375 0.0828125
3 0.2796875 0.178125 0.0109375 0.14375
3 0.246875 0.1625 0.0109375 0.1140625
3 0.2296875 0.146875 0.009375 0.0828125
3 0.2125 0.178125 0.0078125 0.1484375
3 0.290625 0.4546875 0.0125 0.0453125
3 0.2609375 0.5609375 0.025 0.2546875
3 0.375 0.5 0.015625 0.1359375
3 0.346875 0.5609375 0.025 0.25625
3 0.4265625 0.53125 0.025 0.196875
3 0.459375 0.4640625 0.0125 0.065625
3 0.5078125 0.5453125 0.025 0.2265625
3 0.5375 0.446875 0.0140625 0.0296875
3 0.584375 0.546875 0.0234375 0.228125
3 0.6140625 0.465625 0.015625 0.065625
3 0.6859375 0.490625 0.015625 0.115625
3 0.6578125 0.546875 0.0234375 0.228125
36 0.653125 0.9375 0.021875 0.0359375
36 0.5796875 0.9359375 0.0203125 0.0359375
36 0.5078125 0.9359375 0.021875 0.034375
36 0.4265625 0.9375 0.021875 0.0359375
36 0.346875 0.9359375 0.021875 0.0359375
36 0.259375 0.9375 0.021875 0.0359375
23 0.31875 0.6921875 0.0046875 0.521875
23 0.4015625 0.6921875 0.003125 0.5234375
23 0.4875 0.6921875 0.0046875 0.5203125
23 0.5609375 0.69375 0.0046875 0.5140625
23 0.6328125 0.6921875 0.0046875 0.521875