17 0.80625 0.4984375 0.20625 0.4359375
3 0.9484375 0.3171875 0.028125 0.0734375
15 0.9484375 0.6609375 0.0609375 0.0984375
3 0.946875 0.6609375 0.0203125 0.0390625
16 0.5890625 0.49375 0.1875 0.428125
3 0.6421875 0.328125 0.0234375 0.096875
3 0.575 0.3578125 0.0234375 0.1546875
3 0.6421875 0.64375 0.0265625 0.0828125
19 0.5765625 0.6125 0.040625 0.0609375
3 0.5765625 0.6109375 0.0234375 0.040625
27 0.5765625 0.66875 0.0140625 0.0171875
16 0.3984375 0.4953125 0.1671875 0.4296875
27 0.4390625 0.671875 0.03125 0.0078125
27 0.3515625 0.678125 0.0203125 0.01875
16 0.2265625 0.49375 0.1640625 0.428125
27 0.26875 0.671875 0.0296875 0.0109375
16 0.06875 0.49375 0.1375 0.4265625
27 0.0984375 0.671875 0.03125 0.00625
27 0.1828125 0.2859375 0.0203125 0.0125
27 0.353125 0.2859375 0.0234375 0.0109375
27 0.0109375 0.2859375 0.0203125 0.0125
27 0.0109375 0.41875 0.01875 0.0203125
3 0.525 0.6 0.0171875 0.178125
3 0.44375 0.321875 0.0171875 0.084375
19 0.4078125 0.3375 0.03125 0.115625
3 0.40625 0.334375 0.015625 0.1
19 0.4046875 0.4734375 0.03125 0.1390625
3 0.4046875 0.4734375 0.0140625 0.1171875
3 0.3515625 0.6125 0.021875 0.090625
3 0.35 0.34375 0.0171875 0.0875
3 0.271875 0.3265625 0.0203125 0.09375
19 0.234375 0.375 0.03125 0.059375
3 0.2328125 0.3734375 0.0140625 0.0375
19 0.2359375 0.3078125 0.028125 0.05625
3 0.2328125 0.30625 0.0140625 0.04375
3 0.178125 0.634375 0.0203125 0.10625
3 0.1796875 0.3453125 0.015625 0.090625
3 0.1 0.30625 0.01875 0.053125
19 0.0625 0.328125 0.03125 0.096875
3 0.0625 0.3265625 0.0171875 0.084375
19 0.0625 0.465625 0.03125 0.1625
3 0.0625 0.465625 0.0125 0.140625
3 0.009375 0.6328125 0.01875 0.109375
3 0.009375 0.478125 0.01875 0.09375
3 0.009375 0.346875 0.015625 0.0984375