3 0.1921875 0.84375 0.2546875 0.0375
3 0.1046875 0.815625 0.0796875 0.0140625
3 0.7515625 0.8171875 0.08125 0.0125
3 0.43125 0.815625 0.0890625 0.0125
3 0.19375 0.9484375 0.259375 0.0375
3 0.1140625 0.91875 0.1015625 0.0125
3 0.4234375 0.91875 0.0734375 0.0125
3 0.7609375 0.91875 0.1 0.0125
28 0.0359375 0.828125 0.034375 0.034375
28 0.0359375 0.9328125 0.0328125 0.0328125
3 0.5125 0.8453125 0.253125 0.0375
3 0.496875 0.090625 0.5234375 0.0125
28 0.684375 0.93125 0.03125 0.03125
3 0.834375 0.8453125 0.24375 0.0375
3 0.8421875 0.9484375 0.2609375 0.0375
28 0.684375 0.828125 0.034375 0.034375
28 0.359375 0.828125 0.034375 0.034375
28 0.359375 0.9328125 0.034375 0.034375
3 0.51875 0.9484375 0.259375 0.0390625
3 0.496875 0.109375 0.2828125 0.0125
3 0.496875 0.0515625 0.375 0.025
3 0.496875 0.0203125 0.1578125 0.0140625
28 0.496875 0.4609375 0.9328125 0.5921875