3 0.64375 0.959375 0.1265625 0.0328125
37 0.5 0.45625 0.4140625 0.9125
3 0.6390625 0.8875 0.075 0.0171875
3 0.4765625 0.8828125 0.1203125 0.0203125
3 0.33125 0.8828125 0.075 0.021875
16 0.5 0.70625 0.4140625 0.2859375
3 0.553125 0.6140625 0.075 0.01875
15 0.43125 0.615625 0.1140625 0.0578125
3 0.43125 0.6140625 0.0390625 0.0171875
16 0.5 0.2875 0.4140625 0.53125
38 0.4921875 0.46875 0.38125 0.0578125
3 0.6390625 0.5140625 0.05 0.0171875
38 0.4921875 0.3625 0.38125 0.0609375
3 0.6265625 0.4078125 0.0765625 0.01875
38 0.4921875 0.25625 0.3828125 0.0578125
3 0.640625 0.3015625 0.046875 0.0171875
7 0.49375 0.15 0.38125 0.05625
3 0.603125 0.1953125 0.121875 0.01875
15 0.5890625 0.0734375 0.184375 0.0578125
3 0.5890625 0.0734375 0.065625 0.0203125
15 0.39375 0.0734375 0.1828125 0.05625
3 0.3953125 0.071875 0.0453125 0.01875
11 0.4921875 0.7421875 0.1578125 0.159375