16 0.5 0.8078125 0.8734375 0.271875
15 0.15625 0.9 0.1453125 0.0421875
3 0.159375 0.9 0.11875 0.015625
15 0.30625 0.9 0.1328125 0.04375
3 0.3078125 0.9 0.1015625 0.015625
16 0.5 0.3140625 0.8734375 0.6265625
15 0.30625 0.5828125 0.13125 0.0421875
3 0.3078125 0.5828125 0.1046875 0.015625
3 0.5015625 0.9875 0.8703125 0.0234375
15 0.1578125 0.5828125 0.146875 0.040625
3 0.1578125 0.5828125 0.115625 0.015625
15 0.1421875 0.8203125 0.121875 0.04375
3 0.1453125 0.8203125 0.0875 0.0171875
15 0.1421875 0.503125 0.121875 0.0453125
3 0.1453125 0.5015625 0.0875 0.015625
15 0.14375 0.771875 0.1203125 0.0453125
3 0.14375 0.7703125 0.10625 0.015625
15 0.1421875 0.453125 0.121875 0.04375
3 0.1421875 0.4546875 0.1078125 0.015625
15 0.1421875 0.1375 0.1203125 0.04375
3 0.14375 0.1359375 0.0859375 0.0171875
15 0.14375 0.3203125 0.121875 0.04375
3 0.1453125 0.31875 0.0875 0.0171875
15 0.14375 0.2703125 0.121875 0.046875
3 0.1421875 0.2703125 0.1078125 0.015625
15 0.14375 0.0875 0.1203125 0.0453125
3 0.14375 0.0875 0.10625 0.015625
3 0.5140625 0.7828125 0.4109375 0.0625
3 0.871875 0.9015625 0.1296875 0.0234375
3 0.871875 0.5828125 0.13125 0.01875
3 0.5234375 0.4640625 0.3921875 0.065625
3 0.521875 0.290625 0.39375 0.0453125
3 0.5140625 0.1078125 0.409375 0.040625
3 0.6859375 0.8984375 0.225 0.015625
3 0.6875 0.7265625 0.059375 0.021875
3 0.690625 0.58125 0.2140625 0.0171875
3 0.6890625 0.065625 0.0609375 0.01875
3 0.6828125 0.409375 0.0703125 0.01875
3 0.6890625 0.2484375 0.059375 0.021875
28 0.8390625 0.26875 0.1953125 0.1515625
28 0.8390625 0.0859375 0.196875 0.1515625
28 0.840625 0.4515625 0.1921875 0.15
28 0.8390625 0.76875 0.1953125 0.15
3 0.634375 0.8296875 0.1703125 0.015625
3 0.6359375 0.5125 0.165625 0.0203125
3 0.64375 0.328125 0.146875 0.0171875
3 0.634375 0.1453125 0.1671875 0.015625