3 0.709375 0.975 0.196875 0.021875
3 0.6484375 0.859375 0.240625 0.01875
3 0.703125 0.771875 0.2046875 0.0203125
3 0.703125 0.5390625 0.203125 0.0203125
3 0.7171875 0.178125 0.18125 0.021875
3 0.6640625 0.125 0.2078125 0.0171875
15 0.7140625 0.0203125 0.1828125 0.040625
3 0.7140625 0.0109375 0.146875 0.0171875
15 0.2640625 0.0203125 0.125 0.040625
3 0.2625 0.0125 0.0890625 0.015625
23 0.503125 0.071875 0.6015625 0.0078125
23 0.503125 0.2203125 0.60625 0.009375
23 0.50625 0.58125 0.6046875 0.0109375
23 0.503125 0.8125 0.609375 0.0078125
38 0.503125 0.9234375 0.6078125 0.053125
38 0.503125 0.71875 0.60625 0.0515625
38 0.5640625 0.653125 0.4875 0.0484375
38 0.253125 0.653125 0.1109375 0.0515625
38 0.6578125 0.4859375 0.2984375 0.0515625
38 0.346875 0.4875 0.2984375 0.0515625
38 0.503125 0.4203125 0.6078125 0.0515625
38 0.6578125 0.35625 0.2984375 0.053125
38 0.3484375 0.35625 0.3 0.0515625
38 0.659375 0.2921875 0.296875 0.0515625
20 0.346875 0.290625 0.2984375 0.05
18 0.7859375 0.125 0.01875 0.021875
18 0.7859375 0.8578125 0.0203125 0.0234375