15 0.3953125 0.4921875 0.0296875 0.359375
3 0.396875 0.54375 0.0140625 0.2328125
3 0.3953125 0.4125 0.009375 0.0234375
3 0.3953125 0.3609375 0.0109375 0.075
3 0.459375 0.4890625 0.05 0.4328125
3 0.5078125 0.490625 0.0421875 0.3578125
3 0.5859375 0.490625 0.0125 0.4703125
3 0.565625 0.4921875 0.0140625 0.5359375
15 0.6453125 0.434375 0.034375 0.121875
3 0.6453125 0.44375 0.0125 0.0734375
15 0.6453125 0.5578125 0.0328125 0.1015625
3 0.646875 0.5578125 0.0109375 0.071875
27 0.6453125 0.3921875 0.009375 0.009375