3 0.51875 0.3984375 0.528125 0.06875
3 0.3203125 0.3421875 0.1234375 0.028125
3 0.3109375 0.5359375 0.1125 0.0203125
15 0.3390625 0.8515625 0.165625 0.0375
27 0.4046875 0.8515625 0.0140625 0.0140625
15 0.3296875 0.6578125 0.1421875 0.0390625
27 0.3796875 0.65625 0.0140625 0.0140625
15 0.3203125 0.4609375 0.128125 0.0375
27 0.365625 0.4625 0.0140625 0.0125
3 0.5203125 0.5921875 0.5359375 0.065625
3 0.51875 0.7828125 0.525 0.075
3 0.3375 0.728125 0.1625 0.0203125
28 0.2109375 0.359375 0.0546875 0.05625
28 0.2109375 0.5546875 0.05625 0.0546875
3 0.4859375 0.2390625 0.571875 0.0265625
3 0.4859375 0.2046875 0.6265625 0.028125
28 0.2109375 0.7484375 0.0546875 0.0546875
3 0.33125 0.8515625 0.1171875 0.015625
3 0.3171875 0.6578125 0.090625 0.0203125
3 0.3109375 0.4625 0.078125 0.015625
3 0.484375 0.140625 0.284375 0.0421875