22 0.5 0.5 0.7421875 0.5515625
3 0.18125 0.2515625 0.06875 0.0140625
27 0.84375 0.2515625 0.0109375 0.0125
38 0.31875 0.296875 0.34375 0.03125
16 0.2328125 0.4109375 0.1734375 0.1796875
16 0.4109375 0.4109375 0.171875 0.1796875
16 0.5890625 0.4109375 0.171875 0.1796875
16 0.7671875 0.4109375 0.171875 0.178125
16 0.8640625 0.4109375 0.0109375 0.1796875
16 0.8640625 0.59375 0.0109375 0.178125
16 0.7671875 0.59375 0.171875 0.1796875
16 0.5875 0.5953125 0.171875 0.1796875
16 0.4109375 0.5953125 0.1734375 0.1796875
16 0.2328125 0.5953125 0.1734375 0.1796875
28 0.23125 0.371875 0.115625 0.071875
28 0.409375 0.375 0.11875 0.090625
28 0.5890625 0.3703125 0.0859375 0.0859375
28 0.2328125 0.5546875 0.084375 0.0859375
28 0.4078125 0.5578125 0.1078125 0.0609375
28 0.5875 0.5546875 0.0953125 0.0828125
28 0.765625 0.5515625 0.1265625 0.071875
28 0.765625 0.3734375 0.121875 0.0734375
3 0.1890625 0.434375 0.06875 0.0109375
3 0.2953125 0.434375 0.0296875 0.0125
3 0.2328125 0.4515625 0.1578125 0.0078125
3 0.1671875 0.46875 0.0234375 0.0078125
3 0.2046875 0.4828125 0.0984375 0.0078125
3 0.209375 0.46875 0.040625 0.0078125
3 0.25 0.4703125 0.0203125 0.0078125
3 0.2828125 0.46875 0.0234375 0.0078125
3 0.2671875 0.4828125 0.0078125 0.0046875
3 0.3765625 0.434375 0.084375 0.009375
3 0.4703125 0.434375 0.034375 0.0109375
3 0.4109375 0.4515625 0.1546875 0.0078125
3 0.3453125 0.46875 0.021875 0.0078125
3 0.3859375 0.46875 0.0375 0.00625
3 0.428125 0.46875 0.0203125 0.0078125
3 0.4609375 0.46875 0.0234375 0.0078125
3 0.3828125 0.4828125 0.0984375 0.0078125
3 0.4453125 0.48125 0.0078125 0.0046875
3 0.54375 0.434375 0.0640625 0.009375
3 0.6515625 0.434375 0.0296875 0.0125
3 0.5890625 0.4515625 0.1546875 0.0078125
3 0.521875 0.46875 0.0234375 0.0078125
3 0.565625 0.46875 0.0390625 0.0078125
3 0.6046875 0.46875 0.01875 0.0078125
3 0.6390625 0.46875 0.0234375 0.0078125
3 0.6234375 0.4828125 0.0078125 0.0046875
3 0.5609375 0.4828125 0.0984375 0.00625
3 0.721875 0.434375 0.065625 0.009375
3 0.7671875 0.4515625 0.15625 0.00625
3 0.8265625 0.434375 0.034375 0.0109375
3 0.7 0.46875 0.0234375 0.0078125
3 0.7421875 0.46875 0.0390625 0.00625
3 0.7828125 0.46875 0.01875 0.0078125
3 0.8171875 0.46875 0.0234375 0.0078125
3 0.7390625 0.4828125 0.0984375 0.0078125
3 0.8015625 0.4828125 0.009375 0.00625
3 0.8296875 0.61875 0.0296875 0.009375
3 0.715625 0.61875 0.0546875 0.009375
3 0.7671875 0.6359375 0.1546875 0.00625
3 0.7 0.653125 0.021875 0.00625
3 0.7390625 0.6671875 0.0984375 0.0078125
3 0.8015625 0.665625 0.0078125 0.0046875
3 0.7421875 0.653125 0.0390625 0.0078125
3 0.7828125 0.653125 0.01875 0.0078125
3 0.8171875 0.653125 0.021875 0.00625
3 0.6515625 0.61875 0.0296875 0.0109375
3 0.5453125 0.61875 0.06875 0.0078125
3 0.5890625 0.6359375 0.1546875 0.0078125
3 0.6390625 0.653125 0.0234375 0.00625
3 0.6234375 0.665625 0.009375 0.00625
3 0.5609375 0.6671875 0.0984375 0.0078125
3 0.6046875 0.653125 0.01875 0.0078125
3 0.565625 0.653125 0.0390625 0.0078125
3 0.5234375 0.653125 0.021875 0.0078125
3 0.384375 0.61875 0.1015625 0.0078125
3 0.4734375 0.6171875 0.0296875 0.0109375
3 0.4109375 0.6359375 0.15625 0.00625
3 0.3453125 0.653125 0.021875 0.00625
3 0.3875 0.653125 0.0390625 0.0078125
3 0.428125 0.653125 0.0203125 0.0078125
3 0.4609375 0.653125 0.0234375 0.00625
3 0.3828125 0.6671875 0.0984375 0.0078125
3 0.4453125 0.665625 0.009375 0.00625
3 0.1890625 0.61875 0.0671875 0.009375
3 0.2921875 0.6171875 0.0359375 0.009375
3 0.2328125 0.6359375 0.1546875 0.00625
3 0.2828125 0.653125 0.0234375 0.00625
3 0.2671875 0.6671875 0.0078125 0.0046875
3 0.25 0.653125 0.01875 0.009375
3 0.209375 0.653125 0.0390625 0.00625
3 0.1671875 0.653125 0.021875 0.00625
3 0.2046875 0.6671875 0.0984375 0.0078125
27 0.3078125 0.3328125 0.0140625 0.0140625
27 0.4859375 0.51875 0.0140625 0.0140625
27 0.6640625 0.334375 0.0140625 0.0140625
27 0.8421875 0.5171875 0.0140625 0.0140625
15 0.215625 0.7453125 0.1359375 0.0296875
27 0.1671875 0.7453125 0.009375 0.009375
3 0.225 0.7453125 0.0828125 0.009375
15 0.809375 0.74375 0.0890625 0.0296875
3 0.809375 0.7453125 0.034375 0.0078125