3 0.09375 0.25 0.1609375 0.025
3 0.08125 0.55 0.13125 0.025
16 0.49375 0.2859375 0.315625 0.11875
3 0.4453125 0.290625 0.165625 0.015625
3 0.3984375 0.265625 0.06875 0.0125
16 0.8234375 0.2859375 0.3140625 0.1171875
3 0.7234375 0.2640625 0.0578125 0.0109375
16 0.8234375 0.584375 0.3140625 0.1140625
3 0.7171875 0.5640625 0.0484375 0.0125
16 0.49375 0.41875 0.3140625 0.1171875
3 0.4015625 0.3984375 0.0875 0.0109375
16 0.8234375 0.7140625 0.3140625 0.115625
3 0.734375 0.69375 0.0828125 0.0109375
16 0.8234375 0.41875 0.3140625 0.11875
3 0.7203125 0.3984375 0.0546875 0.0125
16 0.49375 0.584375 0.3140625 0.1140625
3 0.3921875 0.5640625 0.0625 0.0125
3 0.7703125 0.290625 0.165625 0.0140625
3 0.7640625 0.4234375 0.146875 0.0125
3 0.434375 0.425 0.146875 0.0125
16 0.49375 0.7140625 0.3140625 0.1171875
3 0.3828125 0.69375 0.0390625 0.0125
3 0.4078125 0.3078125 0.084375 0.0109375
3 0.40625 0.4421875 0.090625 0.0109375
3 0.7375 0.3078125 0.0875 0.0109375
3 0.7375 0.4421875 0.0875 0.0109375
3 0.4171875 0.6046875 0.10625 0.0109375
3 0.4125 0.5875 0.096875 0.0109375
3 0.7453125 0.5875 0.1 0.0109375
3 0.7375 0.7171875 0.0828125 0.009375
3 0.175 0.3015625 0.315625 0.034375
3 0.175 0.6 0.3171875 0.0328125
3 0.403125 0.7171875 0.0796875 0.0109375
3 0.4078125 0.734375 0.09375 0.0125
3 0.7609375 0.734375 0.1375 0.0125
3 0.740625 0.603125 0.096875 0.0125
23 0.4984375 0.5015625 0.9671875 0.0078125