16 0.509375 0.471875 0.621875 0.9015625
3 0.7671875 0.1265625 0.03125 0.1515625
38 0.5859375 0.471875 0.278125 0.84375
3 0.246875 0.18125 0.025 0.165625
27 0.246875 0.0671875 0.0328125 0.0234375
15 0.3390625 0.4984375 0.0609375 0.1796875
27 0.3375 0.4359375 0.0296875 0.0296875
15 0.3390625 0.6703125 0.059375 0.1390625
27 0.3375 0.6296875 0.03125 0.034375
15 0.3375 0.8296875 0.0609375 0.1515625
27 0.3375 0.78125 0.03125 0.0328125
3 0.3375 0.5140625 0.025 0.1078125
3 0.3375 0.6859375 0.0234375 0.0640625
3 0.3375 0.84375 0.025 0.078125
15 0.246875 0.8484375 0.0671875 0.115625
3 0.246875 0.846875 0.021875 0.065625
23 0.2953125 0.4703125 0.0078125 0.8921875