33 0.0296875 0.690625 0.0203125 0.1140625
3 0.003125 0.6625 0.00625 0.2546875
3 0.03125 0.778125 0.0140625 0.025
3 0.03125 0.534375 0.0140625 0.146875
3 0.078125 0.765625 0.015625 0.046875
3 0.1890625 0.76875 0.01875 0.0375
15 0.240625 0.746875 0.05625 0.08125
3 0.2390625 0.746875 0.0171875 0.0328125
15 0.240625 0.6484375 0.0546875 0.0828125
3 0.240625 0.65 0.0140625 0.0234375
15 0.240625 0.55 0.05625 0.08125
3 0.2390625 0.5484375 0.0140625 0.0140625
15 0.240625 0.45 0.05625 0.0796875
3 0.2390625 0.45 0.015625 0.0171875
15 0.240625 0.3515625 0.05625 0.08125
3 0.2390625 0.3515625 0.015625 0.0109375
15 0.2390625 0.253125 0.05625 0.08125
3 0.2390625 0.253125 0.0171875 0.0203125
3 0.190625 0.2671875 0.0140625 0.090625
15 0.321875 0.5 0.053125 0.5765625
3 0.3203125 0.5 0.0203125 0.1140625
3 0.3796875 0.7375 0.0203125 0.1046875
3 0.4359375 0.5015625 0.0640625 0.578125
3 0.5 0.58125 0.01875 0.4171875
3 0.5640625 0.7375 0.0203125 0.1015625
3 0.6015625 0.6546875 0.0171875 0.221875
3 0.6296875 0.690625 0.0171875 0.15
3 0.65625 0.6953125 0.0140625 0.1390625
3 0.684375 0.684375 0.015625 0.165625
3 0.7125 0.6953125 0.015625 0.1421875
3 0.740625 0.646875 0.0171875 0.2375
3 0.7671875 0.671875 0.0171875 0.1859375
16 0.9 0.65 0.1734375 0.275
3 0.9078125 0.65 0.0234375 0.178125
3 0.9328125 0.6515625 0.015625 0.1703125
16 0.8984375 0.35 0.175 0.275
3 0.90625 0.35 0.01875 0.178125
3 0.9328125 0.3515625 0.015625 0.2015625
27 0.125 0.765625 0.0453125 0.0421875
27 0.125 0.7140625 0.0421875 0.040625
27 0.6015625 0.78125 0.00625 0.00625
27 0.628125 0.78125 0.0078125 0.00625
27 0.65625 0.7796875 0.00625 0.00625
27 0.684375 0.7796875 0.0078125 0.00625
27 0.7125 0.7796875 0.0078125 0.0078125
27 0.740625 0.7796875 0.00625 0.0078125
27 0.7671875 0.7796875 0.0078125 0.0078125
27 0.86875 0.6515625 0.021875 0.0296875
27 0.8703125 0.35 0.0203125 0.0265625
23 0.53125 0.5 0.0046875 0.5765625