5 0.5 0.0484375 0.6625 0.0953125
3 0.8015625 0.203125 0.025 0.165625
3 0.746875 0.4796875 0.015625 0.0609375
3 0.746875 0.178125 0.01875 0.1015625
16 0.609375 0.275 0.2296875 0.30625
3 0.6859375 0.1484375 0.015625 0.009375
3 0.6890625 0.196875 0.0203125 0.084375
16 0.6078125 0.7203125 0.2296875 0.5453125
3 0.690625 0.4890625 0.021875 0.046875
3 0.690625 0.640625 0.025 0.078125
3 0.690625 0.7625 0.0234375 0.0265625
15 0.8015625 0.759375 0.0328125 0.153125
3 0.8015625 0.7703125 0.0125 0.1046875
15 0.803125 0.9203125 0.03125 0.1421875
3 0.8015625 0.9296875 0.0125 0.09375
3 0.746875 0.934375 0.015625 0.059375
2 0.575 0.721875 0.1375 0.521875
3 0.6625 0.7890625 0.009375 0.0625
3 0.6625 0.6390625 0.009375 0.0578125
3 0.6640625 0.5015625 0.0109375 0.05625
3 0.4578125 0.7109375 0.0140625 0.0515625
3 0.459375 0.8015625 0.0171875 0.0765625
3 0.459375 0.9609375 0.0125 0.05
3 0.4578125 0.184375 0.015625 0.1125
16 0.3 0.43125 0.2640625 0.615625
3 0.3578125 0.2546875 0.0109375 0.2234375
3 0.378125 0.225 0.009375 0.1609375
3 0.403125 0.1734375 0.0109375 0.059375
3 0.3796875 0.334375 0.0109375 0.028125
3 0.378125 0.3796875 0.0109375 0.0328125
3 0.378125 0.4515625 0.009375 0.0828125
3 0.3796875 0.5296875 0.0078125 0.0453125
3 0.3796875 0.6 0.009375 0.0671875
15 0.4015625 0.2375 0.01875 0.0515625
3 0.4015625 0.2359375 0.009375 0.0359375
15 0.321875 0.240625 0.01875 0.0640625
3 0.3203125 0.240625 0.009375 0.05
3 0.1953125 0.2265625 0.0109375 0.1671875
3 0.2171875 0.221875 0.0109375 0.1578125
15 0.240625 0.2265625 0.01875 0.0359375
3 0.240625 0.2265625 0.009375 0.0234375
23 0.2609375 0.4328125 0.0046875 0.5796875
3 0.2765625 0.2265625 0.0109375 0.1671875
3 0.2984375 0.196875 0.0109375 0.1046875
3 0.321875 0.1703125 0.0125 0.0515625
3 0.2421875 0.171875 0.0109375 0.0546875
3 0.2984375 0.278125 0.009375 0.028125
3 0.2984375 0.346875 0.0109375 0.078125
3 0.2984375 0.4171875 0.009375 0.0328125
3 0.2984375 0.48125 0.009375 0.065625
3 0.2984375 0.5609375 0.0109375 0.06875
3 0.2171875 0.3328125 0.009375 0.0328125
3 0.2171875 0.3796875 0.0125 0.034375
3 0.2171875 0.453125 0.0109375 0.084375
3 0.2171875 0.5421875 0.0109375 0.0671875
3 0.2171875 0.625 0.009375 0.06875
16 0.303125 0.875 0.2640625 0.234375
3 0.390625 0.85625 0.0109375 0.06875
3 0.4078125 0.8609375 0.0125 0.078125
23 0.303125 0.896875 0.00625 0.1515625
3 0.325 0.85625 0.009375 0.06875
3 0.34375 0.859375 0.0109375 0.0734375
3 0.2796875 0.8625 0.0109375 0.0828125
3 0.2609375 0.8453125 0.009375 0.046875
3 0.196875 0.8578125 0.009375 0.071875
3 0.2140625 0.8578125 0.0109375 0.075
3 0.746875 0.371875 0.0140625 0.0625
23 0.6828125 0.565625 0.0421875 0.0046875
23 0.68125 0.715625 0.040625 0.0046875
23 0.340625 0.4328125 0.003125 0.5765625
23 0.3671875 0.896875 0.0046875 0.15
23 0.2375 0.8984375 0.003125 0.153125
27 0.8015625 0.86875 0.0125 0.0125
27 0.8015625 0.703125 0.0109375 0.0109375
27 0.7484375 0.978125 0.0078125 0.0109375
27 0.403125 0.7125 0.0125 0.00625
27 0.321875 0.7125 0.0125 0.0046875
27 0.240625 0.7140625 0.0125 0.0046875
27 0.7484375 0.415625 0.00625 0.009375
2 0.5765625 0.2765625 0.1296875 0.2765625
3 0.6578125 0.184375 0.0125 0.08125
11 0.4 0.79375 0.0328125 0.0328125
11 0.334375 0.79375 0.0328125 0.0328125
11 0.271875 0.79375 0.03125 0.0328125
11 0.20625 0.79375 0.0328125 0.0328125