33 0.934375 0.31875 0.01875 0.1078125
3 0.971875 0.3453125 0.0296875 0.2421875
3 0.971875 0.7421875 0.0296875 0.0625
3 0.9328125 0.234375 0.0140625 0.0234375
3 0.9328125 0.4671875 0.0140625 0.1390625
3 0.8890625 0.246875 0.015625 0.04375
3 0.7828125 0.2421875 0.0171875 0.0359375
15 0.734375 0.2640625 0.0546875 0.0765625
3 0.7359375 0.2640625 0.015625 0.03125
15 0.734375 0.3578125 0.053125 0.078125
3 0.734375 0.35625 0.0140625 0.0234375
15 0.734375 0.4515625 0.053125 0.078125
3 0.734375 0.4515625 0.0140625 0.0140625
15 0.734375 0.5453125 0.0546875 0.0765625
3 0.734375 0.5453125 0.0140625 0.015625
15 0.734375 0.6390625 0.053125 0.078125
3 0.734375 0.640625 0.015625 0.0109375
15 0.734375 0.734375 0.053125 0.078125
3 0.734375 0.734375 0.015625 0.01875
3 0.78125 0.721875 0.0140625 0.0859375
15 0.6578125 0.4984375 0.05 0.5484375
3 0.6578125 0.4984375 0.01875 0.109375
3 0.6015625 0.2734375 0.01875 0.0984375
3 0.546875 0.496875 0.0609375 0.55
3 0.4875 0.421875 0.01875 0.396875
3 0.4265625 0.271875 0.01875 0.096875
3 0.3890625 0.3515625 0.015625 0.2109375
3 0.3640625 0.3171875 0.015625 0.1421875
3 0.3390625 0.3125 0.0125 0.1328125
3 0.3109375 0.3234375 0.015625 0.1578125
3 0.284375 0.3125 0.015625 0.1359375
3 0.2578125 0.359375 0.0171875 0.2265625
3 0.2328125 0.334375 0.015625 0.178125
16 0.10625 0.35625 0.165625 0.2609375
3 0.0984375 0.35625 0.021875 0.16875
3 0.075 0.3546875 0.015625 0.1609375
16 0.1078125 0.6421875 0.165625 0.2609375
3 0.1 0.640625 0.01875 0.1703125
3 0.075 0.640625 0.015625 0.1921875
27 0.8453125 0.246875 0.0421875 0.040625
27 0.84375 0.2953125 0.040625 0.0390625
27 0.390625 0.23125 0.00625 0.00625
27 0.3640625 0.23125 0.0078125 0.00625
27 0.3390625 0.2328125 0.00625 0.00625
27 0.3109375 0.2328125 0.00625 0.00625
27 0.284375 0.2328125 0.0078125 0.0078125
27 0.2578125 0.23125 0.00625 0.0078125
27 0.2328125 0.2328125 0.0078125 0.0078125
27 0.1359375 0.3546875 0.0203125 0.028125
27 0.134375 0.6421875 0.0203125 0.025
23 0.4578125 0.4984375 0.0046875 0.5484375