10 0.5 0.0765625 1 0.0890625
28 0.096875 0.059375 0.1390625 0.0421875
3 0.3484375 0.0609375 0.0578125 0.0125
3 0.4421875 0.059375 0.046875 0.0125
3 0.5421875 0.0609375 0.0703125 0.0125
3 0.628125 0.059375 0.046875 0.0109375
3 0.7140625 0.059375 0.040625 0.0109375
3 0.78125 0.0609375 0.0453125 0.0125
3 0.84375 0.0609375 0.028125 0.0125
15 0.909375 0.059375 0.0796875 0.0328125
3 0.9171875 0.0609375 0.0375 0.0125
27 0.3890625 0.059375 0.0078125 0.00625
27 0.4765625 0.059375 0.009375 0.00625
27 0.6640625 0.0578125 0.0078125 0.0046875
27 0.8890625 0.059375 0.0125 0.0125
3 0.1921875 0.1625 0.3140625 0.021875
19 0.378125 0.1625 0.0421875 0.01875
3 0.378125 0.1640625 0.01875 0.009375
28 0.3203125 0.4046875 0.5703125 0.4265625
16 0.7828125 0.2296875 0.3171875 0.075
16 0.7828125 0.3140625 0.3171875 0.075
16 0.7828125 0.3984375 0.31875 0.075
16 0.7828125 0.4828125 0.31875 0.075
16 0.7828125 0.6953125 0.31875 0.115625
16 0.31875 0.675 0.5671875 0.08125
16 0.1171875 0.84375 0.2328125 0.0671875
16 0.11875 0.9203125 0.2359375 0.06875
16 0.365625 0.8453125 0.240625 0.06875
16 0.3640625 0.9203125 0.2421875 0.06875
16 0.6140625 0.84375 0.2390625 0.06875
16 0.6140625 0.9203125 0.2421875 0.06875
16 0.8640625 0.84375 0.240625 0.06875
16 0.8625 0.921875 0.240625 0.0703125
15 0.7 0.5515625 0.15 0.0359375
3 0.7 0.553125 0.078125 0.0125
15 0.865625 0.5515625 0.1515625 0.0359375
3 0.8640625 0.553125 0.096875 0.0125
15 0.7828125 0.603125 0.3171875 0.040625
3 0.7953125 0.603125 0.0984375 0.0125
27 0.7296875 0.603125 0.01875 0.0171875
27 0.6453125 0.6875 0.0125 0.0125
27 0.6453125 0.7109375 0.0125 0.0125
27 0.646875 0.7328125 0.0125 0.0125
19 0.678125 0.6578125 0.0765625 0.021875
27 0.6546875 0.65625 0.0109375 0.0109375
3 0.6875 0.659375 0.0421875 0.009375
3 0.7390625 0.6875 0.159375 0.0109375
3 0.721875 0.7125 0.1234375 0.0125
3 0.696875 0.734375 0.071875 0.0125
3 0.503125 0.6875 0.0296875 0.0125
3 0.5546875 0.6875 0.0625 0.0140625
3 0.571875 0.6640625 0.028125 0.0125
3 0.3015625 0.6609375 0.15 0.0109375
15 0.3015625 0.6890625 0.0734375 0.0296875
3 0.3015625 0.6890625 0.0453125 0.009375
27 0.4734375 0.6859375 0.0171875 0.0171875
33 0.5078125 0.6640625 0.0875 0.015625
27 0.071875 0.6734375 0.021875 0.0203125
27 0.1203125 0.6734375 0.021875 0.0203125
27 0.0265625 0.8453125 0.01875 0.01875
27 0.028125 0.921875 0.0203125 0.0203125
27 0.278125 0.8453125 0.0171875 0.01875
27 0.2765625 0.921875 0.0171875 0.01875
27 0.5265625 0.84375 0.0171875 0.01875
27 0.5265625 0.921875 0.015625 0.01875
27 0.7765625 0.84375 0.0171875 0.01875
27 0.7765625 0.921875 0.01875 0.0140625
3 0.821875 0.9140625 0.0453125 0.0125
3 0.8125 0.93125 0.0265625 0.0109375
3 0.846875 0.8375 0.09375 0.0125
3 0.8421875 0.853125 0.0859375 0.009375
3 0.5765625 0.8375 0.0546875 0.0125
3 0.61875 0.8546875 0.1375 0.009375
3 0.5734375 0.9125 0.046875 0.0109375
3 0.5609375 0.93125 0.021875 0.0109375
3 0.34375 0.9125 0.084375 0.0109375
3 0.35 0.93125 0.0984375 0.0109375
3 0.328125 0.853125 0.053125 0.009375
3 0.340625 0.8359375 0.0828125 0.0125
3 0.075 0.8359375 0.0484375 0.0109375
3 0.0953125 0.853125 0.0890625 0.009375
3 0.0765625 0.9140625 0.05 0.0140625
3 0.065625 0.93125 0.0265625 0.009375
19 0.725 0.49375 0.1296875 0.0234375
3 0.725 0.49375 0.10625 0.0109375
3 0.734375 0.4703125 0.15 0.0109375
3 0.896875 0.471875 0.0578125 0.0140625
19 0.7328125 0.409375 0.1421875 0.0234375
3 0.73125 0.4109375 0.1203125 0.0109375
3 0.71875 0.3859375 0.11875 0.0109375
3 0.896875 0.3875 0.05625 0.0140625
3 0.7078125 0.3015625 0.0984375 0.0109375
19 0.7328125 0.325 0.14375 0.0234375
3 0.7328125 0.325 0.121875 0.009375
3 0.9015625 0.303125 0.0484375 0.0140625
3 0.9015625 0.21875 0.05 0.015625
3 0.709375 0.2171875 0.1015625 0.0109375
19 0.7125 0.240625 0.1015625 0.0234375
3 0.7125 0.2421875 0.0796875 0.0109375
32 0.6484375 0.4703125 0.015625 0.015625
32 0.6484375 0.3859375 0.015625 0.015625
32 0.6484375 0.3015625 0.015625 0.015625
32 0.6484375 0.21875 0.015625 0.015625
27 0.7703125 0.2171875 0.0125 0.0125
27 0.7640625 0.3015625 0.0109375 0.0125
27 0.7875 0.3859375 0.0125 0.0125
27 0.8203125 0.4703125 0.0109375 0.0109375
23 0.046875 0.1453125 0.01875 0.003125