16 0.503125 0.4984375 0.9671875 0.7734375
3 0.253125 0.1796875 0.3875 0.03125
3 0.1265625 0.2640625 0.13125 0.025
3 0.09375 0.3703125 0.0671875 0.025
3 0.1015625 0.4765625 0.084375 0.025
3 0.11875 0.584375 0.1171875 0.0296875
3 0.4328125 0.7015625 0.1765625 0.025
15 0.3609375 0.80625 0.1671875 0.0734375
3 0.3609375 0.8078125 0.090625 0.0234375
15 0.5421875 0.80625 0.15 0.071875
3 0.5421875 0.80625 0.0734375 0.0234375
18 0.3140625 0.7015625 0.0359375 0.0359375
38 0.6109375 0.596875 0.6671875 0.0734375
38 0.6109375 0.490625 0.66875 0.0734375
38 0.6125 0.384375 0.665625 0.071875
38 0.6125 0.278125 0.66875 0.071875