3 0.765625 0.5359375 0.403125 0.015625
3 0.921875 0.575 0.090625 0.0125
15 0.8875 0.6234375 0.1625 0.04375
3 0.8828125 0.6234375 0.1265625 0.0171875
3 0.784375 0.4453125 0.3671875 0.0484375
3 0.7515625 0.55625 0.434375 0.0140625
10 0.5 0.228125 1 0.0484375
28 0.25 0.525 0.4984375 0.540625
28 0.021875 0.2296875 0.025 0.021875
3 0.0984375 0.2296875 0.04375 0.0109375
3 0.1703125 0.2296875 0.025 0.0109375
3 0.246875 0.2296875 0.0546875 0.0109375
3 0.3234375 0.2296875 0.0265625 0.0125
27 0.928125 0.228125 0.015625 0.0171875
27 0.96875 0.228125 0.01875 0.0171875
3 0.8765625 0.49375 0.1796875 0.046875