15 0.85 0.3671875 0.2984375 0.0546875
3 0.878125 0.3671875 0.04375 0.0140625
23 0.7546875 0.2984375 0.103125 0.0046875
23 0.971875 0.2984375 0.0546875 0.0046875
3 0.878125 0.2984375 0.109375 0.0140625
38 0.85 0.4953125 0.2984375 0.0453125
38 0.85 0.5796875 0.2984375 0.0453125
27 0.878125 0.7640625 0.0421875 0.0375
3 0.878125 0.7078125 0.2109375 0.0265625
3 0.7625 0.4375 0.125 0.0140625
3 0.878125 0.665625 0.184375 0.01875
28 0.9359375 0.2328125 0.0453125 0.0421875
28 0.8765625 0.2328125 0.040625 0.04375
28 0.8203125 0.2328125 0.0421875 0.046875