16 0.203125 0.5 0.3734375 1
16 0.5078125 0.5 0.1890625 1
16 0.80625 0.5 0.353125 1
3 0.040625 0.0828125 0.0203125 0.125
3 0.0703125 0.25 0.015625 0.459375
16 0.2328125 0.2703125 0.259375 0.503125
3 0.1390625 0.0921875 0.021875 0.096875
3 0.1796875 0.0984375 0.0140625 0.1078125
3 0.2140625 0.140625 0.0265625 0.1921875
3 0.259375 0.259375 0.0140625 0.428125
15 0.315625 0.2703125 0.0515625 0.4546875
3 0.315625 0.26875 0.0171875 0.1
16 0.2328125 0.7703125 0.2609375 0.459375
3 0.1390625 0.6484375 0.0171875 0.165625
16 0.21875 0.78125 0.1015625 0.4375
3 0.215625 0.621875 0.0109375 0.0828125
3 0.1953125 0.6171875 0.0109375 0.075
3 0.215625 0.7046875 0.015625 0.0359375
3 0.24375 0.6703125 0.0125 0.0984375
15 0.3140625 0.78125 0.0484375 0.4375
3 0.315625 0.790625 0.015625 0.10625
27 0.24375 0.59375 0.0171875 0.028125
27 0.24375 0.9921875 0.0171875 0.0078125
27 0.1921875 0.990625 0.0203125 0.0171875
3 0.45625 0.10625 0.0234375 0.1765625
3 0.4546875 0.253125 0.0140625 0.096875
3 0.5046875 0.078125 0.015625 0.121875
3 0.56875 0.16875 0.01875 0.303125
3 0.503125 0.975 0.0171875 0.0484375
3 0.56875 0.96875 0.015625 0.0609375
23 0.5359375 0.5 0.0046875 1
3 0.671875 0.0875 0.021875 0.140625
21 0.8421875 0.5 0.2828125 1