3 0.51875 0.5171875 0.2796875 0.015625
3 0.51875 0.5578125 0.5875 0.015625
15 0.29375 0.36875 0.0828125 0.0234375
27 0.2640625 0.3703125 0.0078125 0.0078125
3 0.8625 0.421875 0.2734375 0.04375
15 0.6390625 0.36875 0.0828125 0.0234375
27 0.609375 0.36875 0.009375 0.0078125
3 0.51875 0.634375 0.096875 0.015625
15 0.971875 0.36875 0.05625 0.021875
27 0.953125 0.3703125 0.009375 0.009375
3 0.178125 0.4234375 0.31875 0.0453125
3 0.51875 0.596875 0.5421875 0.0328125
3 0.521875 0.421875 0.3234375 0.0421875
3 0.26875 0.4578125 0.0859375 0.0125
3 0.51875 0.5375 0.5890625 0.0125
3 0.6109375 0.4578125 0.0921875 0.0125
3 0.95625 0.459375 0.0859375 0.0140625
27 0.6734375 0.45625 0.015625 0.0171875
27 0.328125 0.4578125 0.0125 0.0140625
3 0.98125 0.3703125 0.0359375 0.009375
3 0.6453125 0.3703125 0.0515625 0.009375
3 0.3015625 0.36875 0.0515625 0.009375