3 0.7203125 0.8234375 0.0453125 0.3515625
3 0.65625 0.68125 0.040625 0.6375
16 0.43125 0.590625 0.3296875 0.3296875
3 0.559375 0.6703125 0.0296875 0.125
16 0.3921875 0.2046875 0.246875 0.409375
3 0.478125 0.325 0.0296875 0.1390625
16 0.34375 0.8859375 0.153125 0.228125
3 0.3828125 0.9625 0.021875 0.065625
3 0.3046875 0.921875 0.03125 0.1453125
3 0.3359375 0.9234375 0.0140625 0.14375
3 0.346875 0.6234375 0.0328125 0.2265625
3 0.3046875 0.6015625 0.0296875 0.2703125
3 0.303125 0.209375 0.0328125 0.3640625
3 0.3359375 0.2984375 0.015625 0.1828125