16 0.5 0.5 0.7953125 1
3 0.16875 0.2515625 0.034375 0.4171875
3 0.259375 0.1140625 0.028125 0.1421875
3 0.375 0.078125 0.028125 0.0734375
3 0.4875 0.0859375 0.0265625 0.0921875
3 0.6046875 0.10625 0.03125 0.1265625
3 0.73125 0.4453125 0.0265625 0.190625
15 0.8453125 0.3671875 0.0796875 0.1796875
3 0.8453125 0.3671875 0.0265625 0.0984375
15 0.8453125 0.5625 0.078125 0.1625
3 0.8453125 0.5625 0.025 0.0796875
18 0.73125 0.315625 0.0390625 0.0390625
38 0.61875 0.6375 0.078125 0.7203125
38 0.503125 0.6375 0.078125 0.721875
38 0.3890625 0.6390625 0.078125 0.71875
38 0.2734375 0.6375 0.078125 0.7234375