16 0.5609375 0.5 0.4015625 1
3 0.6671875 0.1703125 0.0109375 0.1765625
3 0.7359375 0.05 0.0109375 0.078125
15 0.696875 0.134375 0.0234375 0.103125
3 0.696875 0.1328125 0.0109375 0.0796875
15 0.696875 0.2140625 0.0234375 0.0484375
3 0.696875 0.2140625 0.0109375 0.0265625
28 0.684375 0.040625 0.0609375 0.059375
16 0.29375 0.5 0.1109375 1
23 0.6421875 0.5 0.0046875 0.9984375
38 0.603125 0.2515625 0.0265625 0.4828125
38 0.5671875 0.2515625 0.0265625 0.48125
38 0.53125 0.2515625 0.0265625 0.4828125
38 0.4953125 0.2515625 0.0265625 0.4828125
20 0.459375 0.2515625 0.025 0.4828125
20 0.4234375 0.2515625 0.0265625 0.4828125
15 0.3859375 0.053125 0.0234375 0.0859375
3 0.3859375 0.053125 0.0078125 0.0609375
15 0.3859375 0.128125 0.0234375 0.05
3 0.3859375 0.128125 0.009375 0.025
20 0.459375 0.7453125 0.0265625 0.48125
20 0.4234375 0.7453125 0.0265625 0.4828125
38 0.4953125 0.7453125 0.0265625 0.48125
38 0.53125 0.7453125 0.0265625 0.4828125
38 0.5671875 0.7453125 0.025 0.48125
38 0.6046875 0.7453125 0.025 0.48125
3 0.325 0.059375 0.009375 0.0953125
3 0.29375 0.1015625 0.0078125 0.1390625
18 0.29375 0.021875 0.0109375 0.0109375
15 0.2640625 0.0640625 0.0234375 0.1078125
3 0.2640625 0.0640625 0.0078125 0.084375