3 0.39375 0.5109375 0.01875 0.3953125
3 0.3671875 0.5109375 0.0203125 0.6765625
3 0.3171875 0.509375 0.03125 0.3859375
16 0.5875 0.509375 0.2734375 0.96875
3 0.6984375 0.2359375 0.0140625 0.159375
3 0.696875 0.5078125 0.0140625 0.225
3 0.5515625 0.35 0.0640625 0.5984375
3 0.665625 0.5375 0.0140625 0.1640625
16 0.5921875 0.8328125 0.2625 0.3015625
3 0.5453125 0.8515625 0.0390625 0.1046875
3 0.4890625 0.5375 0.0234375 0.225
27 0.665625 0.6359375 0.0203125 0.01875
27 0.665625 0.3328125 0.0203125 0.0203125
27 0.696875 0.6375 0.01875 0.0203125
3 0.665625 0.215625 0.0125 0.1984375
3 0.66875 0.8328125 0.0125 0.153125
3 0.6875 0.834375 0.0125 0.1546875
3 0.5 0.83125 0.0171875 0.2046875
3 0.559375 0.7765625 0.0140625 0.028125
3 0.6234375 0.8328125 0.0140625 0.078125
3 0.6140625 0.60625 0.015625 0.084375
23 0.6125 0.2984375 0.00625 0.50625
27 0.696875 0.3328125 0.0203125 0.01875