3 0.465625 0.2984375 0.196875 0.028125
16 0.4671875 0.553125 0.34375 0.3546875
3 0.4625 0.653125 0.325 0.05
16 0.8171875 0.553125 0.34375 0.35625
3 0.8 0.6515625 0.2984375 0.053125
16 0.1453125 0.553125 0.290625 0.3578125
3 0.134375 0.653125 0.2671875 0.0546875
3 0.109375 0.6109375 0.21875 0.0265625
3 0.440625 0.609375 0.278125 0.0140625
3 0.7734375 0.609375 0.2453125 0.0140625
3 0.0109375 0.58125 0.0203125 0.009375
3 0.3296875 0.5828125 0.059375 0.009375
3 0.68125 0.58125 0.0640625 0.0109375
19 0.06875 0.5828125 0.0796875 0.0171875
3 0.06875 0.5828125 0.0671875 0.0109375
19 0.428125 0.5828125 0.121875 0.01875
3 0.428125 0.58125 0.109375 0.009375
19 0.7671875 0.5828125 0.0921875 0.01875
3 0.765625 0.58125 0.078125 0.009375
3 0.76875 0.7140625 0.1375 0.0125
3 0.7453125 0.696875 0.0875 0.0125
3 0.45625 0.7140625 0.209375 0.0140625
3 0.1125 0.7140625 0.225 0.0140625
11 0.6703125 0.703125 0.0359375 0.0359375
11 0.3203125 0.703125 0.0375 0.0359375
3 0.046875 0.696875 0.0875 0.0140625
3 0.403125 0.696875 0.1015625 0.0125
3 0.4671875 0.3359375 0.3625 0.01875
28 0.1421875 0.4703125 0.2828125 0.178125
28 0.4671875 0.471875 0.328125 0.1765625
28 0.8171875 0.4703125 0.3296875 0.1765625