16 0.475 0.5390625 0.6171875 0.665625
3 0.328125 0.5296875 0.134375 0.01875
27 0.475 0.065625 0.0640625 0.059375
3 0.26875 0.403125 0.090625 0.01875
3 0.475 0.15 0.325 0.0390625
3 0.471875 0.6953125 0.1515625 0.01875
3 0.2859375 0.2828125 0.1265625 0.01875
3 0.64375 0.53125 0.165625 0.0203125
3 0.4390625 0.9234375 0.20625 0.021875
15 0.5984375 0.7859375 0.2546875 0.05625
3 0.6140625 0.7859375 0.0984375 0.0203125
3 0.5796875 0.925 0.0671875 0.01875
15 0.3375 0.7859375 0.23125 0.05625
3 0.353125 0.7890625 0.06875 0.021875
23 0.3015625 0.6953125 0.15625 0.00625
23 0.646875 0.696875 0.15625 0.00625
15 0.475 0.6046875 0.4984375 0.0546875
3 0.4734375 0.60625 0.06875 0.0203125
18 0.2359375 0.5296875 0.0296875 0.03125
38 0.475 0.446875 0.5015625 0.059375
38 0.4734375 0.3265625 0.5015625 0.0578125