3 0.5078125 0.3328125 0.578125 0.015625
3 0.50625 0.29375 0.53125 0.0296875
3 0.115625 0.640625 0.1015625 0.0125
3 0.2453125 0.671875 0.3609375 0.0390625
15 0.6125 0.7234375 0.084375 0.0265625
27 0.640625 0.7234375 0.0078125 0.00625
3 0.5078125 0.259375 0.0890625 0.0140625
3 0.75 0.671875 0.3609375 0.0390625
3 0.6265625 0.471875 0.1109375 0.0125
15 0.1078125 0.5546875 0.0828125 0.025
27 0.1375 0.5546875 0.0078125 0.0078125
3 0.7515625 0.496875 0.3625 0.028125
15 0.1078125 0.7234375 0.0828125 0.0265625
27 0.1375 0.7234375 0.0078125 0.0078125
3 0.2484375 0.5046875 0.365625 0.040625
3 0.1359375 0.471875 0.1421875 0.0140625
3 0.60625 0.640625 0.075 0.0109375
27 0.084375 0.609375 0.034375 0.034375
27 0.5890625 0.440625 0.0359375 0.0375
27 0.5890625 0.609375 0.0359375 0.0359375
15 0.6125 0.5421875 0.0828125 0.025
27 0.6421875 0.5421875 0.009375 0.00625
27 0.084375 0.440625 0.034375 0.034375
3 0.50625 0.353125 0.578125 0.015625
3 0.5078125 0.375 0.278125 0.0125
3 0.1 0.5546875 0.0515625 0.0109375
3 0.1 0.7234375 0.053125 0.0109375
3 0.6046875 0.7234375 0.0515625 0.0109375
3 0.60625 0.5421875 0.053125 0.0109375