16 0.2453125 0.3703125 0.490625 0.146875
16 0.7515625 0.375 0.496875 0.1546875
16 0.6625 0.559375 0.675 0.1953125
16 0.15625 0.58125 0.3125 0.240625
28 0.0328125 0.3671875 0.0640625 0.1078125
28 0.15625 0.5203125 0.3109375 0.1125
28 0.9515625 0.371875 0.0953125 0.109375
33 0.5703125 0.353125 0.096875 0.0140625
3 0.6703125 0.3515625 0.0796875 0.0109375
3 0.5734375 0.31875 0.1078125 0.0109375
3 0.6890625 0.3890625 0.3390625 0.0234375
3 0.5390625 0.4296875 0.0390625 0.009375
3 0.596875 0.4296875 0.0375 0.009375
3 0.8453125 0.521875 0.0078125 0.0109375
3 0.8703125 0.5203125 0.040625 0.0171875
3 0.9046875 0.521875 0.021875 0.0078125
3 0.878125 0.55 0.071875 0.0078125
3 0.8796875 0.5625 0.084375 0.0078125
15 0.8796875 0.609375 0.0828125 0.0234375
3 0.878125 0.609375 0.0578125 0.0078125
3 0.6703125 0.6 0.0828125 0.0078125
3 0.675 0.628125 0.090625 0.009375
27 0.615625 0.6 0.0109375 0.0125
27 0.615625 0.628125 0.0125 0.0078125
27 0.3484375 0.6 0.0109375 0.0125
27 0.3484375 0.628125 0.0140625 0.0125
27 0.4703125 0.421875 0.0125 0.0109375
27 0.1 0.421875 0.0109375 0.0109375
3 0.3875 0.6 0.053125 0.0109375
3 0.3875 0.628125 0.0546875 0.0109375
3 0.5265625 0.5359375 0.3734375 0.0515625
3 0.396875 0.4875 0.1140625 0.0140625
3 0.11875 0.3890625 0.05625 0.0109375
3 0.278125 0.3546875 0.371875 0.0234375
3 0.14375 0.31875 0.103125 0.0125
3 0.025 0.6 0.05 0.0109375
3 0.0125 0.6296875 0.0234375 0.0125
3 0.146875 0.6609375 0.29375 0.025
15 0.15625 0.6953125 0.3125 0.0140625
3 0.140625 0.6984375 0.0546875 0.0078125
23 0.5296875 0.578125 0.378125 0.003125
23 0.5109375 0.615625 0.003125 0.034375