5 0.5 0.90625 0.7109375 0.1875
10 0.165625 0.4046875 0.04375 0.809375
38 0.1625 0.625 0.034375 0.3296875
27 0.1625 0.1703125 0.01875 0.0171875
12 0.1625 0.1359375 0.0203125 0.0171875
11 0.1625 0.0953125 0.03125 0.03125
3 0.15625 0.04375 0.0109375 0.0625
3 0.1703125 0.0609375 0.0078125 0.028125
16 0.2578125 0.7 0.10625 0.1828125
3 0.2234375 0.7515625 0.009375 0.0546875
3 0.2515625 0.75 0.0140625 0.0578125
3 0.2859375 0.6734375 0.0109375 0.078125
19 0.2859375 0.7484375 0.0265625 0.0625
3 0.2859375 0.7390625 0.0109375 0.03125
16 0.2578125 0.5 0.10625 0.18125
19 0.2859375 0.5453125 0.028125 0.071875
3 0.2859375 0.5359375 0.0109375 0.0390625
3 0.2875 0.475 0.009375 0.05625
3 0.2515625 0.55625 0.0171875 0.0453125
3 0.2234375 0.55 0.009375 0.0609375
16 0.2578125 0.3015625 0.1046875 0.18125
3 0.2234375 0.35625 0.0078125 0.053125
3 0.2515625 0.3703125 0.0140625 0.021875
19 0.284375 0.34375 0.028125 0.075
3 0.2859375 0.334375 0.0109375 0.04375
3 0.2859375 0.26875 0.009375 0.0671875
16 0.259375 0.103125 0.10625 0.18125
3 0.2234375 0.1484375 0.009375 0.0703125
3 0.25 0.1640625 0.0140625 0.0375
19 0.2859375 0.1453125 0.0265625 0.0734375
3 0.2859375 0.1359375 0.009375 0.040625
3 0.2875 0.065625 0.0109375 0.0765625
16 0.4359375 0.153125 0.2171875 0.28125
20 0.35 0.0671875 0.0265625 0.0890625
3 0.3484375 0.2140625 0.0140625 0.1375
1 0.4515625 0.153125 0.14375 0.2625
3 0.4296875 0.2109375 0.009375 0.025
3 0.4515625 0.2125 0.015625 0.0453125
3 0.4734375 0.2125 0.0109375 0.034375
16 0.4359375 0.5515625 0.21875 0.4796875
3 0.3484375 0.7140625 0.0140625 0.1328125
20 0.3515625 0.3625 0.0265625 0.0828125
27 0.2859375 0.16875 0.0140625 0.0078125
27 0.2859375 0.3671875 0.0125 0.0109375
27 0.2859375 0.565625 0.0109375 0.009375
34 0.4515625 0.55 0.1640625 0.459375
16 0.7046875 0.5515625 0.2859375 0.4796875
16 0.7046875 0.153125 0.2875 0.2828125
3 0.5828125 0.1859375 0.0140625 0.2
3 0.6328125 0.2046875 0.0125 0.06875
3 0.615625 0.2140625 0.0109375 0.053125
3 0.671875 0.240625 0.0109375 0.0890625
3 0.671875 0.096875 0.0125 0.1140625
3 0.7015625 0.1203125 0.0109375 0.0671875
3 0.7328125 0.1421875 0.009375 0.021875
3 0.7625 0.1375 0.0109375 0.034375
3 0.79375 0.1234375 0.0125 0.0609375
3 0.825 0.125 0.0125 0.059375
3 0.825 0.2390625 0.0125 0.0921875
3 0.79375 0.2609375 0.0125 0.05
3 0.7640625 0.234375 0.0109375 0.1015625
3 0.7328125 0.253125 0.0125 0.065625
3 0.703125 0.246875 0.0140625 0.0765625
11 0.6234375 0.2671875 0.034375 0.0359375
27 0.5828125 0.0328125 0.015625 0.0171875
21 0.7171875 0.5515625 0.20625 0.4578125
3 0.5828125 0.7203125 0.015625 0.1203125
20 0.5859375 0.3609375 0.0265625 0.0765625