3 0.5609375 0.46875 0.1875 0.03125
3 0.575 0.4078125 0.1671875 0.028125
3 0.571875 0.34375 0.165625 0.028125
3 0.5515625 0.1046875 0.209375 0.03125
3 0.575 0.2796875 0.1734375 0.0296875
18 0.684375 0.278125 0.03125 0.03125
18 0.684375 0.4703125 0.0296875 0.0296875
3 0.5265625 0.6421875 0.265625 0.025
18 0.684375 0.40625 0.0265625 0.0265625
3 0.634375 0.1734375 0.165625 0.0234375
3 0.640625 0.5390625 0.159375 0.0234375
18 0.684375 0.040625 0.0296875 0.0296875
3 0.5890625 0.0421875 0.13125 0.0296875
18 0.6828125 0.1046875 0.0359375 0.034375
18 0.684375 0.3421875 0.03125 0.03125
18 0.684375 0.6421875 0.0328125 0.03125
20 0.4921875 0.9171875 0.45 0.090625
20 0.490625 0.825 0.4484375 0.090625
20 0.5640625 0.734375 0.3 0.084375
38 0.3375 0.734375 0.14375 0.084375