21 0.4875 0.4984375 0.575 0.9953125
30 0.803125 0.4734375 0.040625 0.2640625
15 0.803125 0.0484375 0.034375 0.0953125
3 0.803125 0.0546875 0.0125 0.0546875
27 0.803125 0.0109375 0.0140625 0.0125
15 0.803125 0.9140625 0.0359375 0.10625
3 0.803125 0.9015625 0.0125 0.0296875
27 0.803125 0.9328125 0.0140625 0.0125
15 0.1640625 0.825 0.0203125 0.1109375
15 0.1640625 0.940625 0.0203125 0.096875
38 0.1640625 0.109375 0.0203125 0.21875
3 0.15625 0.8375 0.00625 0.05
3 0.15625 0.9546875 0.00625 0.0359375
27 0.15625 0.9171875 0.0046875 0.01875
27 0.1578125 0.7921875 0.0078125 0.015625