28 0.284375 0.025 0.0484375 0.0484375
27 0.6171875 0.01875 0.0296875 0.03125
27 0.6953125 0.01875 0.028125 0.0234375
38 0.49375 0.1109375 0.46875 0.0765625
16 0.4953125 0.4625 0.4703125 0.5859375
3 0.3921875 0.2234375 0.246875 0.03125
16 0.4828125 0.38125 0.434375 0.221875
3 0.4703125 0.3546875 0.0640625 0.021875
19 0.4765625 0.303125 0.0765625 0.03125
3 0.478125 0.3046875 0.04375 0.0125
19 0.596875 0.303125 0.140625 0.0328125
3 0.596875 0.3046875 0.1078125 0.015625
3 0.5484375 0.3953125 0.221875 0.0171875
3 0.546875 0.434375 0.21875 0.01875
3 0.459375 0.4609375 0.0421875 0.015625
16 0.484375 0.61875 0.434375 0.221875
19 0.46875 0.540625 0.0578125 0.03125
3 0.4671875 0.5421875 0.028125 0.015625
19 0.578125 0.540625 0.140625 0.034375
3 0.578125 0.5421875 0.1078125 0.015625
3 0.471875 0.590625 0.06875 0.0203125
3 0.4984375 0.6328125 0.1203125 0.0171875
3 0.6125 0.6328125 0.096875 0.0171875
3 0.51875 0.671875 0.1640625 0.0171875
3 0.63125 0.671875 0.0484375 0.0171875
3 0.459375 0.6984375 0.0421875 0.0171875
16 0.4953125 0.8859375 0.4703125 0.2265625
3 0.4265625 0.828125 0.3125 0.03125
16 0.4828125 0.9359375 0.4328125 0.1265625
19 0.48125 0.9078125 0.0828125 0.034375
3 0.4796875 0.909375 0.0515625 0.0140625
3 0.4859375 0.9578125 0.09375 0.0171875
3 0.5140625 0.99375 0.15625 0.0109375
28 0.353125 0.3796875 0.1375 0.1890625
28 0.353125 0.61875 0.140625 0.190625
28 0.353125 0.94375 0.1375 0.1109375