16 0.2359375 0.50625 0.3640625 0.5296875
3 0.1515625 0.5515625 0.0859375 0.0140625
3 0.2359375 0.65625 0.096875 0.0109375
15 0.1578125 0.70625 0.14375 0.046875
3 0.16875 0.7078125 0.0421875 0.0125
15 0.3125 0.70625 0.14375 0.046875
3 0.3234375 0.70625 0.059375 0.0109375
3 0.3359375 0.525 0.0953125 0.015625
3 0.35625 0.3359375 0.0453125 0.0125
3 0.121875 0.3 0.0703125 0.0296875
3 0.184375 0.3359375 0.1953125 0.0171875
3 0.1296875 0.384375 0.0859375 0.0125
3 0.1171875 0.459375 0.059375 0.0109375
15 0.234375 0.609375 0.296875 0.0453125
3 0.2359375 0.609375 0.0390625 0.0125
38 0.2359375 0.4140625 0.296875 0.040625
38 0.2359375 0.4890625 0.296875 0.0390625
18 0.09375 0.5515625 0.015625 0.015625
23 0.13125 0.6578125 0.0875 0.003125
23 0.3375 0.6578125 0.0890625 0.0046875
16 0.76875 0.575 0.4625 0.3625