3 0.5703125 0.5109375 0.1171875 0.0140625
3 0.559375 0.4796875 0.140625 0.0140625
15 0.578125 0.3890625 0.1578125 0.0265625
27 0.5171875 0.390625 0.009375 0.009375
3 0.5375 0.4484375 0.18125 0.0125
3 0.2171875 0.48125 0.121875 0.0109375
3 0.203125 0.45 0.153125 0.0125
3 0.221875 0.5125 0.115625 0.0125
27 0.2921875 0.4796875 0.0125 0.0078125
27 0.2921875 0.4484375 0.0109375 0.0078125
27 0.2921875 0.5109375 0.0125 0.0078125
27 0.64375 0.5109375 0.0140625 0.009375
27 0.6453125 0.4796875 0.0109375 0.0078125
27 0.6453125 0.4484375 0.0109375 0.0078125
3 0.5875 0.3890625 0.1140625 0.0125
3 0.3296875 0.553125 0.6578125 0.0328125
3 0.4953125 0.603125 0.3234375 0.03125
28 0.8375 0.5 0.325 0.2671875