3 0.678125 0.99375 0.1828125 0.0125
3 0.6234375 0.8859375 0.221875 0.01875
3 0.6734375 0.803125 0.1921875 0.0203125
3 0.6734375 0.5265625 0.190625 0.01875
3 0.6828125 0.1859375 0.1671875 0.0203125
3 0.6359375 0.1375 0.19375 0.01875
15 0.5 0.0328125 0.5359375 0.05
3 0.4875 0.03125 0.084375 0.01875
18 0.75 0.1375 0.021875 0.0203125
23 0.5 0.0875 0.5390625 0.0078125
23 0.5 0.2265625 0.5390625 0.00625
23 0.5015625 0.565625 0.5390625 0.00625
23 0.4984375 0.8453125 0.5421875 0.0078125
18 0.75 0.8875 0.021875 0.0234375
38 0.6375 0.2953125 0.2640625 0.0484375
38 0.6375 0.3546875 0.2640625 0.046875
38 0.3625 0.3546875 0.2625 0.0484375
38 0.5 0.415625 0.5390625 0.0484375
38 0.6375 0.478125 0.2640625 0.05
38 0.3625 0.478125 0.2625 0.0484375
38 0.55625 0.634375 0.425 0.05
38 0.28125 0.6328125 0.1015625 0.046875
38 0.5 0.6953125 0.5375 0.0484375
38 0.5 0.75625 0.5359375 0.0484375
38 0.5 0.9484375 0.5375 0.0484375
20 0.3609375 0.29375 0.2640625 0.046875