16 0.5015625 0.5015625 0.9828125 0.3328125
3 0.090625 0.36875 0.11875 0.0171875
3 0.10625 0.5765625 0.0890625 0.0140625
15 0.1609375 0.628125 0.071875 0.0328125
3 0.1609375 0.628125 0.0359375 0.0109375
15 0.0703125 0.628125 0.08125 0.0328125
3 0.0703125 0.628125 0.0453125 0.0109375
18 0.046875 0.575 0.015625 0.0171875
38 0.2609375 0.4171875 0.4609375 0.0359375
38 0.2609375 0.4703125 0.4609375 0.034375
38 0.2609375 0.5234375 0.4609375 0.034375
38 0.740625 0.4171875 0.4609375 0.034375
38 0.740625 0.4703125 0.4625 0.034375
38 0.740625 0.5234375 0.4609375 0.034375