5 0.09375 0.5 0.1875 0.7109375
10 0.5953125 0.165625 0.809375 0.04375
38 0.375 0.1625 0.3296875 0.034375
27 0.8296875 0.1625 0.0171875 0.01875
12 0.8640625 0.1625 0.0171875 0.0203125
11 0.9046875 0.1625 0.03125 0.03125
3 0.95625 0.15625 0.0625 0.0109375
3 0.9390625 0.1703125 0.028125 0.0078125
16 0.3 0.2578125 0.1828125 0.10625
3 0.2484375 0.2234375 0.0546875 0.009375
3 0.25 0.2515625 0.0578125 0.0140625
3 0.3265625 0.2859375 0.078125 0.0109375
19 0.2515625 0.2859375 0.0625 0.0265625
3 0.2609375 0.2859375 0.03125 0.0109375
16 0.5 0.2578125 0.18125 0.10625
19 0.4546875 0.2859375 0.071875 0.028125
3 0.4640625 0.2859375 0.0390625 0.0109375
3 0.525 0.2875 0.05625 0.009375
3 0.44375 0.2515625 0.0453125 0.0171875
3 0.45 0.2234375 0.0609375 0.009375
16 0.6984375 0.2578125 0.18125 0.1046875
3 0.64375 0.2234375 0.053125 0.0078125
3 0.6296875 0.2515625 0.021875 0.0140625
19 0.65625 0.284375 0.075 0.028125
3 0.665625 0.2859375 0.04375 0.0109375
3 0.73125 0.2859375 0.0671875 0.009375
16 0.896875 0.259375 0.18125 0.10625
3 0.8515625 0.2234375 0.0703125 0.009375
3 0.8359375 0.25 0.0375 0.0140625
19 0.8546875 0.2859375 0.0734375 0.0265625
3 0.8640625 0.2859375 0.040625 0.009375
3 0.934375 0.2875 0.0765625 0.0109375
16 0.846875 0.4359375 0.28125 0.2171875
20 0.9328125 0.35 0.0890625 0.0265625
3 0.7859375 0.3484375 0.1375 0.0140625
1 0.846875 0.4515625 0.2625 0.14375
3 0.7890625 0.4296875 0.025 0.009375
3 0.7875 0.4515625 0.0453125 0.015625
3 0.7875 0.4734375 0.034375 0.0109375
16 0.4484375 0.4359375 0.4796875 0.21875
3 0.2859375 0.3484375 0.1328125 0.0140625
20 0.6375 0.3515625 0.0828125 0.0265625
27 0.83125 0.2859375 0.0078125 0.0140625
27 0.6328125 0.2859375 0.0109375 0.0125
27 0.434375 0.2859375 0.009375 0.0109375
34 0.45 0.4515625 0.459375 0.1640625
16 0.4484375 0.7046875 0.4796875 0.2859375
16 0.846875 0.7046875 0.2828125 0.2875
3 0.8140625 0.5828125 0.2 0.0140625
3 0.7953125 0.6328125 0.06875 0.0125
3 0.7859375 0.615625 0.053125 0.0109375
3 0.759375 0.671875 0.0890625 0.0109375
3 0.903125 0.671875 0.1140625 0.0125
3 0.8796875 0.7015625 0.0671875 0.0109375
3 0.8578125 0.7328125 0.021875 0.009375
3 0.8625 0.7625 0.034375 0.0109375
3 0.8765625 0.79375 0.0609375 0.0125
3 0.875 0.825 0.059375 0.0125
3 0.7609375 0.825 0.0921875 0.0125
3 0.7390625 0.79375 0.05 0.0125
3 0.765625 0.7640625 0.1015625 0.0109375
3 0.746875 0.7328125 0.065625 0.0125
3 0.753125 0.703125 0.0765625 0.0140625
11 0.7328125 0.6234375 0.0359375 0.034375
27 0.9671875 0.5828125 0.0171875 0.015625
21 0.4484375 0.7171875 0.4578125 0.20625
3 0.2796875 0.5828125 0.1203125 0.015625
20 0.6390625 0.5859375 0.0765625 0.0265625