3 0.69375 0.2078125 0.0953125 0.3671875
3 0.6078125 0.24375 0.0578125 0.4390625
15 0.540625 0.10625 0.0484375 0.1640625
3 0.5390625 0.10625 0.0171875 0.11875
28 0.615625 0.7484375 0.5171875 0.503125
26 0.240625 0.5 0.2296875 1
3 0.259375 0.825 0.0109375 0.3015625
3 0.190625 0.5265625 0.0125 0.0421875
3 0.21875 0.528125 0.0109375 0.046875
3 0.246875 0.5234375 0.0125 0.0359375
3 0.28125 0.5234375 0.0125 0.034375
3 0.28125 0.03125 0.015625 0.0609375
3 0.28125 0.3671875 0.0140625 0.059375
3 0.28125 0.19375 0.0125 0.0515625
3 0.25 0.03125 0.0109375 0.0625
3 0.190625 0.0328125 0.0140625 0.0640625
3 0.2203125 0.03125 0.0109375 0.0609375
3 0.2484375 0.190625 0.0109375 0.0453125
3 0.1625 0.2015625 0.0109375 0.0640625
3 0.1625 0.0265625 0.0109375 0.0515625
3 0.2203125 0.215625 0.0109375 0.090625
3 0.1921875 0.190625 0.0109375 0.0421875
3 0.134375 0.3640625 0.009375 0.0515625
3 0.21875 0.3515625 0.015625 0.0296875
3 0.25 0.35625 0.0109375 0.0375
3 0.1625 0.35625 0.009375 0.034375
3 0.1921875 0.353125 0.009375 0.0296875
3 0.28125 0.7515625 0.0109375 0.159375
3 0.175 0.7515625 0.0125 0.1578125
3 0.175 0.865625 0.009375 0.0640625
38 0.2234375 0.8328125 0.046875 0.31875