3 0.509375 0.6078125 0.384375 0.0296875
27 0.3828125 0.4859375 0.034375 0.0359375
3 0.3828125 0.440625 0.109375 0.0171875
3 0.509375 0.640625 0.1296875 0.0140625
27 0.8796875 0.4859375 0.0328125 0.034375
3 0.63125 0.440625 0.0984375 0.01875
3 0.88125 0.440625 0.1109375 0.0171875
27 0.63125 0.4859375 0.0328125 0.0328125
3 0.134375 0.440625 0.1015625 0.0171875
3 0.134375 0.3859375 0.225 0.0453125
3 0.3828125 0.3859375 0.2125 0.0484375
3 0.6328125 0.3859375 0.2109375 0.0484375
3 0.8796875 0.3859375 0.2125 0.046875
23 0.88125 0.425 0.021875 0.0046875
23 0.63125 0.425 0.021875 0.003125
23 0.3828125 0.425 0.021875 0.003125
23 0.134375 0.425 0.021875 0.003125
3 0.509375 0.5671875 0.5328125 0.015625
3 0.509375 0.546875 0.2859375 0.0140625
27 0.134375 0.484375 0.034375 0.0359375