27 0.3671875 0.4828125 0.0171875 0.0171875
3 0.421875 0.484375 0.0140625 0.1171875
3 0.4484375 0.4828125 0.0265625 0.2453125
23 0.475 0.4828125 0.0015625 0.028125
23 0.5828125 0.9765625 0.003125 0.028125
23 0.5828125 0.63125 0.003125 0.028125
23 0.5828125 0.2875 0.003125 0.028125
3 0.540625 0.9421875 0.0125 0.0921875
3 0.565625 0.928125 0.0140625 0.1203125
3 0.5515625 0.696875 0.0390625 0.0484375
3 0.6296875 0.834375 0.04375 0.3109375
3 0.540625 0.6078125 0.0109375 0.078125
3 0.565625 0.5921875 0.0140625 0.109375
3 0.6296875 0.490625 0.046875 0.3125
3 0.553125 0.35 0.0375 0.0578125
3 0.540625 0.2671875 0.009375 0.071875
3 0.565625 0.2578125 0.0140625 0.0875
3 0.6296875 0.1515625 0.0453125 0.303125
3 0.5515625 0.01875 0.040625 0.0359375