17 0.76875 0.5 0.4609375 0.5015625
16 0.1796875 0.46875 0.2890625 0.4109375
3 0.115625 0.2984375 0.1171875 0.015625
3 0.1109375 0.3171875 0.1078125 0.009375
3 0.2828125 0.2984375 0.0359375 0.0109375
28 0.253125 0.2953125 0.015625 0.01875
15 0.1796875 0.3546875 0.24375 0.0234375
27 0.1390625 0.353125 0.0140625 0.0125
3 0.1890625 0.3546875 0.075 0.009375
23 0.0984375 0.396875 0.084375 0.0015625
23 0.259375 0.396875 0.084375 0.0015625
15 0.1796875 0.396875 0.059375 0.0171875
3 0.1796875 0.396875 0.009375 0.00625
3 0.178125 0.434375 0.1 0.009375
38 0.1796875 0.4734375 0.2421875 0.0375
38 0.1796875 0.5265625 0.24375 0.0375
3 0.1109375 0.565625 0.0671875 0.0078125
3 0.265625 0.565625 0.0703125 0.009375
15 0.1796875 0.5984375 0.24375 0.028125
3 0.1796875 0.6 0.0296875 0.009375
3 0.25 0.640625 0.0890625 0.0078125
18 0.065625 0.565625 0.0109375 0.0109375
23 0.1796875 0.625 0.24375 0.0015625