3 0.0953125 0.5359375 0.078125 0.0140625
3 0.0953125 0.5203125 0.0703125 0.0125
3 0.421875 0.5203125 0.0765625 0.0109375
3 0.0953125 0.69375 0.1046875 0.0140625
3 0.0953125 0.6765625 0.06875 0.0109375
3 0.259375 0.5203125 0.0859375 0.0109375
3 0.5875 0.51875 0.084375 0.0109375
3 0.259375 0.6953125 0.0546875 0.0125
3 0.259375 0.6765625 0.0578125 0.0109375
3 0.5890625 0.6765625 0.0703125 0.0109375
3 0.9171875 0.6765625 0.0703125 0.0109375
3 0.9171875 0.5203125 0.05625 0.0109375
3 0.425 0.5359375 0.08125 0.0109375
3 0.753125 0.5359375 0.046875 0.009375
3 0.7546875 0.5203125 0.05625 0.0109375
3 0.2578125 0.35 0.471875 0.0375
3 0.08125 0.3046875 0.1171875 0.0234375
3 0.259375 0.5359375 0.0234375 0.0125
3 0.5890625 0.5359375 0.021875 0.009375
3 0.4234375 0.678125 0.0671875 0.0109375
3 0.590625 0.69375 0.1015625 0.0109375
3 0.91875 0.6921875 0.10625 0.0109375
3 0.4234375 0.6921875 0.1046875 0.0109375
3 0.753125 0.69375 0.0484375 0.0109375
3 0.91875 0.5359375 0.0546875 0.009375
3 0.753125 0.6765625 0.05625 0.0125
28 0.096875 0.4703125 0.065625 0.06875
28 0.09375 0.625 0.06875 0.065625
28 0.259375 0.625 0.0671875 0.0671875
28 0.259375 0.4671875 0.06875 0.06875
28 0.421875 0.46875 0.0796875 0.0703125
28 0.5859375 0.4671875 0.0703125 0.06875
28 0.425 0.625 0.06875 0.0671875
28 0.5875 0.6234375 0.0671875 0.0703125
28 0.7515625 0.6234375 0.065625 0.065625
28 0.91875 0.625 0.071875 0.06875
28 0.9171875 0.4671875 0.0703125 0.06875
28 0.7515625 0.4671875 0.06875 0.0671875