3 0.428125 0.553125 0.175 0.028125
3 0.415625 0.6109375 0.1546875 0.0265625
3 0.4171875 0.6703125 0.153125 0.0265625
3 0.4375 0.8921875 0.1953125 0.028125
3 0.415625 0.7296875 0.1609375 0.0265625
18 0.3140625 0.73125 0.028125 0.028125
18 0.3125 0.5515625 0.0265625 0.0265625
3 0.459375 0.3921875 0.246875 0.0234375
18 0.3140625 0.6125 0.025 0.025
3 0.3609375 0.828125 0.1546875 0.021875
3 0.3546875 0.4890625 0.1484375 0.021875
18 0.3140625 0.9515625 0.028125 0.028125
3 0.403125 0.95 0.121875 0.028125
18 0.3140625 0.8921875 0.0328125 0.03125
18 0.3140625 0.671875 0.0296875 0.028125
18 0.3140625 0.3921875 0.0296875 0.0296875
20 0.4984375 0.1375 0.428125 0.084375
20 0.4984375 0.2234375 0.425 0.084375
20 0.425 0.3078125 0.2796875 0.078125
38 0.6390625 0.3078125 0.1359375 0.078125
10 0.5 0.0359375 0.4671875 0.071875
3 0.3375 0.03125 0.115625 0.0375