10 0.5 0.7609375 1 0.03125
27 0.978125 0.7734375 0.0234375 0.00625
3 0.475 0.603125 0.2765625 0.040625
26 0.5 0.3515625 1 0.2515625
27 0.975 0.421875 0.0296875 0.0234375
3 0.5625 0.428125 0.065625 0.0125
3 0.3890625 0.4265625 0.0546875 0.0140625
3 0.040625 0.4265625 0.0375 0.0125
3 0.215625 0.4265625 0.0625 0.0125
3 0.0390625 0.3921875 0.034375 0.0109375
3 0.2140625 0.3921875 0.0359375 0.0109375
3 0.3875 0.3921875 0.04375 0.0125
3 0.5625 0.3921875 0.059375 0.0125
3 0.4765625 0.234375 0.2125 0.0109375
3 0.2140625 0.3609375 0.028125 0.0125
3 0.4765625 0.5609375 0.3203125 0.0125
3 0.0390625 0.3609375 0.04375 0.0125
3 0.2140625 0.33125 0.028125 0.0109375
3 0.2984375 0.775 0.05 0.003125
15 0.18125 0.7703125 0.115625 0.0109375
3 0.071875 0.775 0.0421875 0.0015625
3 0.4765625 0.6375 0.0234375 0.009375
3 0.5625 0.3625 0.0578125 0.0125
3 0.2140625 0.3015625 0.034375 0.0109375
3 0.3859375 0.3328125 0.04375 0.0109375
3 0.0390625 0.33125 0.0375 0.009375
3 0.5609375 0.33125 0.0640625 0.0109375
3 0.5625 0.3015625 0.05 0.0125
3 0.3875 0.3625 0.084375 0.0125
3 0.825 0.359375 0.11875 0.0125
3 0.2140625 0.271875 0.05 0.0109375
3 0.825 0.3796875 0.3203125 0.0125
3 0.3875 0.3015625 0.0609375 0.0109375
27 0.875 0.3234375 0.0140625 0.0140625
27 0.840625 0.3234375 0.0125 0.0125
27 0.8078125 0.3234375 0.0140625 0.0140625
27 0.775 0.3234375 0.0140625 0.0140625