16 0.2828125 0.509375 0.4109375 0.421875
3 0.1296875 0.3765625 0.046875 0.028125
3 0.1234375 0.3359375 0.0453125 0.015625
16 0.7109375 0.5078125 0.4109375 0.421875
3 0.55 0.3359375 0.0359375 0.0125
3 0.2625 0.4234375 0.3171875 0.0328125
3 0.1828125 0.38125 0.04375 0.0125
3 0.6109375 0.38125 0.04375 0.0125
3 0.559375 0.375 0.0484375 0.0234375
3 0.19375 0.55 0.13125 0.0140625
3 0.159375 0.515625 0.0625 0.0125
3 0.7078125 0.4234375 0.3625 0.034375
3 0.2140625 0.61875 0.16875 0.0140625
3 0.1703125 0.584375 0.084375 0.0140625
3 0.6109375 0.5828125 0.1125 0.0140625
3 0.6203125 0.65 0.13125 0.0125
3 0.6171875 0.55 0.11875 0.0125
3 0.6234375 0.684375 0.1359375 0.0140625
3 0.665625 0.615625 0.2203125 0.0140625
3 0.6078125 0.515625 0.1078125 0.0140625
15 0.7109375 0.46875 0.3546875 0.0328125
3 0.7109375 0.4703125 0.10625 0.0125
15 0.2828125 0.46875 0.35625 0.034375
3 0.2828125 0.46875 0.115625 0.0140625
27 0.1140625 0.5171875 0.0140625 0.0140625
27 0.5421875 0.5171875 0.0140625 0.009375
27 0.1140625 0.55 0.0140625 0.009375
27 0.5421875 0.55 0.0140625 0.009375
27 0.1140625 0.584375 0.0140625 0.009375
27 0.5421875 0.584375 0.0140625 0.009375
27 0.5421875 0.6171875 0.0140625 0.0109375
27 0.5421875 0.6515625 0.0140625 0.009375
27 0.1140625 0.6171875 0.0140625 0.009375
27 0.5421875 0.684375 0.0140625 0.009375
16 0.496875 0.8 0.8421875 0.134375
3 0.1390625 0.7734375 0.071875 0.0140625
3 0.3578125 0.815625 0.5078125 0.0328125
15 0.790625 0.7796875 0.19375 0.03125
3 0.78125 0.7796875 0.1453125 0.0140625
27 0.86875 0.7796875 0.0109375 0.0109375
3 0.496875 0.184375 0.5203125 0.0328125
3 0.4953125 0.1546875 0.0453125 0.01875
3 0.496875 0.225 0.553125 0.015625
3 0.4953125 0.246875 0.1984375 0.015625