10 0.5 0.1875 1 0.0453125
28 0.0265625 0.184375 0.0234375 0.021875
28 0.7375 0.3953125 0.4609375 0.3515625
3 0.503125 0.184375 0.0515625 0.0125
3 0.5859375 0.184375 0.0640625 0.0140625
3 0.66875 0.184375 0.046875 0.0125
15 0.7765625 0.184375 0.109375 0.0296875
3 0.778125 0.184375 0.0828125 0.0125
3 0.88125 0.1859375 0.0375 0.0125
15 0.95625 0.184375 0.0734375 0.0296875
3 0.9546875 0.184375 0.0453125 0.0125
3 0.09375 0.3265625 0.125 0.0125
3 0.140625 0.3546875 0.21875 0.028125
3 0.228125 0.4078125 0.3953125 0.05
15 0.09375 0.4640625 0.1234375 0.025
3 0.09375 0.4640625 0.1046875 0.0109375
3 0.10625 0.653125 0.146875 0.0234375
3 0.33125 0.709375 0.6015625 0.0515625
3 0.3375 0.7625 0.6171875 0.028125
3 0.8125 0.6234375 0.0796875 0.025
3 0.8140625 0.6515625 0.1140625 0.0125
3 0.8140625 0.696875 0.0609375 0.025
3 0.8125 0.7265625 0.0921875 0.0125
3 0.8125 0.775 0.0640625 0.021875
3 0.8125 0.803125 0.140625 0.0109375