5 0.0921875 0.5 0.1828125 0.61875
10 0.59375 0.2171875 0.8125 0.0515625
3 0.2703125 0.215625 0.1296875 0.0203125
23 0.8 0.2171875 0.0046875 0.0515625
3 0.9421875 0.221875 0.0609375 0.009375
3 0.946875 0.209375 0.071875 0.009375
15 0.9171875 0.2796875 0.1296875 0.03125
3 0.928125 0.28125 0.084375 0.0078125
16 0.85625 0.415625 0.2515625 0.196875
3 0.8046875 0.45625 0.125 0.0109375
3 0.9640625 0.4546875 0.0140625 0.009375
3 0.8453125 0.478125 0.1640625 0.009375
3 0.7953125 0.4984375 0.0640625 0.009375
16 0.5953125 0.415625 0.2515625 0.196875
3 0.7015625 0.4546875 0.015625 0.009375
3 0.515625 0.45625 0.0703125 0.0109375
3 0.5796875 0.4765625 0.1578125 0.009375
3 0.53125 0.496875 0.0609375 0.009375
16 0.3328125 0.415625 0.2515625 0.196875
3 0.4390625 0.4546875 0.0140625 0.009375
3 0.2703125 0.45625 0.1046875 0.009375
3 0.2953125 0.478125 0.1109375 0.009375
3 0.2703125 0.4984375 0.0609375 0.0078125
27 0.2265625 0.4765625 0.0125 0.0109375
27 0.2265625 0.496875 0.0140625 0.0109375
27 0.4203125 0.4546875 0.0109375 0.0109375
27 0.4875 0.4765625 0.0125 0.0109375
27 0.4875 0.496875 0.0140625 0.0109375
27 0.684375 0.4546875 0.0109375 0.0109375
27 0.75 0.4765625 0.0125 0.0109375
27 0.75 0.496875 0.0140625 0.0109375
27 0.9453125 0.4546875 0.0109375 0.0109375
27 0.4375 0.3375 0.009375 0.0109375
27 0.7 0.3375 0.009375 0.0109375
27 0.9625 0.3375 0.009375 0.0109375
27 0.8703125 0.2796875 0.009375 0.009375
38 0.303125 0.2796875 0.1921875 0.0328125
16 0.3328125 0.621875 0.2515625 0.196875
3 0.253125 0.6625 0.0671875 0.0109375
3 0.30625 0.684375 0.134375 0.0109375
3 0.2703125 0.7046875 0.0609375 0.0109375
27 0.421875 0.6625 0.0109375 0.0109375
3 0.4390625 0.6609375 0.0140625 0.009375
16 0.5953125 0.621875 0.2515625 0.196875
3 0.5359375 0.6625 0.109375 0.0109375
3 0.55 0.684375 0.096875 0.009375
3 0.53125 0.7046875 0.0609375 0.0109375
27 0.6828125 0.6625 0.0109375 0.0109375
3 0.7 0.6609375 0.015625 0.0109375
16 0.8578125 0.621875 0.2515625 0.1953125
3 0.7890625 0.6625 0.0921875 0.0109375
27 0.946875 0.6625 0.0109375 0.0109375
3 0.9640625 0.6609375 0.0140625 0.009375
3 0.84375 0.684375 0.1640625 0.009375
3 0.7953125 0.7046875 0.065625 0.0109375
27 0.2265625 0.6828125 0.0109375 0.0109375
27 0.2265625 0.703125 0.0140625 0.0125
27 0.4875 0.684375 0.0125 0.0109375
27 0.4875 0.7046875 0.0140625 0.0125
27 0.75 0.6828125 0.0125 0.0125
27 0.75 0.703125 0.0140625 0.0125
27 0.9625 0.54375 0.009375 0.0109375
27 0.7 0.5453125 0.009375 0.009375
27 0.4375 0.54375 0.009375 0.0109375
16 0.3328125 0.7703125 0.2515625 0.0796875
27 0.4375 0.7515625 0.009375 0.0109375
16 0.5953125 0.7703125 0.25 0.0796875
27 0.7 0.7515625 0.009375 0.0109375
16 0.85625 0.7703125 0.25 0.0796875
27 0.9625 0.7515625 0.009375 0.009375
12 0.8328125 0.2140625 0.0109375 0.015625
3 0.8828125 0.2140625 0.0140625 0.0078125