10 0.0484375 0.5 0.0328125 1
3 0.1109375 0.1921875 0.0234375 0.3453125
19 0.1109375 0.3953125 0.0203125 0.046875
3 0.1109375 0.3953125 0.0109375 0.0203125
28 0.375 0.33125 0.46875 0.6265625
16 0.1828125 0.8328125 0.08125 0.334375
16 0.2765625 0.8328125 0.0828125 0.334375
16 0.36875 0.83125 0.0828125 0.3359375
16 0.4609375 0.83125 0.0828125 0.3359375
16 0.69375 0.83125 0.1265625 0.3359375
16 0.671875 0.33125 0.090625 0.6234375
16 0.859375 0.11875 0.075 0.2359375
16 0.9375 0.1203125 0.0640625 0.2390625
16 0.859375 0.38125 0.075 0.2640625
16 0.9375 0.3796875 0.0640625 0.265625
16 0.8578125 0.6546875 0.075 0.2625
16 0.9375 0.653125 0.0640625 0.265625
16 0.8578125 0.8984375 0.0765625 0.203125
16 0.9375 0.896875 0.0640625 0.2046875
15 0.5375 0.75 0.0390625 0.165625
3 0.5390625 0.7484375 0.0125 0.0859375
15 0.5375 0.9234375 0.0390625 0.1515625
3 0.5390625 0.9296875 0.0140625 0.10625
15 0.59375 0.8328125 0.04375 0.334375
3 0.59375 0.853125 0.0140625 0.1078125
27 0.59375 0.7828125 0.01875 0.0203125
27 0.6859375 0.6890625 0.0140625 0.0140625
27 0.7125 0.6890625 0.0140625 0.0140625
27 0.7359375 0.690625 0.0140625 0.0140625
19 0.6546875 0.725 0.0234375 0.0828125
27 0.653125 0.7 0.0125 0.0125
3 0.6546875 0.734375 0.0109375 0.0453125
3 0.6875 0.7921875 0.0125 0.175
3 0.7140625 0.7734375 0.0125 0.134375
3 0.7375 0.7453125 0.0125 0.0796875
3 0.6859375 0.5328125 0.0140625 0.03125
3 0.6859375 0.5890625 0.015625 0.06875
3 0.6609375 0.6078125 0.0125 0.0296875
3 0.6578125 0.3109375 0.0125 0.1640625
15 0.6890625 0.3125 0.0328125 0.0796875
3 0.6890625 0.3109375 0.0109375 0.05
27 0.6859375 0.5015625 0.0203125 0.0203125
33 0.6609375 0.5375 0.01875 0.096875
27 0.671875 0.059375 0.021875 0.0234375
27 0.671875 0.1125 0.021875 0.025
27 0.859375 0.009375 0.0203125 0.01875
27 0.94375 0.0109375 0.021875 0.0203125
27 0.8609375 0.2859375 0.021875 0.0203125
27 0.94375 0.284375 0.021875 0.01875
27 0.859375 0.5578125 0.0203125 0.0203125
27 0.94375 0.5578125 0.0203125 0.0171875
27 0.859375 0.8328125 0.0203125 0.01875
27 0.94375 0.8328125 0.015625 0.021875
3 0.934375 0.8828125 0.0140625 0.05
3 0.9546875 0.8734375 0.0125 0.0296875
3 0.85 0.9109375 0.0140625 0.103125
3 0.86875 0.9046875 0.0109375 0.09375
3 0.85 0.6140625 0.0140625 0.059375
3 0.8703125 0.659375 0.0109375 0.1515625
3 0.934375 0.6109375 0.0125 0.053125
3 0.9546875 0.5953125 0.0109375 0.0234375
3 0.934375 0.3578125 0.0125 0.09375
3 0.9546875 0.365625 0.0125 0.1078125
3 0.86875 0.340625 0.0109375 0.0578125
3 0.85 0.3546875 0.0125 0.090625
3 0.85 0.0625 0.0125 0.053125
3 0.86875 0.0859375 0.0109375 0.0984375
3 0.9359375 0.0640625 0.0140625 0.0546875
3 0.9546875 0.0515625 0.0109375 0.0296875
19 0.4734375 0.7765625 0.025 0.1421875
3 0.4734375 0.7765625 0.0109375 0.1171875
3 0.4484375 0.7875 0.0109375 0.165625
3 0.45 0.965625 0.015625 0.0640625
19 0.38125 0.784375 0.025 0.15625
3 0.3828125 0.784375 0.0125 0.13125
3 0.35625 0.7703125 0.0125 0.13125
3 0.35625 0.965625 0.015625 0.0625
3 0.2625 0.7578125 0.0125 0.1078125
19 0.2890625 0.7859375 0.025 0.1578125
3 0.2890625 0.784375 0.0109375 0.1328125
3 0.2640625 0.9703125 0.015625 0.053125
3 0.1734375 0.9703125 0.0171875 0.0546875
3 0.1703125 0.759375 0.0125 0.1125
19 0.196875 0.7625 0.025 0.1125
3 0.196875 0.7625 0.0125 0.0875
32 0.4484375 0.6921875 0.0171875 0.0171875
32 0.35625 0.6921875 0.0171875 0.0171875
32 0.2625 0.6921875 0.0171875 0.0171875
32 0.1703125 0.6921875 0.0171875 0.0171875
27 0.1703125 0.8265625 0.0140625 0.0140625
27 0.2625 0.8203125 0.0125 0.0125
27 0.3546875 0.8453125 0.0125 0.0140625
27 0.446875 0.88125 0.0125 0.0125
23 0.090625 0.03125 0.003125 0.0203125