16 0.5 0.5078125 1 0.6015625
16 0.1765625 0.378125 0.3375 0.296875
16 0.528125 0.378125 0.3328125 0.296875
16 0.8546875 0.3765625 0.2890625 0.2921875
16 0.85625 0.675 0.2875 0.265625
16 0.528125 0.675 0.334375 0.2671875
16 0.175 0.675 0.3359375 0.2671875
28 0.065625 0.2875 0.084375 0.084375
28 0.41875 0.2875 0.0859375 0.0859375
28 0.0671875 0.6015625 0.084375 0.0859375
28 0.41875 0.6015625 0.084375 0.0859375
28 0.7703125 0.6 0.0859375 0.084375
16 0.771875 0.2875 0.084375 0.084375
16 0.8640625 0.4640625 0.2703125 0.0921875
16 0.528125 0.4640625 0.303125 0.09375
16 0.175 0.4640625 0.303125 0.0921875
16 0.175 0.76875 0.303125 0.078125
16 0.528125 0.76875 0.303125 0.0796875
16 0.8640625 0.7703125 0.2703125 0.0765625
3 0.196875 0.2609375 0.1421875 0.0140625
3 0.140625 0.28125 0.0296875 0.009375
3 0.153125 0.3171875 0.053125 0.0171875
3 0.05625 0.3515625 0.06875 0.0140625
3 0.1578125 0.3875 0.271875 0.028125
3 0.05625 0.440625 0.0359375 0.0140625
3 0.0640625 0.484375 0.053125 0.0140625
3 0.2859375 0.44375 0.028125 0.0109375
3 0.2890625 0.4875 0.0265625 0.0109375
3 0.54375 0.2671875 0.13125 0.0296875
3 0.49375 0.3 0.03125 0.009375
3 0.503125 0.3234375 0.0515625 0.0140625
3 0.409375 0.3515625 0.0671875 0.0140625
3 0.5109375 0.3875 0.2703125 0.028125
3 0.4078125 0.4390625 0.0359375 0.0125
3 0.6390625 0.4453125 0.0296875 0.0125
3 0.4171875 0.484375 0.05625 0.0125
3 0.6421875 0.4875 0.025 0.0125
3 0.89375 0.2609375 0.125 0.0125
3 0.8453125 0.28125 0.03125 0.0109375
3 0.8578125 0.3171875 0.053125 0.0140625
3 0.7625 0.3515625 0.065625 0.0140625
3 0.8640625 0.3875 0.26875 0.028125
3 0.7609375 0.440625 0.0375 0.0125
27 0.9640625 0.4453125 0.0109375 0.0140625
3 0.9875 0.44375 0.0234375 0.0125
3 0.990625 0.4875 0.01875 0.0140625
3 0.7703125 0.484375 0.053125 0.0125
3 0.890625 0.575 0.1203125 0.0140625
3 0.846875 0.5953125 0.03125 0.0109375
3 0.8578125 0.63125 0.0546875 0.0140625
3 0.7625 0.665625 0.0671875 0.015625
3 0.8640625 0.7015625 0.2703125 0.028125
3 0.7609375 0.753125 0.0359375 0.0125
3 0.76875 0.796875 0.0546875 0.0125
27 0.9640625 0.7578125 0.009375 0.0140625
3 0.9875 0.7578125 0.0234375 0.0125
3 0.9890625 0.8015625 0.0203125 0.0125
27 0.6125 0.7578125 0.009375 0.0140625
3 0.6390625 0.7578125 0.028125 0.0109375
3 0.6421875 0.8015625 0.0265625 0.0125
3 0.4078125 0.753125 0.0359375 0.0125
3 0.4171875 0.796875 0.053125 0.0125
27 0.259375 0.7578125 0.009375 0.0125
3 0.2859375 0.7578125 0.0296875 0.0140625
3 0.2890625 0.8015625 0.0265625 0.0140625
3 0.0640625 0.796875 0.0546875 0.0125
3 0.05625 0.753125 0.0359375 0.0125
3 0.05625 0.665625 0.065625 0.015625
3 0.1578125 0.7015625 0.2703125 0.0265625
3 0.1515625 0.63125 0.05625 0.0140625
3 0.140625 0.5953125 0.0296875 0.0109375
3 0.1953125 0.575 0.1421875 0.015625
3 0.54375 0.575 0.13125 0.0140625
3 0.49375 0.5953125 0.0296875 0.0125
3 0.5046875 0.63125 0.0546875 0.0171875
3 0.409375 0.665625 0.0671875 0.015625
3 0.509375 0.7015625 0.2703125 0.028125
27 0.30625 0.2625 0.0140625 0.00625
27 0.259375 0.44375 0.009375 0.0125
27 0.30625 0.5765625 0.0140625 0.0046875
27 0.659375 0.5765625 0.015625 0.0078125
27 0.659375 0.2625 0.0140625 0.00625
31 0.940625 0.4890625 0.05625 0.0078125
31 0.5875 0.4875 0.0546875 0.009375
31 0.940625 0.8015625 0.0578125 0.0078125
31 0.5890625 0.8015625 0.053125 0.0078125
31 0.2359375 0.8015625 0.05625 0.009375
31 0.2359375 0.4875 0.0546875 0.009375
23 0.1734375 0.465625 0.275 0.003125
23 0.175 0.778125 0.2734375 0.0046875
23 0.528125 0.7796875 0.275 0.0046875
23 0.8703125 0.778125 0.2578125 0.003125
23 0.871875 0.4640625 0.25625 0.003125
23 0.528125 0.465625 0.2765625 0.003125
27 0.6109375 0.4453125 0.009375 0.0125