3 0.53125 0.809375 0.05 0.3796875
3 0.603125 0.3515625 0.0140625 0.2953125
3 0.571875 0.2734375 0.0296875 0.4546875
3 0.64375 0.9765625 0.0125 0.046875
3 0.5953125 0.809375 0.0484375 0.3796875
3 0.43125 0.2890625 0.028125 0.4234375
3 0.4625 0.3390625 0.0140625 0.321875
3 0.6296875 0.46875 0.0109375 0.0640625
3 0.490625 0.46875 0.0109375 0.0640625
19 0.6296875 0.396875 0.0171875 0.0671875
3 0.6296875 0.396875 0.009375 0.0546875
19 0.4890625 0.390625 0.0171875 0.0828125
3 0.490625 0.3890625 0.009375 0.0734375
15 0.4734375 0.9453125 0.0234375 0.109375
3 0.4734375 0.9578125 0.0109375 0.084375
3 0.425 0.9484375 0.0109375 0.071875
3 0.3953125 0.4390625 0.0109375 0.059375
3 0.534375 0.4359375 0.0109375 0.0625
27 0.4734375 0.903125 0.0078125 0.0109375
11 0.425 0.9984375 0.0203125 0.003125
23 0.4484375 0.8 0.003125 0.4
11 0.534375 0.4890625 0.01875 0.0203125
11 0.3953125 0.4890625 0.021875 0.021875