3 0.18125 0.059375 0.278125 0.0421875
3 0.6703125 0.309375 0.659375 0.075
3 0.46875 0.2453125 0.2578125 0.0234375
3 0.5890625 0.540625 0.4953125 0.021875
28 0.1953125 0.3078125 0.240625 0.240625
28 0.19375 0.59375 0.2421875 0.2421875
28 0.19375 0.859375 0.240625 0.215625
3 0.3109375 0.1140625 0.5390625 0.0265625
3 0.390625 0.203125 0.1 0.0171875
3 0.66875 0.8703125 0.653125 0.0484375
3 0.6578125 0.5890625 0.6359375 0.046875
3 0.5078125 0.81875 0.334375 0.0265625
19 0.4921875 0.203125 0.078125 0.0265625
3 0.4921875 0.2046875 0.0625 0.0140625
3 0.5125 0.40625 0.2390625 0.01875
3 0.3875 0.4984375 0.090625 0.0171875
19 0.4640625 0.4984375 0.040625 0.0265625
3 0.4640625 0.496875 0.0234375 0.0109375
3 0.5234375 0.675 0.259375 0.01875
3 0.3890625 0.7765625 0.096875 0.01875
19 0.5234375 0.778125 0.146875 0.028125
3 0.521875 0.7765625 0.125 0.015625
3 0.5609375 0.953125 0.334375 0.015625
11 0.3578125 0.953125 0.034375 0.0296875
11 0.359375 0.675 0.03125 0.03125
11 0.359375 0.40625 0.0296875 0.0328125
23 0.6703125 0.9109375 0.659375 0.00625
23 0.6703125 0.6328125 0.6578125 0.00625
23 0.671875 0.3640625 0.65625 0.00625