3 0.215625 0.3109375 0.3640625 0.0953125
3 0.25 0.3953125 0.434375 0.05625
15 0.1140625 0.4625 0.1625 0.046875
3 0.1140625 0.4640625 0.1171875 0.0171875
28 0.75 0.3859375 0.5 0.5171875
26 0.5 0.7609375 1 0.228125
3 0.825 0.7390625 0.2984375 0.0109375
3 0.5296875 0.809375 0.040625 0.0109375
3 0.53125 0.78125 0.0453125 0.0109375
3 0.5265625 0.753125 0.0359375 0.0125
3 0.5265625 0.71875 0.034375 0.0125
3 0.0375 0.71875 0.0625 0.015625
3 0.3703125 0.71875 0.0578125 0.0125
3 0.2 0.71875 0.0515625 0.0125
3 0.040625 0.7515625 0.0625 0.0109375
3 0.040625 0.8078125 0.065625 0.0140625
3 0.0390625 0.7796875 0.0609375 0.0109375
3 0.196875 0.7515625 0.0453125 0.0109375
3 0.2078125 0.8359375 0.0640625 0.009375
3 0.034375 0.8359375 0.0515625 0.0109375
3 0.221875 0.7796875 0.0890625 0.0109375
3 0.196875 0.8078125 0.0421875 0.009375
3 0.36875 0.8640625 0.05 0.009375
3 0.3578125 0.7796875 0.0296875 0.015625
3 0.3609375 0.75 0.0359375 0.0109375
3 0.3609375 0.8359375 0.034375 0.009375
3 0.3578125 0.8078125 0.0296875 0.009375
3 0.753125 0.71875 0.1578125 0.0109375
3 0.753125 0.8234375 0.15625 0.0125
3 0.8640625 0.825 0.0640625 0.009375
38 0.8328125 0.775 0.315625 0.0453125