11 0.228125 0.0421875 0.0421875 0.040625
16 0.6609375 0.1140625 0.290625 0.184375
11 0.571875 0.1703125 0.0390625 0.0390625
11 0.571875 0.1203125 0.0359375 0.0359375
11 0.571875 0.06875 0.0359375 0.034375
3 0.6046875 0.1703125 0.00625 0.0203125
3 0.603125 0.1203125 0.009375 0.028125
3 0.603125 0.0703125 0.0078125 0.025
3 0.5390625 0.159375 0.0078125 0.0578125
20 0.6640625 0.1140625 0.034375 0.15
3 0.63125 0.1625 0.0078125 0.0515625
38 0.734375 0.1125 0.0375 0.1515625
3 0.7 0.1796875 0.0078125 0.01875
15 0.784375 0.1125 0.0328125 0.1484375
3 0.7859375 0.1015625 0.0078125 0.065625
3 0.49375 0.1484375 0.009375 0.1140625
3 0.471875 0.159375 0.0109375 0.090625
21 0.6609375 0.5234375 0.2921875 0.59375
15 0.48125 0.365625 0.0328125 0.084375
3 0.4828125 0.378125 0.009375 0.034375
16 0.359375 0.2171875 0.1640625 0.3890625
3 0.34375 0.303125 0.0265625 0.1578125
3 0.3140625 0.359375 0.0109375 0.0484375
3 0.371875 0.3140625 0.009375 0.1390625
15 0.403125 0.334375 0.021875 0.096875
3 0.403125 0.3265625 0.009375 0.05625
3 0.49375 0.759375 0.009375 0.1125
3 0.471875 0.7796875 0.0125 0.075
16 0.40625 0.7265625 0.071875 0.1828125
3 0.4203125 0.778125 0.0078125 0.046875
16 0.3140625 0.7265625 0.071875 0.1828125
3 0.3078125 0.784375 0.015625 0.03125
3 0.328125 0.778125 0.0078125 0.046875
3 0.4 0.790625 0.015625 0.0203125
16 0.40625 0.5234375 0.071875 0.1828125
3 0.4 0.5828125 0.015625 0.0296875
3 0.421875 0.5671875 0.00625 0.0640625
16 0.3140625 0.521875 0.071875 0.1828125
3 0.3078125 0.5859375 0.015625 0.021875
3 0.3296875 0.5671875 0.0078125 0.0625
3 0.2296875 0.778125 0.0203125 0.0828125
3 0.6640625 0.128125 0.009375 0.090625
38 0.228125 0.3421875 0.0421875 0.325
12 0.221875 0.1390625 0.0296875 0.0296875
12 0.221875 0.09375 0.028125 0.0265625
27 0.3234375 0.0671875 0.0140625 0.00625
27 0.48125 0.346875 0.0078125 0.0125
27 0.48125 0.24375 0.0140625 0.0140625
15 0.48125 0.284375 0.034375 0.0328125
27 0.4828125 0.284375 0.0109375 0.0140625
27 0.784375 0.1484375 0.0140625 0.015625
15 0.571875 0.021875 0.0296875 0.0265625
27 0.571875 0.021875 0.0109375 0.0109375
27 0.403125 0.3671875 0.0109375 0.0109375
27 0.4046875 0.6703125 0.015625 0.015625
27 0.40625 0.4671875 0.015625 0.015625
27 0.3140625 0.6703125 0.0140625 0.0140625
27 0.3140625 0.4671875 0.015625 0.015625
5 0.5015625 0.928125 0.609375 0.1421875