3 0.31875 0.51875 0.0171875 0.628125
3 0.275 0.51875 0.0328125 0.575
3 0.6515625 0.94375 0.0125 0.1109375
3 0.6859375 0.803125 0.0421875 0.3921875
15 0.7421875 0.4046875 0.0296875 0.0921875
27 0.7421875 0.3734375 0.0078125 0.009375
3 0.240625 0.51875 0.009375 0.0984375
3 0.684375 0.2546875 0.04375 0.3921875
3 0.46875 0.390625 0.0140625 0.1203125
15 0.5578125 0.953125 0.028125 0.090625
27 0.5578125 0.9203125 0.0078125 0.0078125
3 0.496875 0.2546875 0.03125 0.39375
15 0.7421875 0.9515625 0.0296875 0.090625
27 0.740625 0.9203125 0.009375 0.0078125
3 0.5046875 0.8 0.0453125 0.396875
3 0.46875 0.921875 0.015625 0.1546875
3 0.6515625 0.4109375 0.0109375 0.08125
27 0.6171875 0.978125 0.0375 0.0375
27 0.4359375 0.43125 0.040625 0.0390625
27 0.6171875 0.43125 0.0390625 0.0375
15 0.54375 0.4046875 0.028125 0.090625
27 0.54375 0.3734375 0.0078125 0.009375
27 0.434375 0.978125 0.0375 0.0375
3 0.340625 0.5203125 0.0171875 0.6265625
3 0.3640625 0.51875 0.0125 0.3015625
3 0.5578125 0.959375 0.0109375 0.05625
3 0.740625 0.959375 0.0109375 0.0578125
3 0.7421875 0.4125 0.0109375 0.05625
3 0.5453125 0.4125 0.0109375 0.05625