5 0.1015625 0.50625 0.178125 0.596875
10 0.5796875 0.2328125 0.7734375 0.05
27 0.2140625 0.234375 0.015625 0.0140625
27 0.9375 0.2328125 0.0078125 0.00625
27 0.7515625 0.2328125 0.0140625 0.0125
16 0.859375 0.36875 0.171875 0.08125
27 0.8015625 0.35625 0.0140625 0.015625
16 0.6703125 0.36875 0.1703125 0.08125
27 0.6125 0.35625 0.0140625 0.0140625
16 0.48125 0.3703125 0.1703125 0.0796875
27 0.421875 0.35625 0.0171875 0.0125
16 0.290625 0.36875 0.1703125 0.08125
27 0.2328125 0.3546875 0.015625 0.015625
27 0.35625 0.390625 0.0125 0.0109375
27 0.546875 0.390625 0.0125 0.009375
27 0.7375 0.3890625 0.0109375 0.009375
27 0.9265625 0.390625 0.0109375 0.009375
16 0.796875 0.615625 0.3 0.3765625
27 0.678125 0.4578125 0.015625 0.015625
16 0.41875 0.5578125 0.4265625 0.2609375
27 0.2359375 0.4609375 0.015625 0.015625
20 0.5453125 0.4609375 0.125 0.021875
3 0.2921875 0.4625 0.0921875 0.0109375
3 0.259375 0.390625 0.0875 0.0109375
3 0.2515625 0.3171875 0.05625 0.009375
3 0.303125 0.2859375 0.1671875 0.0109375
3 0.446875 0.390625 0.08125 0.0109375
3 0.6375 0.3890625 0.0796875 0.009375
3 0.8125 0.390625 0.053125 0.0109375
14 0.9125 0.284375 0.0640625 0.0125
3 0.8203125 0.2328125 0.0125 0.0109375
36 0.778125 0.2328125 0.025 0.0140625
36 0.846875 0.2328125 0.0265625 0.0125
12 0.8875 0.23125 0.015625 0.0171875
27 0.2125 0.284375 0.0125 0.0125
27 0.2140625 0.315625 0.0125 0.0078125
16 0.4171875 0.7546875 0.4265625 0.0984375
27 0.234375 0.7390625 0.0140625 0.015625
16 0.7984375 0.5140625 0.2546875 0.0546875
3 0.696875 0.5140625 0.0140625 0.009375
16 0.7984375 0.5765625 0.2546875 0.0546875
3 0.696875 0.5765625 0.0125 0.009375
3 0.734375 0.571875 0.034375 0.0078125
3 0.7359375 0.5828125 0.0359375 0.0078125
3 0.734375 0.5078125 0.034375 0.0078125
3 0.7359375 0.5203125 0.0375 0.0078125
3 0.8015625 0.5078125 0.028125 0.0078125
3 0.8046875 0.5203125 0.034375 0.009375
3 0.884375 0.5078125 0.059375 0.0078125
3 0.8828125 0.5203125 0.0546875 0.0078125
3 0.740625 0.459375 0.1046875 0.0140625
3 0.8015625 0.571875 0.028125 0.0078125
3 0.80625 0.584375 0.0359375 0.009375
3 0.884375 0.5703125 0.059375 0.0078125
3 0.88125 0.5828125 0.0546875 0.0078125
16 0.7984375 0.640625 0.2546875 0.053125
3 0.696875 0.640625 0.015625 0.0078125
16 0.796875 0.7046875 0.2546875 0.053125
3 0.696875 0.7046875 0.0140625 0.009375
3 0.7359375 0.709375 0.0375 0.009375
3 0.734375 0.6984375 0.0359375 0.0078125
3 0.7359375 0.646875 0.0375 0.009375
3 0.7359375 0.634375 0.0328125 0.0078125
3 0.8046875 0.646875 0.034375 0.009375
3 0.8015625 0.634375 0.0296875 0.00625
3 0.8828125 0.646875 0.053125 0.009375
3 0.884375 0.634375 0.059375 0.00625
3 0.8046875 0.7109375 0.034375 0.009375
3 0.803125 0.6984375 0.0296875 0.00625
3 0.884375 0.6984375 0.0609375 0.0078125
3 0.88125 0.709375 0.053125 0.0078125
16 0.7984375 0.7671875 0.2546875 0.053125
3 0.696875 0.7671875 0.0140625 0.0078125
3 0.7359375 0.771875 0.0375 0.009375
3 0.734375 0.7609375 0.034375 0.0078125
3 0.803125 0.7609375 0.0296875 0.0078125
3 0.80625 0.7734375 0.034375 0.0078125
3 0.8828125 0.7734375 0.0546875 0.009375
3 0.884375 0.7609375 0.0578125 0.0078125
20 0.584375 0.7390625 0.0453125 0.021875
19 0.58125 0.7765625 0.0421875 0.015625
3 0.58125 0.7765625 0.0265625 0.0078125
3 0.2734375 0.7390625 0.059375 0.0140625
3 0.3671875 0.7765625 0.2359375 0.0078125
11 0.234375 0.7765625 0.0203125 0.0203125
0 0.415625 0.575 0.3984375 0.1921875