16 0.2796875 0.4640625 0.41875 0.346875
16 0.2796875 0.6375 0.3453125 0.0875
34 0.2796875 0.45625 0.3453125 0.2578125
3 0.3140625 0.6484375 0.2328125 0.0296875
3 0.2921875 0.615625 0.1890625 0.0109375
28 0.1515625 0.6359375 0.0703125 0.0703125
3 0.7296875 0.3453125 0.3515625 0.0625
3 0.73125 0.4328125 0.353125 0.078125
3 0.584375 0.509375 0.05625 0.0234375
3 0.7828125 0.509375 0.05625 0.025
3 0.6265625 0.5671875 0.14375 0.0546875
3 0.8234375 0.5671875 0.1421875 0.0546875
3 0.628125 0.640625 0.146875 0.0390625
3 0.628125 0.640625 0.1015625 0.0125