28 0.30625 0.0515625 0.0640625 0.0546875
27 0.6234375 0.0515625 0.028125 0.028125
27 0.6953125 0.0515625 0.025 0.021875
38 0.5015625 0.1375 0.45 0.071875
16 0.5015625 0.4625 0.4515625 0.5421875
3 0.415625 0.2390625 0.2296875 0.028125
16 0.5 0.3859375 0.4015625 0.20625
3 0.4875 0.3609375 0.059375 0.0203125
19 0.49375 0.3140625 0.071875 0.0296875
3 0.4953125 0.315625 0.040625 0.0109375
19 0.60625 0.3140625 0.13125 0.03125
3 0.6046875 0.315625 0.1 0.0140625
3 0.5609375 0.3984375 0.2046875 0.015625
3 0.5578125 0.434375 0.2015625 0.0171875
3 0.4765625 0.459375 0.0390625 0.0140625
16 0.5015625 0.6046875 0.4015625 0.2046875
19 0.4859375 0.534375 0.053125 0.0296875
3 0.4859375 0.534375 0.025 0.0140625
19 0.5875 0.534375 0.1296875 0.03125
3 0.5875 0.534375 0.1 0.0140625
3 0.490625 0.58125 0.0640625 0.01875
3 0.5140625 0.61875 0.1109375 0.0171875
3 0.61875 0.61875 0.0890625 0.0171875
3 0.5328125 0.6546875 0.1515625 0.0171875
3 0.6359375 0.6546875 0.0453125 0.0171875
3 0.478125 0.6796875 0.0390625 0.015625
16 0.5 0.875 0.45625 0.25
3 0.4484375 0.8 0.2890625 0.028125
16 0.5015625 0.9109375 0.4015625 0.1421875
19 0.4984375 0.8734375 0.0765625 0.0328125
3 0.496875 0.875 0.0484375 0.0140625
3 0.5015625 0.9203125 0.0875 0.015625
3 0.5296875 0.9546875 0.1453125 0.0140625
28 0.3796875 0.384375 0.1265625 0.175
28 0.3796875 0.6046875 0.1296875 0.1765625
28 0.3796875 0.9109375 0.128125 0.1109375