16 0.2609375 0.58125 0.521875 0.4703125
3 0.0859375 0.8375 0.1609375 0.0203125
16 0.7734375 0.5765625 0.4515625 0.471875
3 0.6265625 0.8375 0.140625 0.01875
3 0.0296875 0.3 0.053125 0.015625
3 0.0921875 0.45625 0.15 0.0140625
16 0.5 0.2078125 1 0.1203125
3 0.6015625 0.7703125 0.053125 0.0140625
3 0.615625 0.6421875 0.0796875 0.0125
3 0.6046875 0.70625 0.0578125 0.0140625
3 0.60625 0.5796875 0.0640625 0.0140625
3 0.596875 0.515625 0.0421875 0.0140625
3 0.6109375 0.4515625 0.0703125 0.015625
3 0.6 0.3875 0.0515625 0.0140625
3 0.7625 0.7703125 0.03125 0.0109375
3 0.7671875 0.7078125 0.0421875 0.0109375
3 0.7625 0.6421875 0.03125 0.0109375
3 0.7625 0.578125 0.03125 0.0125
3 0.7625 0.515625 0.03125 0.0125
3 0.76875 0.4515625 0.0421875 0.0125
3 0.7671875 0.3890625 0.040625 0.0109375
3 0.1609375 0.2328125 0.140625 0.0125
3 0.5453125 0.209375 0.909375 0.009375
3 0.9953125 0.234375 0.009375 0.0140625
3 0.109375 0.184375 0.0359375 0.0109375
3 0.178125 0.184375 0.065625 0.0109375
3 0.2390625 0.1859375 0.025 0.0109375
23 0.7421875 0.165625 0.515625 0.0015625
28 0.046875 0.221875 0.0515625 0.0515625
36 0.71875 0.7703125 0.0359375 0.0203125
36 0.71875 0.7078125 0.034375 0.01875
36 0.7171875 0.64375 0.0359375 0.0203125
36 0.7171875 0.5796875 0.0359375 0.0203125
36 0.7171875 0.515625 0.0359375 0.0203125
36 0.7171875 0.4515625 0.034375 0.0203125
36 0.7171875 0.3875 0.0328125 0.01875
38 0.8859375 0.7703125 0.084375 0.040625
38 0.9828125 0.771875 0.034375 0.040625
38 0.8859375 0.64375 0.0859375 0.040625
38 0.9828125 0.64375 0.034375 0.0421875
38 0.8859375 0.5796875 0.0859375 0.0421875
38 0.9828125 0.5796875 0.034375 0.0421875
38 0.8859375 0.515625 0.0875 0.0421875
38 0.9828125 0.5171875 0.034375 0.0421875
23 0.784375 0.4203125 0.43125 0.003125
23 0.784375 0.4859375 0.43125 0.003125
23 0.784375 0.55 0.43125 0.0015625
23 0.9484375 0.515625 0.0140625 0.003125
23 0.9484375 0.5796875 0.0140625 0.0015625
23 0.7859375 0.6125 0.428125 0.003125
23 0.946875 0.64375 0.0125 0.003125
23 0.784375 0.6765625 0.4296875 0.003125
23 0.784375 0.740625 0.4296875 0.003125
23 0.9484375 0.771875 0.0171875 0.003125
15 0.1828125 0.7609375 0.16875 0.0390625
3 0.18125 0.759375 0.1359375 0.0140625
27 0.3 0.759375 0.0171875 0.01875
28 0.0515625 0.7609375 0.0625 0.0640625
38 0.2609375 0.665625 0.48125 0.040625
3 0.06875 0.703125 0.0953125 0.0109375
3 0.0375 0.6234375 0.034375 0.009375
3 0.278125 0.6234375 0.0203125 0.0109375
3 0.278125 0.54375 0.021875 0.0125
3 0.0609375 0.5453125 0.08125 0.0109375
38 0.1375 0.5875 0.2328125 0.040625
38 0.384375 0.5875 0.2328125 0.040625
38 0.384375 0.509375 0.234375 0.0421875
38 0.1375 0.509375 0.234375 0.0421875
3 0.0609375 0.4234375 0.08125 0.0109375
3 0.3078125 0.4234375 0.0765625 0.0109375
16 0.1375 0.3890625 0.234375 0.0421875
16 0.384375 0.3875 0.2328125 0.0421875