16 0.140625 0.5140625 0.1765625 0.9703125
3 0.1296875 0.1109375 0.0203125 0.0515625
16 0.3640625 0.5140625 0.2 0.9703125
3 0.3625 0.1125 0.0203125 0.05
16 0.5984375 0.515625 0.19375 0.96875
3 0.5984375 0.1109375 0.0203125 0.0515625
19 0.3359375 0.8640625 0.0484375 0.125
3 0.3890625 0.8734375 0.028125 0.1078125
19 0.571875 0.8625 0.05 0.125
3 0.6234375 0.89375 0.03125 0.06875
19 0.103125 0.85625 0.0515625 0.1359375
3 0.15625 0.8578125 0.0265625 0.1375
16 0.834375 0.5140625 0.2015625 0.9703125
3 0.834375 0.1109375 0.0203125 0.05
19 0.8078125 0.8625 0.0515625 0.128125
3 0.8609375 0.8953125 0.025 0.065625
3 0.809375 0.865625 0.0234375 0.090625
3 0.5734375 0.8640625 0.0171875 0.0953125
3 0.3375 0.8640625 0.01875 0.0921875
3 0.1046875 0.8625 0.01875 0.0953125
27 0.8328125 0.9765625 0.040625 0.0375
27 0.5984375 0.9765625 0.0375 0.0390625
27 0.128125 0.9765625 0.0359375 0.0375
27 0.3625 0.9765625 0.0375 0.0390625
3 0.8359375 0.2046875 0.0703125 0.115625
3 0.6 0.203125 0.071875 0.115625
3 0.365625 0.2046875 0.0765625 0.1203125
3 0.1296875 0.2046875 0.08125 0.11875