16 0.5015625 0.6875 0.9765625 0.09375
16 0.5015625 0.584375 0.978125 0.0921875
16 0.5015625 0.4828125 0.978125 0.090625
16 0.5015625 0.3828125 0.978125 0.090625
16 0.5015625 0.28125 0.9765625 0.0921875
3 0.8484375 0.7 0.1796875 0.01875
3 0.7421875 0.6734375 0.3921875 0.0171875
3 0.05 0.7046875 0.03125 0.0140625
3 0.046875 0.6015625 0.0359375 0.0171875
3 0.0484375 0.5 0.0375 0.01875
3 0.0484375 0.3984375 0.0296875 0.0140625
3 0.046875 0.2984375 0.028125 0.0140625
3 0.875 0.2671875 0.1234375 0.015625
3 0.8546875 0.29375 0.1609375 0.01875
3 0.7703125 0.5734375 0.3390625 0.0140625
3 0.8625 0.6 0.1546875 0.01875
3 0.5703125 0.571875 0.0546875 0.0140625
3 0.6 0.471875 0.04375 0.015625
3 0.6 0.3703125 0.04375 0.0125
3 0.53125 0.36875 0.0890625 0.0140625
3 0.53125 0.4703125 0.0890625 0.0125
3 0.8609375 0.496875 0.153125 0.01875
3 0.78125 0.4703125 0.3125 0.0140625
3 0.8609375 0.396875 0.153125 0.015625
3 0.78125 0.36875 0.3109375 0.0171875
3 0.778125 0.26875 0.0640625 0.0125
3 0.7328125 0.26875 0.0171875 0.0125
3 0.7078125 0.26875 0.025 0.0125
3 0.5734375 0.2671875 0.234375 0.0171875
3 0.0796875 0.7796875 0.1078125 0.0171875
3 0.8953125 0.778125 0.1921875 0.0265625
27 0.9625 0.6859375 0.0109375 0.0125
27 0.9625 0.5859375 0.0109375 0.0125