3 0.75625 0.3984375 0.0234375 0.1359375
3 0.75625 0.6578125 0.0234375 0.140625
3 0.75625 0.1359375 0.0234375 0.14375
3 0.790625 0.7984375 0.0109375 0.040625
3 0.75625 0.9078125 0.025 0.15625
16 0.128125 0.4953125 0.13125 0.325
3 0.1671875 0.59375 0.0125 0.0515625
10 0.9171875 0.5 0.0375 0.9984375
27 0.925 0.98125 0.021875 0.0234375
3 0.925 0.4078125 0.0109375 0.059375
27 0.5703125 0.9921875 0.0171875 0.0140625
27 0.5 0.9921875 0.015625 0.0140625
27 0.440625 0.9921875 0.015625 0.0140625
16 0.1296875 0.1578125 0.1328125 0.3140625
3 0.1671875 0.2546875 0.0109375 0.04375
3 0.3296875 0.453125 0.0140625 0.0578125
27 0.3328125 0.9921875 0.015625 0.015625
3 0.5046875 0.45 0.0125 0.0640625
3 0.925 0.4859375 0.0109375 0.04375
3 0.925 0.5625 0.0109375 0.053125
3 0.56875 0.459375 0.0125 0.046875
19 0.49375 0.81875 0.028125 0.065625
3 0.4953125 0.8171875 0.0109375 0.0515625
3 0.375 0.9734375 0.0125 0.0515625
3 0.084375 0.28125 0.0109375 0.0453125
3 0.084375 0.625 0.0109375 0.046875
16 0.128125 0.8375 0.13125 0.325
3 0.1671875 0.9453125 0.0109375 0.03125
3 0.790625 0.5421875 0.009375 0.0453125
3 0.615625 0.9828125 0.0125 0.0328125
3 0.8703125 0.965625 0.0140625 0.0671875
3 0.084375 0.96875 0.0109375 0.046875
3 0.4375 0.9203125 0.015625 0.0875
3 0.496875 0.9171875 0.0125 0.096875
3 0.56875 0.9203125 0.0125 0.0875
3 0.3296875 0.91875 0.0125 0.0953125
3 0.790625 0.2828125 0.009375 0.0453125
3 0.4375 0.4640625 0.0125 0.0375
3 0.790625 0.0234375 0.009375 0.04375
3 0.1203125 0.2703125 0.0109375 0.071875
3 0.2265625 0.9578125 0.0125 0.084375
3 0.6578125 0.9546875 0.0140625 0.0890625
3 0.1203125 0.9578125 0.0109375 0.0703125
3 0.0796875 0.425 0.0109375 0.0578125
3 0.7921875 0.965625 0.009375 0.05
3 0.1203125 0.6140625 0.0109375 0.075
3 0.0796875 0.784375 0.0109375 0.053125
3 0.309375 0.934375 0.009375 0.0640625
3 0.4828125 0.4671875 0.009375 0.0328125
3 0.8703125 0.715625 0.0109375 0.053125
3 0.5484375 0.9328125 0.0109375 0.0625
3 0.4171875 0.934375 0.009375 0.0640625
3 0.0796875 0.0765625 0.0109375 0.053125
3 0.8703125 0.790625 0.0109375 0.08125
3 0.7921875 0.1828125 0.0109375 0.053125
3 0.4140625 0.04375 0.009375 0.034375
3 0.4171875 0.4515625 0.0109375 0.0625
3 0.309375 0.440625 0.0109375 0.0828125
3 0.7921875 0.68125 0.0109375 0.096875
3 0.5453125 0.04375 0.0078125 0.0328125
3 0.48125 0.04375 0.009375 0.0328125
3 0.1203125 0.3875 0.0125 0.0921875
3 0.1203125 0.7015625 0.009375 0.03125
3 0.56875 0.0453125 0.0125 0.090625
3 0.7921875 0.4109375 0.0125 0.1125
3 0.33125 0.046875 0.0109375 0.09375
3 0.30625 0.04375 0.009375 0.034375
3 0.503125 0.046875 0.0109375 0.09375
3 0.5484375 0.440625 0.0109375 0.0859375
3 0.1203125 0.046875 0.0125 0.09375
3 0.4375 0.046875 0.0109375 0.09375
3 0.221875 0.0234375 0.0125 0.0453125
19 0.5671875 0.8375 0.0265625 0.04375
3 0.565625 0.8375 0.0125 0.021875
19 0.078125 0.3640625 0.0265625 0.040625
3 0.078125 0.3640625 0.0109375 0.0234375
19 0.078125 0.021875 0.0265625 0.0421875
3 0.0796875 0.0203125 0.0125 0.0234375
19 0.4359375 0.828125 0.0265625 0.0609375
3 0.4359375 0.828125 0.0109375 0.0421875
19 0.078125 0.7171875 0.028125 0.0625
3 0.0796875 0.7171875 0.0109375 0.0453125
19 0.3265625 0.8296875 0.0265625 0.04375
3 0.3265625 0.8296875 0.0125 0.0234375
27 0.165625 0.9765625 0.0171875 0.0171875
27 0.165625 0.6328125 0.015625 0.0171875
27 0.165625 0.290625 0.015625 0.0171875
27 0.1640625 0.709375 0.0125 0.01875
27 0.165625 0.365625 0.0109375 0.0171875
27 0.165625 0.021875 0.0109375 0.0171875
23 0.1015625 0.8390625 0.003125 0.3046875
23 0.1015625 0.4953125 0.0046875 0.303125
23 0.1015625 0.1515625 0.0046875 0.3015625
3 0.4140625 0.0125 0.0078125 0.0234375
3 0.30625 0.0125 0.0078125 0.025
3 0.4796875 0.0125 0.009375 0.0234375
3 0.5453125 0.0125 0.009375 0.025
3 0.86875 0.8796875 0.0140625 0.06875
3 0.925 0.6375 0.0125 0.0375
23 0.8703125 0.925 0.0390625 0.003125
15 0.8703125 0.053125 0.03125 0.1046875
23 0.8703125 0.0375 0.0109375 0.0734375
27 0.8703125 0.0859375 0.009375 0.009375
27 0.925 0.0546875 0.0203125 0.01875
11 0.921875 0.015625 0.0265625 0.0296875