16 0.590625 0.8453125 0.21875 0.309375
16 0.590625 0.509375 0.221875 0.3296875
16 0.590625 0.165625 0.2203125 0.328125
31 0.6765625 0.8515625 0.009375 0.2953125
3 0.565625 0.9546875 0.0125 0.046875
3 0.6109375 0.946875 0.0125 0.065625
3 0.565625 0.6109375 0.0125 0.046875
3 0.65625 0.9453125 0.0140625 0.06875
3 0.565625 0.2671875 0.0125 0.046875
3 0.5109375 0.9171875 0.0140625 0.0734375
3 0.5109375 0.2296875 0.0125 0.075
3 0.509375 0.5734375 0.0125 0.075
3 0.528125 0.240625 0.0125 0.0515625
3 0.528125 0.58125 0.0125 0.059375
3 0.5265625 0.9140625 0.0109375 0.078125
3 0.6109375 0.2609375 0.0140625 0.0640625
28 0.5171875 0.296875 0.034375 0.0328125
3 0.565625 0.375 0.0109375 0.0265625
3 0.5671875 0.7171875 0.0109375 0.028125
3 0.5671875 0.03125 0.0109375 0.0265625
3 0.6109375 0.71875 0.0140625 0.0265625
28 0.5171875 0.9828125 0.034375 0.034375
28 0.5171875 0.6390625 0.034375 0.034375
27 0.5671875 0.99375 0.0125 0.0125
27 0.6125 0.99375 0.0125 0.0109375
27 0.5671875 0.65 0.0125 0.0109375
27 0.5671875 0.30625 0.0125 0.0125
27 0.65625 0.99375 0.0125 0.0125
27 0.6125 0.65 0.0140625 0.0125
27 0.65625 0.65 0.0125 0.0140625
31 0.5875 0.853125 0.0078125 0.2921875
31 0.63125 0.8515625 0.0078125 0.2953125
31 0.5875 0.5109375 0.0078125 0.2953125
31 0.63125 0.509375 0.009375 0.2953125
31 0.6765625 0.509375 0.0078125 0.296875
31 0.5875 0.165625 0.0078125 0.296875
31 0.63125 0.165625 0.0078125 0.296875
31 0.6765625 0.165625 0.009375 0.296875
3 0.6109375 0.03125 0.0125 0.0265625
3 0.65625 0.03125 0.0109375 0.0265625
3 0.65625 0.2578125 0.0125 0.0640625
27 0.6125 0.3078125 0.0125 0.0125
27 0.65625 0.3078125 0.0125 0.0125
3 0.6109375 0.3734375 0.0109375 0.025
3 0.6546875 0.375 0.0125 0.028125
3 0.6109375 0.603125 0.0125 0.0609375
3 0.65625 0.603125 0.0125 0.0640625
3 0.65625 0.71875 0.0109375 0.0265625