28 0.7453125 0.5 0.509375 0.65
3 0.146875 0.20625 0.24375 0.028125
3 0.2140625 0.253125 0.3796875 0.0328125
3 0.0890625 0.6296875 0.1015625 0.0140625
3 0.1 0.65625 0.09375 0.0125
3 0.0890625 0.6796875 0.0734375 0.0140625
3 0.09375 0.7015625 0.0796875 0.0125
3 0.0765625 0.725 0.0453125 0.0125
15 0.390625 0.7859375 0.096875 0.03125
3 0.390625 0.7859375 0.0703125 0.0109375
23 0.23125 0.7546875 0.4140625 0.003125
38 0.125 0.3015625 0.1984375 0.034375
38 0.340625 0.3015625 0.1984375 0.034375
38 0.2328125 0.353125 0.4140625 0.034375
38 0.2328125 0.403125 0.4140625 0.034375
38 0.2328125 0.4546875 0.4140625 0.034375
39 0.2328125 0.54375 0.4140625 0.1125
32 0.0421875 0.6546875 0.0171875 0.0171875
32 0.0421875 0.678125 0.0171875 0.0171875
32 0.0421875 0.7015625 0.0171875 0.015625
32 0.0421875 0.7234375 0.0171875 0.0171875