16 0.5828125 0.5265625 0.81875 0.6421875
5 0.0828125 0.5 0.1546875 0.696875
37 0.5828125 0.5046875 0.834375 0.6984375
16 0.2734375 0.4328125 0.175 0.2015625
16 0.4546875 0.43125 0.1734375 0.2015625
16 0.6359375 0.4328125 0.175 0.203125
16 0.271875 0.6421875 0.1734375 0.2046875
16 0.4546875 0.64375 0.1734375 0.2046875
16 0.634375 0.64375 0.1734375 0.2046875
16 0.453125 0.8 0.5359375 0.09375
16 0.85625 0.5828125 0.2421875 0.5078125
3 0.196875 0.1734375 0.034375 0.0203125
3 0.2515625 0.171875 0.0234375 0.015625
3 0.30625 0.171875 0.0296875 0.0125
3 0.3796875 0.1734375 0.0625 0.0171875
3 0.2328125 0.234375 0.0890625 0.015625
3 0.9078125 0.2296875 0.053125 0.0140625
3 0.228125 0.315625 0.0828125 0.0109375
3 0.3046875 0.315625 0.0359375 0.0109375
3 0.3578125 0.315625 0.0359375 0.009375
3 0.228125 0.471875 0.065625 0.0109375
3 0.2203125 0.490625 0.05 0.009375
3 0.2703125 0.5125 0.1203125 0.009375
3 0.4203125 0.471875 0.0890625 0.0125
3 0.4015625 0.490625 0.0484375 0.009375
3 0.4515625 0.5109375 0.1203125 0.0078125
3 0.5953125 0.471875 0.0765625 0.0109375
3 0.5828125 0.490625 0.05 0.009375
3 0.6375 0.5125 0.1296875 0.009375
3 0.596875 0.684375 0.0796875 0.0109375
3 0.5828125 0.703125 0.05 0.009375
3 0.6328125 0.7234375 0.1203125 0.0078125
3 0.4078125 0.684375 0.0625 0.009375
3 0.4015625 0.703125 0.0484375 0.009375
3 0.45 0.7234375 0.11875 0.009375
3 0.234375 0.684375 0.0734375 0.009375
3 0.2203125 0.7015625 0.05 0.009375
3 0.2765625 0.7234375 0.1328125 0.009375
3 0.4828125 0.7859375 0.1203125 0.015625
3 0.50625 0.8078125 0.1328125 0.0078125
4 0.85625 0.7171875 0.2203125 0.21875
3 0.78125 0.5859375 0.065625 0.0140625
3 0.8234375 0.5484375 0.078125 0.009375
3 0.821875 0.5328125 0.075 0.0109375
3 0.8453125 0.4984375 0.1203125 0.009375
3 0.8171875 0.48125 0.065625 0.0125
3 0.8265625 0.43125 0.0828125 0.0125
3 0.809375 0.4484375 0.0484375 0.009375
3 0.8625 0.3984375 0.1578125 0.009375
3 0.8203125 0.38125 0.0703125 0.0109375
3 0.80625 0.3515625 0.115625 0.0125
28 0.271875 0.3953125 0.153125 0.1140625
28 0.4546875 0.396875 0.153125 0.1140625
28 0.6359375 0.396875 0.153125 0.1140625
28 0.6359375 0.6078125 0.153125 0.1125
28 0.4546875 0.609375 0.1546875 0.1140625
28 0.271875 0.6078125 0.1546875 0.1140625
28 0.3015625 0.80625 0.203125 0.0796875
27 0.428125 0.8078125 0.0078125 0.0109375
27 0.6984375 0.778125 0.0109375 0.0140625
27 0.5640625 0.7234375 0.00625 0.009375
27 0.3828125 0.7234375 0.00625 0.009375
27 0.2015625 0.7234375 0.0078125 0.0109375
27 0.5640625 0.5125 0.00625 0.009375
27 0.3828125 0.5125 0.00625 0.009375
27 0.2015625 0.5125 0.0078125 0.009375
36 0.9609375 0.2296875 0.028125 0.0171875
20 0.70625 0.275 0.1703125 0.0375
20 0.5484375 0.275 0.1203125 0.0359375
27 0.959375 0.35 0.003125 0.009375
27 0.959375 0.5828125 0.003125 0.009375
23 0.85 0.4125 0.2046875 0.0015625
23 0.85 0.4625 0.203125 0.0015625
23 0.85 0.5140625 0.2046875 0.0015625
38 0.8890625 0.275 0.171875 0.0359375
38 0.421875 0.275 0.10625 0.0359375
38 0.271875 0.275 0.16875 0.0359375