3 0.6046875 0.7515625 0.275 0.0296875
3 0.509375 0.7875 0.0859375 0.015625
3 0.7171875 0.659375 0.50625 0.1015625
3 0.7125 0.534375 0.5015625 0.1046875
3 0.7234375 0.4078125 0.521875 0.1046875
3 0.490625 0.26875 0.05 0.0234375
3 0.4921875 0.296875 0.053125 0.0171875
3 0.6140625 0.2703125 0.0265625 0.01875
3 0.6328125 0.296875 0.0640625 0.0171875
3 0.75 0.26875 0.0265625 0.0203125
3 0.765625 0.296875 0.059375 0.015625
3 0.9 0.26875 0.059375 0.0234375
3 0.8921875 0.296875 0.046875 0.015625
15 0.575 0.20625 0.215625 0.0265625
3 0.5671875 0.2046875 0.178125 0.0125
27 0.6671875 0.20625 0.009375 0.0109375
16 0.1875 0.5859375 0.3734375 0.434375
3 0.1734375 0.478125 0.3203125 0.10625
3 0.109375 0.3875 0.0890625 0.0125
3 0.1078125 0.4046875 0.08125 0.0140625
11 0.0375 0.396875 0.0375 0.0359375