16 0.503125 0.3171875 0.9921875 0.096875
16 0.503125 0.4234375 0.99375 0.0953125
16 0.503125 0.5296875 0.99375 0.0953125
16 0.503125 0.634375 0.99375 0.0953125
16 0.503125 0.7375 0.99375 0.0953125
3 0.8734375 0.3046875 0.1875 0.01875
3 0.7640625 0.33125 0.4078125 0.01875
3 0.04375 0.3 0.0328125 0.0140625
3 0.0421875 0.40625 0.0375 0.0171875
3 0.0421875 0.5125 0.0390625 0.0203125
3 0.0421875 0.6171875 0.03125 0.0140625
3 0.040625 0.721875 0.028125 0.0140625
3 0.9015625 0.753125 0.128125 0.015625
3 0.88125 0.7265625 0.1671875 0.01875
3 0.7921875 0.4359375 0.3515625 0.015625
3 0.8890625 0.4078125 0.159375 0.01875
3 0.584375 0.4375 0.05625 0.0140625
3 0.615625 0.5421875 0.0453125 0.015625
3 0.615625 0.646875 0.0453125 0.0140625
3 0.54375 0.6484375 0.0921875 0.0140625
3 0.54375 0.54375 0.0921875 0.0140625
3 0.8859375 0.515625 0.159375 0.01875
3 0.8046875 0.5421875 0.325 0.0140625
3 0.8875 0.61875 0.159375 0.015625
3 0.803125 0.6484375 0.3234375 0.0171875
3 0.8015625 0.753125 0.065625 0.0140625
3 0.7546875 0.7515625 0.0171875 0.0140625
3 0.728125 0.753125 0.0265625 0.0125
3 0.5875 0.7546875 0.24375 0.0171875
3 0.075 0.221875 0.1125 0.0171875
3 0.9125 0.221875 0.175 0.028125
27 0.9921875 0.31875 0.0109375 0.0125
27 0.9921875 0.4234375 0.0109375 0.0125