5 0.0734375 0.5 0.1453125 0.6140625
10 0.575 0.215625 0.85 0.046875
3 0.2140625 0.2109375 0.0921875 0.0171875
23 0.796875 0.215625 0.0015625 0.046875
12 0.8328125 0.2125 0.0125 0.0171875
3 0.884375 0.209375 0.0171875 0.009375
3 0.953125 0.2046875 0.075 0.0109375
3 0.946875 0.2203125 0.0625 0.009375
15 0.925 0.28125 0.1328125 0.0328125
3 0.9359375 0.28125 0.0828125 0.0109375
27 0.8796875 0.28125 0.009375 0.0109375
38 0.26875 0.2796875 0.203125 0.034375
16 0.2671875 0.3953125 0.203125 0.153125
16 0.475 0.3953125 0.203125 0.153125
16 0.684375 0.396875 0.2015625 0.1515625
16 0.890625 0.3953125 0.2 0.1515625
16 0.8921875 0.55625 0.2 0.1515625
16 0.684375 0.5546875 0.2015625 0.15
16 0.4765625 0.5546875 0.2 0.1515625
16 0.2671875 0.5546875 0.2015625 0.1515625
16 0.2671875 0.7125 0.2 0.1515625
16 0.265625 0.8015625 0.2015625 0.0109375
16 0.4765625 0.7125 0.2015625 0.15
16 0.475 0.8015625 0.1984375 0.0109375
16 0.6828125 0.8015625 0.2015625 0.0125
16 0.890625 0.8015625 0.2015625 0.0109375
16 0.890625 0.7125 0.2015625 0.1515625
16 0.6828125 0.7125 0.2015625 0.153125
3 0.2671875 0.434375 0.08125 0.0125
3 0.2671875 0.45 0.034375 0.0109375
3 0.475 0.4328125 0.109375 0.0140625
3 0.475 0.45 0.065625 0.0109375
3 0.2671875 0.5921875 0.0875 0.0125
3 0.2671875 0.609375 0.0546875 0.009375
3 0.4765625 0.5921875 0.078125 0.0125
3 0.475 0.609375 0.065625 0.009375
3 0.2671875 0.7515625 0.0734375 0.0125
3 0.2671875 0.7671875 0.0546875 0.0109375
3 0.475 0.7515625 0.1265625 0.0140625
3 0.475 0.76875 0.0671875 0.0109375
3 0.6828125 0.75 0.078125 0.0125
3 0.6828125 0.7671875 0.0328125 0.009375
3 0.6828125 0.5921875 0.0890625 0.0125
3 0.6828125 0.609375 0.03125 0.009375
3 0.6828125 0.4328125 0.1078125 0.0109375
3 0.890625 0.434375 0.08125 0.0109375
3 0.890625 0.5921875 0.071875 0.0140625
3 0.890625 0.609375 0.0625 0.009375
3 0.8921875 0.7515625 0.0859375 0.0125
3 0.890625 0.76875 0.0640625 0.009375
28 0.2671875 0.3703125 0.190625 0.0890625
27 0.3453125 0.340625 0.0109375 0.0109375
3 0.6828125 0.45 0.03125 0.009375
28 0.4765625 0.3703125 0.190625 0.0890625
27 0.5546875 0.3421875 0.0125 0.0125
28 0.684375 0.36875 0.190625 0.0890625
27 0.7625 0.340625 0.0109375 0.0109375
28 0.684375 0.528125 0.190625 0.0890625
27 0.7609375 0.5 0.0109375 0.0109375
28 0.8921875 0.36875 0.190625 0.0890625
27 0.9703125 0.3421875 0.009375 0.0109375
28 0.8921875 0.528125 0.190625 0.090625
27 0.9703125 0.5 0.0109375 0.0125
3 0.890625 0.45 0.0640625 0.009375
28 0.4765625 0.528125 0.190625 0.0890625
27 0.5546875 0.5 0.009375 0.0109375
28 0.2671875 0.528125 0.190625 0.0890625
27 0.3453125 0.5 0.0109375 0.0109375
28 0.26875 0.6875 0.190625 0.0890625
27 0.3453125 0.659375 0.009375 0.0109375
28 0.475 0.6875 0.1890625 0.0890625
27 0.553125 0.659375 0.0109375 0.0109375
28 0.6828125 0.6875 0.1890625 0.0890625
27 0.7625 0.659375 0.0109375 0.0109375
28 0.8921875 0.6875 0.190625 0.0890625
27 0.9703125 0.659375 0.0109375 0.0125