16 0.1859375 0.5359375 0.3421875 0.5640625
16 0.678125 0.534375 0.6171875 0.5625
3 0.059375 0.209375 0.0875 0.025
15 0.425 0.20625 0.0953125 0.04375
3 0.4375 0.2078125 0.0515625 0.0109375
15 0.528125 0.2078125 0.0953125 0.0453125
3 0.540625 0.2078125 0.0234375 0.0109375
15 0.63125 0.20625 0.096875 0.0453125
3 0.6421875 0.2078125 0.03125 0.0140625
15 0.7328125 0.2078125 0.0953125 0.046875
3 0.7453125 0.2078125 0.0265625 0.0109375
15 0.846875 0.20625 0.115625 0.0453125
3 0.8578125 0.2078125 0.0609375 0.0125
15 0.95 0.2078125 0.0734375 0.0453125
3 0.9625 0.20625 0.0203125 0.0109375
27 0.3984375 0.2078125 0.015625 0.01875
27 0.5140625 0.20625 0.015625 0.0171875
27 0.6125 0.20625 0.01875 0.0171875
27 0.7171875 0.2078125 0.0171875 0.015625
27 0.8109375 0.20625 0.0140625 0.0171875
27 0.9390625 0.20625 0.0171875 0.0171875
16 0.184375 0.4375 0.290625 0.325
16 0.1859375 0.709375 0.2890625 0.190625
27 0.090625 0.325 0.0515625 0.0515625
3 0.19375 0.315625 0.140625 0.025
3 0.15625 0.334375 0.059375 0.0078125
15 0.1625 0.3609375 0.071875 0.0234375
3 0.16875 0.3609375 0.0359375 0.0078125
27 0.140625 0.3609375 0.009375 0.009375
3 0.153125 0.43125 0.1703125 0.0125
3 0.11875 0.4515625 0.1015625 0.009375
3 0.1296875 0.478125 0.0890625 0.0078125
3 0.1234375 0.496875 0.071875 0.009375
3 0.1 0.56875 0.0671875 0.0109375
27 0.075 0.4765625 0.0140625 0.0125
27 0.075 0.496875 0.0125 0.0125
27 0.246875 0.5671875 0.0125 0.015625
27 0.29375 0.5671875 0.0046875 0.0140625
27 0.0890625 0.69375 0.015625 0.0140625
27 0.0890625 0.759375 0.0171875 0.0125
27 0.2953125 0.646875 0.0109375 0.0125
3 0.1171875 0.6484375 0.0984375 0.015625
3 0.159375 0.6859375 0.0890625 0.0125
3 0.15625 0.7 0.08125 0.009375
3 0.1875 0.7171875 0.140625 0.009375
3 0.171875 0.75 0.1109375 0.0109375
3 0.15625 0.7671875 0.0796875 0.009375
3 0.1875 0.7828125 0.14375 0.0078125
3 0.4578125 0.70625 0.04375 0.0125
3 0.559375 0.7359375 0.2484375 0.0234375
3 0.5 0.625 0.13125 0.0140625
3 0.559375 0.653125 0.25 0.0234375
3 0.53125 0.575 0.1921875 0.0234375
3 0.465625 0.54375 0.0640625 0.0125
3 0.5453125 0.4953125 0.2203125 0.0234375
3 0.4484375 0.4671875 0.028125 0.0140625
3 0.5453125 0.421875 0.221875 0.021875
3 0.4671875 0.39375 0.0640625 0.0140625
3 0.490625 0.321875 0.1125 0.015625
3 0.5453125 0.35 0.221875 0.0234375
36 0.925 0.3546875 0.034375 0.0203125
36 0.925 0.4265625 0.0359375 0.0203125
36 0.925 0.496875 0.034375 0.0203125
36 0.925 0.575 0.0359375 0.0203125
36 0.925 0.653125 0.034375 0.0203125
36 0.9265625 0.7390625 0.034375 0.021875
23 0.6875 0.6796875 0.5078125 0.0046875
23 0.6875 0.6 0.509375 0.003125
23 0.6875 0.5171875 0.50625 0.0046875
23 0.6890625 0.44375 0.5 0.0046875
23 0.6875 0.3734375 0.5078125 0.0046875