16 0.7 0.503125 0.5984375 0.8921875
3 0.9203125 0.7875 0.1578125 0.0265625
3 0.8734375 0.7140625 0.253125 0.0140625
3 0.9875 0.7390625 0.0234375 0.0140625
3 0.640625 0.7140625 0.1265625 0.01875
3 0.6828125 0.7375 0.0453125 0.0125
3 0.6390625 0.6546875 0.1296875 0.015625
3 0.678125 0.6765625 0.0484375 0.015625
3 0.925 0.6546875 0.1484375 0.0203125
3 0.946875 0.678125 0.1046875 0.0140625
15 0.934375 0.6015625 0.13125 0.0375
3 0.934375 0.6 0.0984375 0.015625
15 0.7578125 0.6 0.2 0.0375
3 0.7578125 0.5984375 0.1640625 0.0171875
37 0.7078125 0.3171875 0.584375 0.4921875
3 0.959375 0.546875 0.08125 0.0140625
3 0.8625 0.5484375 0.071875 0.0125
3 0.7703125 0.5484375 0.0703125 0.0125
3 0.6734375 0.5484375 0.0828125 0.0140625
16 0.19375 0.503125 0.3859375 0.89375
24 0.190625 0.146875 0.34375 0.1359375
3 0.275 0.1890625 0.1453125 0.015625
3 0.1953125 0.1453125 0.303125 0.03125
3 0.3140625 0.1015625 0.06875 0.0140625
24 0.1921875 0.2703125 0.3421875 0.08125
3 0.296875 0.2859375 0.1015625 0.0171875
3 0.2703125 0.2515625 0.153125 0.015625
16 0.190625 0.446875 0.34375 0.240625
3 0.3 0.3484375 0.0578125 0.0125
3 0.30625 0.38125 0.0796875 0.0140625
3 0.2859375 0.4109375 0.125 0.015625
3 0.2859375 0.44375 0.1234375 0.0140625
3 0.2875 0.4765625 0.0875 0.015625
3 0.2953125 0.509375 0.0625 0.0125
27 0.6296875 0.6 0.00625 0.015625
27 0.3390625 0.35 0.015625 0.0140625
27 0.3390625 0.509375 0.0078125 0.0140625
27 0.340625 0.478125 0.0140625 0.0140625
27 0.04375 0.5453125 0.01875 0.0171875
16 0.190625 0.640625 0.3421875 0.1140625
27 0.3390625 0.6390625 0.0109375 0.0140625
27 0.340625 0.60625 0.0140625 0.0125
27 0.04375 0.6734375 0.0171875 0.01875
16 0.1921875 0.9125 0.34375 0.075
27 0.04375 0.9328125 0.0171875 0.0171875
19 0.46875 0.9390625 0.090625 0.0203125
3 0.4671875 0.940625 0.06875 0.0140625
16 0.9390625 0.890625 0.121875 0.11875
3 0.3265625 0.93125 0.040625 0.0140625
3 0.265625 0.896875 0.1640625 0.0125
24 0.190625 0.7859375 0.34375 0.146875
3 0.3109375 0.834375 0.075 0.0125
3 0.296875 0.8 0.065625 0.0125
3 0.3078125 0.76875 0.04375 0.0109375
3 0.278125 0.734375 0.1390625 0.0140625
3 0.2890625 0.54375 0.11875 0.01875
3 0.3109375 0.6734375 0.075 0.0125
3 0.265625 0.6375 0.13125 0.0140625
3 0.2875 0.60625 0.0890625 0.0125
40 0.8640625 0.29375 0.2703125 0.434375
3 0.915625 0.49375 0.115625 0.015625
3 0.9078125 0.46875 0.13125 0.0140625
3 0.91875 0.4296875 0.10625 0.0125
3 0.81875 0.428125 0.0890625 0.0140625
3 0.890625 0.4046875 0.165625 0.0171875
3 0.7703125 0.403125 0.06875 0.0140625
3 0.9453125 0.38125 0.059375 0.0125
3 0.909375 0.3359375 0.1265625 0.015625
3 0.9078125 0.3125 0.13125 0.0125
3 0.9140625 0.2703125 0.1171875 0.015625
3 0.8046875 0.2703125 0.0953125 0.0140625
3 0.9328125 0.246875 0.08125 0.015625
3 0.94375 0.2234375 0.059375 0.0125
3 0.84375 0.2453125 0.090625 0.0140625
3 0.9171875 0.178125 0.1125 0.0125
3 0.9078125 0.1546875 0.13125 0.0125
3 0.928125 0.1109375 0.0875 0.0125
3 0.9078125 0.0859375 0.13125 0.0140625