3 0.4953125 0.3125 0.1828125 0.0265625
16 0.4984375 0.5515625 0.31875 0.33125
3 0.49375 0.6421875 0.3015625 0.046875
16 0.821875 0.5515625 0.31875 0.33125
3 0.80625 0.640625 0.2765625 0.0484375
16 0.175 0.55 0.3203125 0.3328125
3 0.165625 0.6421875 0.2921875 0.0515625
3 0.1453125 0.603125 0.2453125 0.0234375
3 0.4734375 0.6015625 0.2578125 0.0140625
3 0.7828125 0.603125 0.2265625 0.0125
3 0.053125 0.5765625 0.0609375 0.009375
3 0.3703125 0.5765625 0.0546875 0.009375
3 0.696875 0.5765625 0.059375 0.009375
19 0.128125 0.5765625 0.075 0.0171875
3 0.128125 0.5765625 0.0625 0.009375
19 0.4625 0.5765625 0.1125 0.0171875
3 0.4609375 0.5765625 0.1015625 0.009375
19 0.775 0.5765625 0.084375 0.0171875
3 0.775 0.5765625 0.0734375 0.0078125
3 0.778125 0.6984375 0.1265625 0.0109375
3 0.75625 0.6828125 0.08125 0.0109375
3 0.4875 0.6984375 0.19375 0.0125
3 0.16875 0.6984375 0.209375 0.0140625
11 0.6859375 0.6890625 0.034375 0.0328125
11 0.3625 0.6890625 0.034375 0.0328125
11 0.0390625 0.6890625 0.0328125 0.0328125
3 0.1078125 0.6828125 0.08125 0.0125
3 0.4375 0.6828125 0.09375 0.0125
3 0.4984375 0.3484375 0.3359375 0.0171875
28 0.175 0.4734375 0.3046875 0.1640625
28 0.4984375 0.475 0.3046875 0.1640625
28 0.821875 0.4734375 0.3046875 0.1640625