16 0.4921875 0.503125 0.9828125 0.7515625
27 0.890625 0.8015625 0.04375 0.0453125
3 0.7234375 0.8 0.271875 0.034375
3 0.796875 0.66875 0.2359375 0.040625
29 0.7078125 0.375 0.4125 0.103125
3 0.8359375 0.45 0.1546875 0.028125
3 0.50625 0.5109375 0.259375 0.034375
29 0.265625 0.375 0.4125 0.103125
3 0.4046875 0.45 0.1359375 0.0296875
15 0.4484375 0.2015625 0.25 0.0859375
3 0.4484375 0.203125 0.1703125 0.03125
15 0.1859375 0.203125 0.2453125 0.084375
3 0.184375 0.2015625 0.0875 0.0265625
23 0.490625 0.728125 0.98125 0.0109375
23 0.7828125 0.5125 0.2734375 0.0125
23 0.228125 0.5109375 0.2734375 0.0109375
23 0.4921875 0.2765625 0.9828125 0.0109375
19 0.840625 0.59375 0.1484375 0.0703125
19 0.6671875 0.590625 0.1671875 0.0671875
19 0.4828125 0.5921875 0.1734375 0.06875
19 0.29375 0.59375 0.1765625 0.0734375
3 0.840625 0.59375 0.0890625 0.0296875
3 0.6640625 0.5921875 0.1046875 0.03125
3 0.4796875 0.590625 0.10625 0.0328125
3 0.29375 0.59375 0.109375 0.03125