3 0.184375 0.2890625 0.3546875 0.0546875
3 0.321875 0.35625 0.634375 0.0390625
16 0.4171875 0.5734375 0.31875 0.3203125
3 0.3390625 0.45 0.121875 0.0296875
16 0.7921875 0.6125 0.4 0.2390625
3 0.675 0.5296875 0.134375 0.0296875
16 0.1234375 0.659375 0.2359375 0.1484375
3 0.05625 0.6203125 0.0640625 0.0203125
3 0.096875 0.696875 0.140625 0.03125
3 0.0953125 0.6671875 0.1390625 0.0140625
3 0.384375 0.65625 0.21875 0.03125
3 0.40625 0.696875 0.2609375 0.0296875
3 0.7859375 0.6984375 0.353125 0.03125
3 0.7 0.6671875 0.1765625 0.015625