5 0.0421875 0.5 0.084375 0.4890625
10 0.54375 0.2640625 0.9125 0.0171875
3 0.1171875 0.2578125 0.040625 0.0046875
16 0.2125 0.315625 0.2296875 0.0640625
3 0.1328125 0.3375 0.0375 0.00625
3 0.3015625 0.3109375 0.0359375 0.0109375
3 0.30625 0.296875 0.0265625 0.00625
16 0.453125 0.315625 0.2296875 0.0640625
3 0.5421875 0.309375 0.0390625 0.0140625
3 0.5484375 0.296875 0.0265625 0.00625
3 0.3671875 0.3375 0.0234375 0.00625
16 0.6953125 0.315625 0.2296875 0.0640625
3 0.615625 0.3375 0.040625 0.00625
3 0.79375 0.296875 0.01875 0.00625
3 0.7953125 0.3109375 0.0125 0.0109375
16 0.9109375 0.315625 0.178125 0.0640625
3 0.85625 0.3375 0.0390625 0.00625
3 0.928125 0.25625 0.0140625 0.003125
3 0.9765625 0.2578125 0.04375 0.0046875
27 0.915625 0.2578125 0.0078125 0.0046875
27 0.9515625 0.2578125 0.00625 0.0046875
27 0.83125 0.3375 0.00625 0.00625
27 0.590625 0.3375 0.0046875 0.00625
27 0.35 0.3375 0.00625 0.00625
27 0.1078125 0.3375 0.00625 0.00625
16 0.5484375 0.4546875 0.9015625 0.203125
27 0.1078125 0.54375 0.00625 0.00625
16 0.334375 0.653125 0.4734375 0.184375
16 0.7890625 0.653125 0.4203125 0.184375
23 0.2125 0.3265625 0.215625 0.003125
23 0.453125 0.3265625 0.2171875 0.0015625
23 0.6953125 0.3265625 0.215625 0.0015625
23 0.9140625 0.3265625 0.171875 0.0015625
28 0.86875 0.303125 0.0203125 0.0171875
28 0.628125 0.3046875 0.021875 0.0203125
28 0.3875 0.3046875 0.021875 0.0171875
28 0.146875 0.3046875 0.0234375 0.0203125
1 0.2453125 0.6546875 0.2859375 0.16875
23 0.3328125 0.74375 0.4578125 0.0015625
23 0.79375 0.7421875 0.4125 0.0015625
2 0.79375 0.6546875 0.4125 0.1671875
34 0.5515625 0.4484375 0.8953125 0.16875
3 0.1453125 0.54375 0.0640625 0.0078125
23 0.5515625 0.534375 0.8953125 0.0015625