16 0.5125 0.4921875 0.6828125 0.8515625
3 0.3203125 0.4671875 0.1921875 0.0234375
38 0.509375 0.2671875 0.5765625 0.08125
3 0.5109375 0.634375 0.175 0.021875
38 0.509375 0.378125 0.5765625 0.0828125
23 0.3109375 0.6359375 0.1796875 0.00625
23 0.7109375 0.6359375 0.178125 0.00625
3 0.515625 0.1515625 0.384375 0.0375
15 0.5125 0.7296875 0.578125 0.0796875
3 0.4921875 0.7296875 0.1015625 0.0265625
15 0.5109375 0.825 0.5765625 0.075
3 0.490625 0.825 0.134375 0.025
15 0.5125 0.540625 0.575 0.0765625
3 0.5109375 0.5453125 0.0890625 0.0296875
27 0.571875 0.728125 0.0296875 0.03125
27 0.5890625 0.825 0.0296875 0.03125