22 0.5 0.5 0.4515625 0.31875
3 0.328125 0.3703125 0.078125 0.0203125
38 0.4984375 0.4359375 0.415625 0.0359375
3 0.315625 0.409375 0.0328125 0.0125
38 0.428125 0.503125 0.271875 0.034375
3 0.3140625 0.475 0.025 0.0109375
38 0.4265625 0.56875 0.271875 0.034375
3 0.3234375 0.54375 0.04375 0.0109375
15 0.6046875 0.625 0.065625 0.0328125
3 0.6046875 0.625 0.040625 0.0125
15 0.675 0.6234375 0.0640625 0.0328125
3 0.675 0.625 0.0265625 0.0125
27 0.6984375 0.3671875 0.0140625 0.015625
20 0.640625 0.5015625 0.134375 0.034375
20 0.640625 0.5703125 0.134375 0.034375