16 0.50625 0.5 0.95 0.859375
3 0.1015625 0.2953125 0.0296875 0.2359375
20 0.28125 0.5 0.090625 0.7453125
3 0.215625 0.165625 0.0296875 0.075
20 0.4265625 0.5 0.0890625 0.740625
3 0.3609375 0.165625 0.025 0.0828125
3 0.5046875 0.228125 0.0328125 0.2109375
19 0.571875 0.19375 0.059375 0.128125
3 0.571875 0.1921875 0.025 0.06875
19 0.571875 0.34375 0.059375 0.1453125
3 0.571875 0.34375 0.0296875 0.0890625
19 0.571875 0.5046875 0.059375 0.1484375
3 0.5734375 0.503125 0.0234375 0.0921875
19 0.571875 0.66875 0.0609375 0.15
3 0.571875 0.66875 0.025 0.09375
3 0.646875 0.4828125 0.03125 0.2234375
29 0.7625 0.3078125 0.0890625 0.359375
3 0.696875 0.19375 0.0265625 0.1359375
29 0.7625 0.6921875 0.0890625 0.3609375
3 0.696875 0.571875 0.0265625 0.121875
3 0.9125 0.203125 0.028125 0.1546875
15 0.9109375 0.5359375 0.0734375 0.2171875
3 0.9125 0.5328125 0.025 0.1453125
15 0.9109375 0.7625 0.0734375 0.215625
3 0.9125 0.7625 0.0234375 0.075
23 0.8484375 0.4984375 0.0140625 0.8578125
23 0.1625 0.4984375 0.0109375 0.85625
27 0.0984375 0.15 0.040625 0.0390625
23 0.64375 0.24375 0.0078125 0.23125
23 0.64375 0.7234375 0.00625 0.234375