10 0.5 0.2515625 0.9984375 0.0546875
27 0.0234375 0.2453125 0.021875 0.0203125
3 0.5015625 0.2453125 0.0515625 0.0109375
3 0.4984375 0.4109375 0.2609375 0.0390625
26 0.5 0.653125 1 0.24375
27 0.0265625 0.5828125 0.0265625 0.021875
3 0.415625 0.578125 0.0625 0.0125
3 0.5796875 0.578125 0.0515625 0.0125
3 0.9078125 0.578125 0.0359375 0.0125
3 0.584375 0.2453125 0.0640625 0.0125
3 0.74375 0.5796875 0.0578125 0.0125
3 0.909375 0.6109375 0.0328125 0.0109375
3 0.7453125 0.6109375 0.034375 0.0109375
3 0.58125 0.6109375 0.040625 0.0125
3 0.415625 0.6109375 0.05625 0.0125
3 0.496875 0.759375 0.2 0.0109375
3 0.7453125 0.640625 0.0265625 0.0109375
3 0.496875 0.453125 0.3015625 0.0125
3 0.909375 0.640625 0.040625 0.0109375
3 0.7453125 0.6671875 0.0265625 0.0109375
3 0.665625 0.2453125 0.046875 0.0125
15 0.775 0.24375 0.109375 0.03125
3 0.775 0.2453125 0.084375 0.0125
3 0.8796875 0.2453125 0.0390625 0.0125
3 0.953125 0.2453125 0.046875 0.0140625
3 0.496875 0.3796875 0.021875 0.009375
3 0.4171875 0.6390625 0.0546875 0.0109375
3 0.7453125 0.696875 0.03125 0.009375
3 0.58125 0.6671875 0.040625 0.0109375
3 0.909375 0.66875 0.0359375 0.009375
3 0.4171875 0.66875 0.059375 0.0109375
3 0.4171875 0.696875 0.046875 0.0125
3 0.58125 0.6390625 0.0796875 0.0109375
3 0.16875 0.6421875 0.1109375 0.0125
3 0.7453125 0.725 0.046875 0.0109375
3 0.16875 0.6234375 0.303125 0.0125
3 0.58125 0.696875 0.05625 0.009375
27 0.121875 0.6765625 0.0125 0.0125
27 0.153125 0.6765625 0.0125 0.0109375
27 0.184375 0.6765625 0.0125 0.0125
27 0.2171875 0.675 0.0140625 0.0140625