27 0.696875 0.6640625 0.0140625 0.009375
27 0.6953125 0.63125 0.0125 0.0109375
27 0.371875 0.73125 0.0140625 0.009375
27 0.696875 0.7296875 0.0140625 0.009375
27 0.371875 0.696875 0.0125 0.009375
27 0.371875 0.6640625 0.0125 0.009375
27 0.046875 0.5984375 0.0125 0.009375
27 0.696875 0.696875 0.0140625 0.0109375
27 0.046875 0.696875 0.0140625 0.009375
27 0.046875 0.63125 0.0125 0.009375
27 0.371875 0.5984375 0.0125 0.009375
27 0.046875 0.6640625 0.0125 0.009375
27 0.371875 0.63125 0.0125 0.009375
27 0.696875 0.5984375 0.0125 0.009375
3 0.4984375 0.2203125 0.0453125 0.0140625
3 0.0625 0.4359375 0.0484375 0.0234375
15 0.4984375 0.5046875 0.2734375 0.0328125
15 0.825 0.50625 0.275 0.03125
3 0.76875 0.6296875 0.1140625 0.0125
3 0.765625 0.6625 0.10625 0.0125
3 0.7125 0.4359375 0.046875 0.0234375
15 0.175 0.5046875 0.275 0.034375
3 0.10625 0.6640625 0.0859375 0.0125
3 0.4421875 0.6640625 0.1125 0.0125
3 0.7625 0.596875 0.109375 0.0125
3 0.1234375 0.63125 0.128125 0.0125
3 0.3890625 0.4359375 0.0484375 0.0234375
3 0.45 0.6296875 0.134375 0.0125
3 0.1140625 0.4421875 0.0421875 0.0109375
3 0.8203125 0.696875 0.2234375 0.0140625
3 0.7625 0.4421875 0.04375 0.0109375
3 0.146875 0.696875 0.1734375 0.0125
3 0.4390625 0.4421875 0.0421875 0.0109375
3 0.7078125 0.396875 0.0453125 0.0125
3 0.4984375 0.246875 0.446875 0.028125
3 0.46875 0.696875 0.165625 0.0125
3 0.4953125 0.3109375 0.3578125 0.015625
3 0.4984375 0.2875 0.55 0.015625
3 0.390625 0.396875 0.059375 0.0125
3 0.4984375 0.5546875 0.2734375 0.03125
3 0.0921875 0.5984375 0.0609375 0.0125
3 0.0546875 0.396875 0.0359375 0.0125
3 0.4515625 0.7296875 0.13125 0.0125
3 0.4421875 0.4671875 0.171875 0.0140625
3 0.825 0.553125 0.2796875 0.0328125
3 0.1625 0.5546875 0.2515625 0.03125
3 0.775 0.7296875 0.1265625 0.0125
3 0.7671875 0.4671875 0.171875 0.0140625
3 0.1203125 0.46875 0.165625 0.0140625
3 0.4203125 0.5984375 0.06875 0.0125
3 0.1734375 0.50625 0.053125 0.015625
3 0.4984375 0.50625 0.0546875 0.0171875
3 0.821875 0.50625 0.0546875 0.0140625
23 0.3375 0.56875 0.0046875 0.403125
23 0.6609375 0.56875 0.0046875 0.4046875