16 0.4984375 0.5 0.996875 0.3390625
3 0.9140625 0.3671875 0.121875 0.0171875
3 0.8984375 0.5796875 0.0921875 0.0140625
15 0.8421875 0.6328125 0.0734375 0.034375
3 0.8421875 0.6328125 0.0359375 0.0109375
15 0.934375 0.6328125 0.0828125 0.034375
3 0.9328125 0.6328125 0.046875 0.0109375
18 0.959375 0.578125 0.0171875 0.0171875
38 0.7390625 0.415625 0.4734375 0.0375
38 0.7390625 0.4703125 0.4734375 0.0359375
38 0.7390625 0.525 0.4734375 0.0359375
38 0.246875 0.415625 0.471875 0.0359375
38 0.2453125 0.4703125 0.4734375 0.0359375
38 0.246875 0.525 0.4734375 0.0359375