5 0.046875 0.5 0.0921875 0.646875
3 0.1515625 0.19375 0.0609375 0.0203125
16 0.2203125 0.2734375 0.2 0.09375
3 0.1921875 0.25625 0.1 0.0125
3 0.20625 0.2859375 0.1296875 0.0203125
16 0.44375 0.2734375 0.2 0.0921875
3 0.4109375 0.25625 0.0921875 0.0125
3 0.421875 0.2859375 0.1125 0.01875
16 0.6671875 0.2734375 0.2015625 0.09375
3 0.6140625 0.25625 0.0515625 0.0125
3 0.625 0.2859375 0.0734375 0.0171875
16 0.8890625 0.2734375 0.2 0.09375
3 0.83125 0.25625 0.040625 0.0109375
3 0.8375 0.2859375 0.05 0.0171875
15 0.7328125 0.190625 0.1125 0.0265625
3 0.7421875 0.1921875 0.0703125 0.0109375
27 0.6953125 0.1921875 0.0125 0.0125
20 0.8953125 0.190625 0.1890625 0.025
16 0.2796875 0.4859375 0.3203125 0.2875
16 0.7265625 0.4859375 0.53125 0.290625
16 0.34375 0.7375 0.4515625 0.175
16 0.790625 0.7375 0.4 0.175
16 0.278125 0.5 0.2625 0.20625
3 0.1828125 0.3796875 0.0734375 0.0109375
3 0.278125 0.4296875 0.0390625 0.009375
3 0.278125 0.44375 0.0578125 0.009375
3 0.2109375 0.4859375 0.025 0.01875
3 0.2109375 0.5109375 0.0171875 0.009375
3 0.253125 0.4859375 0.025 0.01875
3 0.2984375 0.4859375 0.028125 0.01875
3 0.3453125 0.4859375 0.028125 0.01875
3 0.3453125 0.509375 0.01875 0.009375
3 0.2984375 0.509375 0.021875 0.009375
3 0.253125 0.509375 0.0296875 0.009375
3 0.2796875 0.5484375 0.1671875 0.015625
3 0.5109375 0.3828125 0.046875 0.0140625
3 0.53125 0.4109375 0.084375 0.0140625
3 0.609375 0.4109375 0.059375 0.0109375
20 0.8484375 0.38125 0.0609375 0.0234375
20 0.925 0.38125 0.075 0.0234375
34 0.725 0.521875 0.4828125 0.1859375
3 0.1921875 0.6859375 0.090625 0.009375
3 0.4 0.6875 0.1078125 0.0125
15 0.3390625 0.809375 0.384375 0.0265625
3 0.3390625 0.809375 0.034375 0.009375
20 0.2390625 0.715625 0.1859375 0.028125
20 0.4390625 0.7171875 0.184375 0.0296875
38 0.240625 0.7640625 0.1859375 0.028125
38 0.4390625 0.7640625 0.1859375 0.0265625
16 0.790625 0.7609375 0.3453125 0.1171875
23 0.790625 0.7625 0.34375 0.0046875
27 0.95625 0.6875 0.0125 0.003125
3 0.6515625 0.6890625 0.0671875 0.0125
3 0.6890625 0.725 0.0265625 0.0078125
3 0.7359375 0.725 0.0546875 0.0078125
3 0.690625 0.7421875 0.0296875 0.009375
3 0.684375 0.7828125 0.0203125 0.0078125
3 0.728125 0.7828125 0.0546875 0.0078125
3 0.690625 0.8015625 0.03125 0.0109375
28 0.6484375 0.7921875 0.025 0.0265625
28 0.6484375 0.7328125 0.025 0.025