3 0.7140625 0.815625 0.0578125 0.36875
3 0.6421875 0.6671875 0.0421875 0.665625
16 0.41875 0.571875 0.3234375 0.340625
3 0.5421875 0.6546875 0.03125 0.1296875
16 0.3765625 0.1921875 0.2390625 0.384375
3 0.4578125 0.296875 0.03125 0.14375
16 0.328125 0.8796875 0.140625 0.240625
3 0.359375 0.95625 0.021875 0.06875
3 0.278125 0.9125 0.0328125 0.15
3 0.3109375 0.915625 0.0140625 0.1484375
3 0.321875 0.6046875 0.034375 0.234375
3 0.2796875 0.5828125 0.03125 0.278125
3 0.278125 0.1828125 0.034375 0.365625
3 0.3109375 0.2703125 0.015625 0.1890625