3 0.1171875 0.2390625 0.2109375 0.0140625
10 0.5 0.1828125 1 0.04375
3 0.08125 0.18125 0.04375 0.009375
3 0.16875 0.18125 0.0921875 0.0109375
28 0.0265625 0.1796875 0.0296875 0.025
38 0.79375 0.18125 0.225 0.028125
27 0.9328125 0.18125 0.0125 0.0140625
11 0.971875 0.1796875 0.028125 0.0296875
37 0.503125 0.5578125 0.9921875 0.559375
3 0.121875 0.2578125 0.2171875 0.009375
3 0.0546875 0.2890625 0.078125 0.009375
3 0.140625 0.290625 0.065625 0.0109375
16 0.5 0.553125 0.9765625 0.4453125
3 0.0734375 0.3609375 0.0859375 0.015625
21 0.5 0.58125 0.9734375 0.3859375
15 0.9234375 0.359375 0.090625 0.0296875
3 0.9328125 0.359375 0.0484375 0.0078125
27 0.896875 0.359375 0.015625 0.0140625
15 0.9375 0.8140625 0.0625 0.025
15 0.071875 0.8140625 0.08125 0.0265625
3 0.0796875 0.8140625 0.040625 0.0109375
27 0.046875 0.8140625 0.0109375 0.0109375
30 0.50625 0.8140625 0.203125 0.0296875
3 0.9265625 0.8140625 0.0234375 0.009375
27 0.9515625 0.8140625 0.0125 0.0109375