3 0.1109375 0.3625 0.175 0.028125
3 0.1890625 0.3953125 0.3296875 0.0140625
16 0.1828125 0.5609375 0.3171875 0.184375
3 0.0640625 0.4921875 0.0515625 0.009375
19 0.134375 0.49375 0.0734375 0.015625
3 0.134375 0.49375 0.0625 0.009375
3 0.1609375 0.5203125 0.24375 0.0140625
3 0.178125 0.565625 0.28125 0.0609375
3 0.13125 0.63125 0.0953125 0.0125
3 0.1234375 0.6140625 0.0828125 0.0109375
16 0.5046875 0.5625 0.3171875 0.184375
3 0.3890625 0.4921875 0.059375 0.009375
19 0.459375 0.49375 0.065625 0.0171875
3 0.459375 0.49375 0.0546875 0.0078125
3 0.48125 0.51875 0.246875 0.0125
3 0.5 0.5578125 0.2828125 0.0453125
3 0.490625 0.63125 0.171875 0.0109375
3 0.440625 0.6140625 0.0734375 0.0109375
16 0.8265625 0.5625 0.3171875 0.1828125
3 0.7109375 0.4921875 0.0609375 0.009375
19 0.78125 0.49375 0.0703125 0.015625
3 0.78125 0.49375 0.05625 0.009375
3 0.7828125 0.5203125 0.2015625 0.0140625
3 0.8015625 0.559375 0.2421875 0.0453125
3 0.8265625 0.6328125 0.2015625 0.0125
3 0.7609375 0.615625 0.0703125 0.0125
11 0.6984375 0.6203125 0.0328125 0.03125
11 0.3765625 0.6203125 0.0328125 0.0328125
11 0.0546875 0.621875 0.03125 0.0328125