16 0.503125 0.88125 0.1234375 0.228125
3 0.5421875 0.9375 0.0125 0.0859375
16 0.503125 0.6359375 0.1234375 0.2296875
3 0.54375 0.6875 0.0125 0.1
16 0.503125 0.390625 0.1234375 0.228125
3 0.54375 0.453125 0.0125 0.075
16 0.503125 0.14375 0.1234375 0.228125
3 0.54375 0.2046875 0.0140625 0.0796875
3 0.49375 0.934375 0.03125 0.0921875
3 0.4953125 0.6953125 0.0265625 0.0765625
3 0.4953125 0.19375 0.0265625 0.0953125
3 0.49375 0.4390625 0.0265625 0.096875
3 0.5 0.8015625 0.0109375 0.0328125
3 0.5 0.553125 0.0109375 0.0296875
3 0.5 0.3046875 0.0109375 0.0265625
3 0.5 0.059375 0.0109375 0.034375
19 0.5453125 0.8 0.01875 0.0359375
3 0.5453125 0.8015625 0.009375 0.01875
19 0.5453125 0.0640625 0.01875 0.040625
3 0.5453125 0.065625 0.009375 0.0296875
19 0.5453125 0.559375 0.01875 0.0453125
3 0.5453125 0.559375 0.009375 0.0328125
19 0.5453125 0.315625 0.0171875 0.0484375
3 0.5453125 0.315625 0.009375 0.0359375
27 0.484375 0.790625 0.009375 0.0078125
27 0.484375 0.2984375 0.0078125 0.0078125
27 0.4859375 0.0515625 0.0078125 0.0078125
27 0.484375 0.54375 0.009375 0.009375
31 0.459375 0.8828125 0.0046875 0.1953125
31 0.459375 0.3890625 0.0046875 0.196875
31 0.459375 0.6359375 0.0046875 0.2
31 0.459375 0.140625 0.0046875 0.2015625