28 0.5 0.746875 0.65 0.50625
3 0.7984375 0.146875 0.0296875 0.2453125
3 0.75 0.2140625 0.034375 0.384375
3 0.3703125 0.0890625 0.0140625 0.103125
3 0.3421875 0.1 0.0125 0.09375
3 0.31875 0.0890625 0.0140625 0.0734375
3 0.296875 0.09375 0.0140625 0.08125
3 0.2734375 0.075 0.0125 0.046875
15 0.2109375 0.39375 0.03125 0.0984375
3 0.2109375 0.39375 0.0109375 0.0703125
23 0.24375 0.2328125 0.003125 0.41875
38 0.7015625 0.1234375 0.034375 0.2
38 0.7015625 0.3421875 0.034375 0.2
38 0.65 0.2328125 0.034375 0.41875
38 0.5984375 0.2328125 0.034375 0.41875
38 0.546875 0.2328125 0.034375 0.41875
39 0.45625 0.2328125 0.1125 0.41875
32 0.34375 0.040625 0.0171875 0.0171875
32 0.3203125 0.040625 0.0171875 0.0171875
32 0.296875 0.040625 0.0171875 0.0171875
32 0.2734375 0.040625 0.0171875 0.0171875