37 0.75 0.5125 0.4875 0.1421875
37 0.2515625 0.5125 0.4875 0.1421875
3 0.0421875 0.453125 0.0453125 0.009375
3 0.1078125 0.453125 0.04375 0.009375
3 0.1796875 0.4515625 0.053125 0.009375
3 0.071875 0.4171875 0.1265625 0.015625
3 0.0609375 0.4859375 0.078125 0.0109375
3 0.246875 0.5203125 0.446875 0.021875
3 0.75 0.4859375 0.078125 0.0140625
3 0.678125 0.453125 0.04375 0.0109375
3 0.74375 0.453125 0.0453125 0.009375
3 0.8171875 0.453125 0.0546875 0.0109375
3 0.75 0.5140625 0.446875 0.0078125
3 0.75 0.5265625 0.0328125 0.0109375
15 0.75 0.5578125 0.0734375 0.0234375
3 0.75 0.5578125 0.05 0.00625
15 0.0578125 0.5578125 0.071875 0.0234375
3 0.0578125 0.5578125 0.05 0.0078125