28 0.0078125 0.79375 0.0140625 0.0265625
3 0.3875 0.7921875 0.059375 0.0125
3 0.4875 0.7921875 0.0546875 0.0125
3 0.5765625 0.79375 0.0375 0.0125
3 0.6625 0.7921875 0.05 0.0109375
15 0.521875 0.5765625 0.3609375 0.0296875
3 0.46875 0.5765625 0.234375 0.0140625
3 0.6 0.578125 0.0234375 0.009375
3 0.653125 0.5765625 0.0765625 0.0109375
3 0.5234375 0.5125 0.434375 0.05
3 0.521875 0.4640625 0.3609375 0.0421875
3 0.521875 0.3859375 0.4734375 0.0125
3 0.5203125 0.40625 0.5390625 0.0140625
15 0.578125 0.325 0.121875 0.034375
3 0.56875 0.325 0.0734375 0.0125
15 0.4546875 0.325 0.1015625 0.0328125
3 0.4546875 0.325 0.071875 0.0109375
27 0.6203125 0.3265625 0.009375 0.009375