16 0.5078125 0.49375 0.565625 0.9875
3 0.7375 0.865625 0.0234375 0.0625
16 0.5140625 0.2609375 0.484375 0.44375
3 0.6953125 0.365625 0.0203125 0.125
3 0.6953125 0.103125 0.0203125 0.05
3 0.6140625 0.1046875 0.0171875 0.0453125
3 0.53125 0.1046875 0.01875 0.0453125
3 0.45 0.103125 0.01875 0.04375
3 0.45 0.378125 0.01875 0.0984375
16 0.3515625 0.2484375 0.1125 0.396875
3 0.375 0.378125 0.0203125 0.0890625
3 0.375 0.265625 0.0203125 0.06875
3 0.375 0.1734375 0.01875 0.0421875
3 0.3390625 0.3734375 0.01875 0.0140625
3 0.3390625 0.2484375 0.0203125 0.015625
3 0.3375 0.146875 0.01875 0.0140625
3 0.4484375 0.3 0.0140625 0.0203125
3 0.53125 0.209375 0.015625 0.021875
3 0.5296875 0.3328125 0.021875 0.1875
3 0.6125 0.3765625 0.0203125 0.103125
3 0.6140625 0.2953125 0.015625 0.0203125
3 0.696875 0.2734375 0.015625 0.0203125
27 0.696875 0.440625 0.0140625 0.0140625
27 0.6140625 0.440625 0.0140625 0.015625
27 0.53125 0.440625 0.0140625 0.015625
27 0.45 0.440625 0.0140625 0.0125
27 0.3390625 0.4046875 0.0296875 0.0296875
27 0.3390625 0.28125 0.0296875 0.028125
27 0.3390625 0.178125 0.03125 0.028125
27 0.7375 0.921875 0.0296875 0.0296875
23 0.6609375 0.2640625 0.00625 0.3671875
23 0.5796875 0.2640625 0.0046875 0.365625
23 0.496875 0.2640625 0.00625 0.3671875
1 0.478125 0.7328125 0.415625 0.4140625
3 0.4328125 0.7328125 0.021875 0.13125
3 0.4953125 0.7359375 0.084375 0.1921875