22 0.5 0.496875 0.4546875 0.3203125
3 0.6734375 0.628125 0.0796875 0.0203125
38 0.5 0.5625 0.41875 0.0359375
3 0.684375 0.5890625 0.0328125 0.0125
38 0.571875 0.49375 0.2734375 0.034375
3 0.6875 0.521875 0.025 0.0109375
38 0.5734375 0.428125 0.2734375 0.034375
3 0.678125 0.453125 0.04375 0.0125
15 0.3953125 0.371875 0.065625 0.0328125
3 0.3953125 0.371875 0.0421875 0.0125
15 0.3234375 0.371875 0.0640625 0.0328125
3 0.3234375 0.3703125 0.0265625 0.0125
27 0.3 0.63125 0.0140625 0.015625
20 0.3578125 0.4953125 0.1359375 0.034375
20 0.3578125 0.4265625 0.134375 0.0359375