27 0.2921875 0.03125 0.040625 0.03125
27 0.646875 0.03125 0.03125 0.0296875
27 0.70625 0.0328125 0.021875 0.0234375
16 0.496875 0.53125 0.465625 0.9078125
27 0.678125 0.13125 0.0265625 0.0296875
3 0.40625 0.1328125 0.21875 0.0296875
3 0.3546875 0.2265625 0.075 0.021875
3 0.5984375 0.2234375 0.1484375 0.025
3 0.6234375 0.415625 0.0921875 0.0375
3 0.3671875 0.4140625 0.0859375 0.0375
3 0.3578125 0.5515625 0.075 0.0234375
3 0.5984375 0.5515625 0.1484375 0.0234375
3 0.38125 0.728125 0.121875 0.040625
3 0.6125 0.728125 0.1140625 0.0421875
15 0.496875 0.9140625 0.39375 0.0640625
3 0.496875 0.9140625 0.1296875 0.0234375
27 0.4953125 0.4875 0.0328125 0.0265625
27 0.45625 0.728125 0.015625 0.0078125
27 0.4265625 0.4140625 0.0171875 0.009375
28 0.496875 0.3234375 0.0828125 0.084375
28 0.4984375 0.6375 0.0859375 0.0859375