22 0.4875 0.49375 0.7625 0.5671875
3 0.8140625 0.75 0.0703125 0.0140625
27 0.134375 0.75 0.0109375 0.0125
38 0.6734375 0.7046875 0.353125 0.03125
16 0.7609375 0.5859375 0.178125 0.184375
16 0.5796875 0.5859375 0.1765625 0.184375
16 0.396875 0.5859375 0.1765625 0.184375
16 0.2140625 0.5859375 0.175 0.1828125
16 0.1140625 0.5859375 0.0109375 0.184375
16 0.1140625 0.3984375 0.0109375 0.1828125
16 0.2140625 0.3984375 0.1765625 0.184375
16 0.396875 0.396875 0.1765625 0.184375
16 0.578125 0.3984375 0.178125 0.184375
16 0.7609375 0.396875 0.178125 0.184375
28 0.7625 0.6265625 0.11875 0.075
28 0.58125 0.6234375 0.121875 0.09375
28 0.396875 0.628125 0.0875 0.0875
28 0.7609375 0.4375 0.0875 0.0875
28 0.58125 0.4359375 0.1109375 0.0625
28 0.3984375 0.4390625 0.0984375 0.0859375
28 0.215625 0.4421875 0.1296875 0.0734375
28 0.2140625 0.625 0.125 0.0765625
3 0.80625 0.5625 0.0703125 0.0109375
3 0.6984375 0.5625 0.0296875 0.0125
3 0.7625 0.54375 0.1609375 0.0078125
3 0.8296875 0.5265625 0.0234375 0.0078125
3 0.790625 0.5125 0.1 0.0078125
3 0.7859375 0.5265625 0.040625 0.0078125
3 0.74375 0.5265625 0.0203125 0.009375
3 0.7109375 0.5265625 0.025 0.0078125
3 0.7265625 0.5125 0.0078125 0.0046875
3 0.6140625 0.5625 0.0875 0.009375
3 0.51875 0.5625 0.034375 0.0109375
3 0.578125 0.5453125 0.159375 0.0078125
3 0.646875 0.5265625 0.0234375 0.0078125
3 0.6046875 0.528125 0.0390625 0.00625
3 0.5609375 0.5265625 0.0203125 0.0078125
3 0.528125 0.5265625 0.0234375 0.0078125
3 0.6078125 0.5125 0.1 0.0078125
3 0.54375 0.5140625 0.0078125 0.00625
3 0.4421875 0.5625 0.065625 0.009375
3 0.3328125 0.5625 0.0296875 0.0125
3 0.3953125 0.54375 0.159375 0.0078125
3 0.4640625 0.528125 0.0234375 0.0078125
3 0.4203125 0.5265625 0.040625 0.0078125
3 0.3796875 0.5265625 0.01875 0.0078125
3 0.3453125 0.528125 0.0234375 0.0078125
3 0.3609375 0.5125 0.0078125 0.0046875
3 0.425 0.5125 0.1 0.00625
3 0.259375 0.5625 0.0671875 0.009375
3 0.2125 0.5453125 0.159375 0.00625
3 0.153125 0.5625 0.034375 0.0109375
3 0.28125 0.5265625 0.0234375 0.0078125
3 0.2390625 0.5265625 0.040625 0.0078125
3 0.196875 0.5265625 0.01875 0.0078125
3 0.1625 0.5265625 0.025 0.0078125
3 0.2421875 0.5125 0.1 0.0078125
3 0.178125 0.5140625 0.009375 0.00625
3 0.15 0.3734375 0.03125 0.0109375
3 0.265625 0.3734375 0.05625 0.009375
3 0.2140625 0.35625 0.159375 0.00625
3 0.2828125 0.3375 0.021875 0.00625
3 0.2421875 0.3234375 0.1015625 0.0078125
3 0.178125 0.325 0.0078125 0.0046875
3 0.2375 0.3375 0.040625 0.0078125
3 0.196875 0.3375 0.01875 0.009375
3 0.1625 0.3375 0.0234375 0.00625
3 0.3328125 0.3734375 0.0296875 0.0109375
3 0.440625 0.3734375 0.0703125 0.0078125
3 0.396875 0.35625 0.159375 0.0078125
3 0.3453125 0.3375 0.0234375 0.00625
3 0.3609375 0.325 0.009375 0.00625
3 0.425 0.3234375 0.1 0.0078125
3 0.3796875 0.3375 0.01875 0.0078125
3 0.4203125 0.3375 0.0390625 0.0078125
3 0.4640625 0.3375 0.021875 0.0078125
3 0.60625 0.3734375 0.103125 0.009375
3 0.515625 0.3734375 0.0296875 0.0109375
3 0.5796875 0.35625 0.1609375 0.0078125
3 0.646875 0.3375 0.021875 0.00625
3 0.603125 0.3375 0.0390625 0.0078125
3 0.5609375 0.3375 0.021875 0.0078125
3 0.5265625 0.3375 0.025 0.0078125
3 0.6078125 0.3234375 0.1015625 0.0078125
3 0.54375 0.325 0.009375 0.00625
3 0.80625 0.3734375 0.06875 0.009375
3 0.7015625 0.3734375 0.0375 0.009375
3 0.7609375 0.3546875 0.159375 0.00625
3 0.7109375 0.3375 0.0234375 0.00625
3 0.7265625 0.3234375 0.0078125 0.0046875
3 0.7453125 0.3375 0.0203125 0.009375
3 0.7859375 0.3375 0.0390625 0.00625
3 0.8296875 0.3390625 0.021875 0.00625
3 0.790625 0.3234375 0.1 0.0078125
27 0.6859375 0.665625 0.0140625 0.0140625
27 0.503125 0.4765625 0.0140625 0.0140625
27 0.31875 0.665625 0.0140625 0.0140625
27 0.1375 0.4765625 0.0140625 0.0140625
15 0.7796875 0.24375 0.140625 0.03125
27 0.8296875 0.24375 0.009375 0.009375
3 0.7703125 0.24375 0.0859375 0.0109375
15 0.1703125 0.2453125 0.090625 0.03125
3 0.1703125 0.24375 0.034375 0.0078125