16 0.4984375 0.8671875 0.140625 0.23125
3 0.525 0.875 0.0109375 0.1125
16 0.4984375 0.3734375 0.140625 0.23125
3 0.525 0.3828125 0.0125 0.109375
16 0.4984375 0.621875 0.140625 0.2328125
3 0.525 0.6359375 0.0109375 0.0953125
16 0.5 0.1265625 0.140625 0.23125
3 0.525 0.1421875 0.0109375 0.09375
3 0.4640625 0.9203125 0.0109375 0.0984375
3 0.4640625 0.1828125 0.009375 0.090625
3 0.5453125 0.9078125 0.015625 0.0453125
3 0.546875 0.1625 0.0140625 0.05625
3 0.546875 0.4140625 0.0140625 0.0453125
3 0.465625 0.321875 0.0125 0.0953125
3 0.546875 0.659375 0.0140625 0.0453125
3 0.465625 0.5671875 0.0125 0.0953125
3 0.4640625 0.05625 0.0125 0.0625
3 0.4640625 0.7984375 0.0125 0.0609375
3 0.4640625 0.7015625 0.009375 0.0328125
3 0.4640625 0.4515625 0.009375 0.046875
27 0.5359375 0.7875 0.0140625 0.0046875
27 0.5359375 0.540625 0.0140625 0.0046875
27 0.5359375 0.0453125 0.0140625 0.0046875
27 0.5359375 0.2921875 0.0140625 0.003125
31 0.44375 0.86875 0.00625 0.203125
31 0.44375 0.3734375 0.0046875 0.2046875
31 0.44375 0.621875 0.0046875 0.2046875
31 0.44375 0.1265625 0.0046875 0.2078125
28 0.5359375 0.9515625 0.0328125 0.0328125
28 0.5359375 0.2109375 0.0328125 0.0328125
28 0.5359375 0.7046875 0.0328125 0.0328125
28 0.5359375 0.4578125 0.0328125 0.0328125