16 0.2515625 0.375 0.4875 0.140625
16 0.75 0.378125 0.4875 0.1484375
16 0.6671875 0.553125 0.65625 0.1828125
16 0.16875 0.578125 0.3203125 0.234375
28 0.059375 0.3734375 0.0765625 0.1
28 0.16875 0.5171875 0.3171875 0.1046875
28 0.93125 0.378125 0.1015625 0.1015625
33 0.56875 0.359375 0.090625 0.0125
3 0.6609375 0.359375 0.075 0.009375
3 0.571875 0.328125 0.1015625 0.009375
3 0.6796875 0.3953125 0.3171875 0.021875
3 0.5390625 0.43125 0.0375 0.009375
3 0.59375 0.4328125 0.034375 0.0078125
3 0.825 0.5171875 0.0078125 0.0109375
3 0.8484375 0.515625 0.0390625 0.0171875
3 0.88125 0.5171875 0.0203125 0.0078125
3 0.85625 0.54375 0.0671875 0.0078125
3 0.85625 0.55625 0.078125 0.0078125
15 0.85625 0.6 0.078125 0.021875
3 0.85625 0.6 0.0546875 0.00625
3 0.6625 0.590625 0.0765625 0.0078125
3 0.665625 0.6171875 0.084375 0.009375
27 0.6109375 0.590625 0.0109375 0.0109375
27 0.6109375 0.6171875 0.0125 0.00625
27 0.3609375 0.590625 0.0109375 0.0109375
27 0.3609375 0.6171875 0.0125 0.0125
27 0.4765625 0.425 0.0109375 0.0109375
27 0.1296875 0.425 0.0109375 0.009375
3 0.3984375 0.5921875 0.0484375 0.0109375
3 0.3984375 0.6171875 0.0515625 0.0109375
3 0.528125 0.53125 0.3484375 0.0484375
3 0.4078125 0.4859375 0.10625 0.0125
3 0.1484375 0.39375 0.0515625 0.0109375
3 0.296875 0.3625 0.346875 0.021875
3 0.1703125 0.328125 0.096875 0.0125
3 0.053125 0.590625 0.0609375 0.0109375
3 0.0390625 0.61875 0.0375 0.0109375
3 0.1671875 0.6484375 0.2890625 0.0234375
15 0.16875 0.684375 0.3203125 0.021875
3 0.16875 0.684375 0.0515625 0.009375
23 0.53125 0.5703125 0.353125 0.0015625
23 0.5140625 0.6046875 0.0015625 0.03125