17 0.2296875 0.5 0.4578125 0.5015625
16 0.8203125 0.5328125 0.290625 0.4140625
3 0.884375 0.703125 0.1171875 0.015625
3 0.8890625 0.684375 0.109375 0.009375
3 0.715625 0.7046875 0.0359375 0.0109375
28 0.746875 0.70625 0.015625 0.0203125
15 0.8203125 0.6484375 0.2453125 0.0234375
27 0.8609375 0.6484375 0.0140625 0.0125
3 0.8109375 0.646875 0.075 0.009375
23 0.9015625 0.6046875 0.084375 0.0015625
23 0.740625 0.6046875 0.084375 0.0015625
15 0.8203125 0.6046875 0.0609375 0.0171875
3 0.81875 0.6046875 0.009375 0.00625
3 0.8203125 0.5671875 0.1 0.009375
38 0.8203125 0.528125 0.24375 0.0375
38 0.8203125 0.4734375 0.2453125 0.0375
3 0.8890625 0.4359375 0.0671875 0.0078125
3 0.7328125 0.434375 0.0703125 0.009375
15 0.8203125 0.4015625 0.2453125 0.028125
3 0.8203125 0.4015625 0.03125 0.009375
3 0.7484375 0.359375 0.090625 0.0078125
18 0.934375 0.434375 0.0109375 0.0109375
23 0.8203125 0.375 0.2453125 0.0015625