27 0.2875 0.0265625 0.01875 0.0171875
3 0.3875 0.0296875 0.1515625 0.0234375
12 0.696875 0.0265625 0.0203125 0.021875
16 0.4390625 0.1953125 0.321875 0.1921875
3 0.334375 0.11875 0.06875 0.0171875
3 0.528125 0.11875 0.0984375 0.0171875
16 0.6828125 0.19375 0.1171875 0.196875
3 0.68125 0.1171875 0.065625 0.01875
17 0.4390625 0.215625 0.2984375 0.1328125
23 0.4390625 0.1390625 0.28125 0.0046875
17 0.690625 0.215625 0.1 0.128125
23 0.69375 0.1390625 0.0953125 0.0046875
3 0.328125 0.3328125 0.09375 0.01875
3 0.6546875 0.3328125 0.0828125 0.0171875
27 0.709375 0.3328125 0.015625 0.009375
27 0.5953125 0.3328125 0.0140625 0.015625
16 0.5015625 0.509375 0.44375 0.2859375
27 0.4625 0.3859375 0.01875 0.009375
3 0.371875 0.3890625 0.14375 0.01875
0 0.5 0.525 0.4078125 0.221875
3 0.3796875 0.69375 0.1984375 0.0203125
16 0.5015625 0.8625 0.4453125 0.2734375
3 0.4421875 0.7609375 0.1265625 0.0171875
3 0.646875 0.7625 0.0734375 0.01875
3 0.64375 0.784375 0.08125 0.0125
3 0.6453125 0.840625 0.071875 0.01875
3 0.64375 0.8625 0.0796875 0.0140625
3 0.425 0.784375 0.09375 0.0125
3 0.434375 0.8390625 0.1125 0.015625
3 0.425 0.8640625 0.09375 0.0140625
3 0.440625 0.91875 0.1234375 0.015625
3 0.425 0.94375 0.09375 0.0125
3 0.6453125 0.94375 0.08125 0.0125
3 0.6453125 0.921875 0.0734375 0.0171875
3 0.434375 0.9953125 0.1140625 0.009375
3 0.6453125 0.9953125 0.071875 0.009375
3 0.684375 0.6921875 0.021875 0.0140625
27 0.709375 0.6921875 0.0140625 0.00625
27 0.6578125 0.6921875 0.015625 0.015625
27 0.3328125 0.7703125 0.0265625 0.0234375
27 0.3328125 0.8484375 0.025 0.0265625
27 0.3328125 0.9296875 0.025 0.025
27 0.3375 0.996875 0.0171875 0.0046875
27 0.584375 0.775 0.01875 0.0140625
27 0.5828125 0.8515625 0.0171875 0.0140625
27 0.584375 0.9328125 0.0171875 0.0140625
27 0.5828125 0.9953125 0.0171875 0.009375
23 0.5 0.809375 0.378125 0.003125
23 0.5 0.8890625 0.375 0.0046875
23 0.4984375 0.9671875 0.3765625 0.003125