5 0.0859375 0.5 0.171875 0.61875
10 0.5875 0.2140625 0.825 0.0453125
3 0.2640625 0.2078125 0.1359375 0.021875
23 0.815625 0.2140625 0.0046875 0.0453125
3 0.9640625 0.215625 0.0625 0.009375
3 0.965625 0.2015625 0.06875 0.009375
15 0.934375 0.2765625 0.1296875 0.0328125
3 0.95 0.2765625 0.0875 0.009375
16 0.871875 0.4171875 0.25625 0.2046875
3 0.8203125 0.459375 0.1296875 0.0109375
3 0.9859375 0.4578125 0.0140625 0.009375
3 0.8625 0.48125 0.1703125 0.0109375
3 0.8109375 0.503125 0.0671875 0.0109375
16 0.6015625 0.4171875 0.2625 0.20625
3 0.7125 0.4578125 0.015625 0.009375
3 0.51875 0.459375 0.0734375 0.0109375
3 0.5859375 0.48125 0.165625 0.009375
3 0.5359375 0.503125 0.0640625 0.0109375
16 0.328125 0.4171875 0.2625 0.20625
3 0.4390625 0.4578125 0.015625 0.009375
3 0.2640625 0.459375 0.109375 0.0109375
3 0.2890625 0.48125 0.115625 0.009375
3 0.2625 0.503125 0.0640625 0.009375
27 0.2171875 0.48125 0.0125 0.0125
27 0.2171875 0.503125 0.0140625 0.0109375
27 0.4203125 0.4578125 0.0109375 0.0109375
27 0.490625 0.48125 0.0125 0.0125
27 0.490625 0.503125 0.015625 0.0109375
27 0.69375 0.4578125 0.0109375 0.0109375
27 0.7640625 0.48125 0.0125 0.0125
27 0.7640625 0.503125 0.0140625 0.0109375
27 0.9671875 0.4578125 0.0109375 0.0109375
27 0.4375 0.3359375 0.009375 0.0125
27 0.7109375 0.3359375 0.0109375 0.0109375
27 0.984375 0.3359375 0.009375 0.0109375
27 0.890625 0.2765625 0.0109375 0.0109375
38 0.296875 0.275 0.2 0.034375
16 0.328125 0.6328125 0.2625 0.20625
3 0.2453125 0.675 0.0703125 0.0109375
3 0.3 0.696875 0.1390625 0.0109375
3 0.2625 0.71875 0.0640625 0.0109375
27 0.421875 0.675 0.0125 0.0109375
3 0.4390625 0.6734375 0.015625 0.0109375
16 0.6015625 0.6328125 0.2625 0.20625
3 0.540625 0.6734375 0.1140625 0.0109375
3 0.5546875 0.696875 0.1 0.009375
3 0.5359375 0.71875 0.0640625 0.0109375
27 0.69375 0.675 0.0109375 0.0109375
3 0.7125 0.6734375 0.015625 0.0109375
16 0.871875 0.6328125 0.25625 0.2046875
3 0.803125 0.675 0.0953125 0.0109375
27 0.96875 0.6734375 0.0109375 0.0125
3 0.9859375 0.6734375 0.015625 0.009375
3 0.8625 0.6984375 0.171875 0.009375
3 0.8109375 0.71875 0.06875 0.0109375
27 0.2171875 0.696875 0.0125 0.0125
27 0.2171875 0.7171875 0.0140625 0.0125
27 0.490625 0.696875 0.0125 0.0109375
27 0.490625 0.71875 0.0140625 0.0125
27 0.7640625 0.696875 0.0125 0.0125
27 0.7640625 0.7171875 0.0140625 0.0125
27 0.984375 0.5515625 0.009375 0.0125
27 0.7109375 0.5515625 0.0109375 0.0109375
27 0.4375 0.5515625 0.009375 0.0109375
16 0.328125 0.7765625 0.2625 0.0640625
27 0.4375 0.7671875 0.009375 0.0125
16 0.6015625 0.7765625 0.2609375 0.0640625
27 0.7109375 0.7671875 0.009375 0.0109375
16 0.871875 0.778125 0.2546875 0.0640625
27 0.984375 0.7671875 0.009375 0.0109375
12 0.8515625 0.2078125 0.0125 0.015625
3 0.903125 0.20625 0.0140625 0.0078125