16 0.4953125 0.465625 0.9890625 0.903125
3 0.059375 0.246875 0.03125 0.25
20 0.2484375 0.4640625 0.0953125 0.7890625
3 0.1796875 0.109375 0.0328125 0.078125
20 0.403125 0.4640625 0.09375 0.784375
3 0.334375 0.1109375 0.0265625 0.0875
3 0.4859375 0.1765625 0.034375 0.2234375
19 0.5578125 0.1390625 0.0625 0.1359375
3 0.55625 0.1390625 0.0265625 0.0734375
19 0.5578125 0.3 0.0625 0.1546875
3 0.5578125 0.2984375 0.03125 0.09375
19 0.5578125 0.46875 0.0640625 0.1578125
3 0.5578125 0.4671875 0.025 0.0984375
19 0.5578125 0.6421875 0.0640625 0.159375
3 0.5578125 0.6421875 0.0265625 0.0984375
3 0.6359375 0.446875 0.0328125 0.2375
29 0.7578125 0.259375 0.0953125 0.38125
3 0.6890625 0.140625 0.028125 0.1453125
29 0.759375 0.6671875 0.09375 0.38125
3 0.6890625 0.5390625 0.028125 0.128125
3 0.9171875 0.15 0.0296875 0.1640625
15 0.915625 0.5015625 0.078125 0.2296875
3 0.91875 0.4984375 0.0265625 0.153125
15 0.9171875 0.7421875 0.0765625 0.2296875
3 0.9171875 0.7421875 0.025 0.0796875
23 0.8484375 0.465625 0.0140625 0.9015625
23 0.1234375 0.465625 0.0125 0.9015625
27 0.05625 0.09375 0.0421875 0.040625
23 0.6328125 0.19375 0.0078125 0.24375
23 0.6328125 0.7 0.00625 0.246875