10 0.5 0.25 1 0.0515625
3 0.4828125 0.2390625 0.05625 0.0125
3 0.4796875 0.4203125 0.2828125 0.0421875
26 0.5 0.6625 1 0.2265625
3 0.390625 0.6 0.0671875 0.0125
3 0.56875 0.6015625 0.0546875 0.0140625
3 0.925 0.6015625 0.0390625 0.0140625
3 0.5734375 0.2390625 0.0703125 0.0125
3 0.746875 0.6015625 0.0640625 0.0140625
3 0.925 0.6359375 0.0359375 0.0125
3 0.746875 0.6359375 0.0375 0.0109375
3 0.56875 0.6359375 0.04375 0.0125
3 0.390625 0.6359375 0.0609375 0.0125
3 0.746875 0.6671875 0.028125 0.0125
3 0.478125 0.4640625 0.328125 0.0125
3 0.925 0.6671875 0.04375 0.0125
3 0.746875 0.6984375 0.028125 0.0109375
3 0.6625 0.2390625 0.0515625 0.0140625
15 0.7796875 0.2390625 0.11875 0.03125
3 0.78125 0.2390625 0.090625 0.0125
3 0.89375 0.2390625 0.0421875 0.0125
3 0.975 0.2390625 0.05 0.015625
3 0.478125 0.3859375 0.025 0.009375
3 0.390625 0.6671875 0.059375 0.0125
3 0.7484375 0.7296875 0.034375 0.0109375
3 0.5703125 0.696875 0.0453125 0.0109375
3 0.9265625 0.6984375 0.0390625 0.0109375
3 0.3921875 0.6984375 0.065625 0.0109375
3 0.390625 0.7296875 0.0515625 0.0125
3 0.5703125 0.6671875 0.0859375 0.0125
3 0.121875 0.66875 0.1203125 0.0140625
3 0.7484375 0.759375 0.05 0.0109375
3 0.14375 0.6484375 0.2859375 0.0125
3 0.56875 0.7296875 0.0609375 0.0109375
27 0.071875 0.70625 0.0140625 0.0140625
27 0.10625 0.70625 0.0125 0.0125
27 0.1390625 0.70625 0.0140625 0.0140625
27 0.1734375 0.70625 0.0140625 0.0140625