16 0.7765625 0.503125 0.3875 0.3171875
3 0.6609375 0.3703125 0.128125 0.01875
3 0.6234375 0.4171875 0.053125 0.0125
3 0.93125 0.4171875 0.0421875 0.0140625
3 0.934375 0.4671875 0.034375 0.015625
3 0.9359375 0.5171875 0.034375 0.0140625
3 0.9265625 0.5671875 0.053125 0.0140625
3 0.6546875 0.46875 0.1140625 0.0140625
3 0.6375 0.5171875 0.0828125 0.0140625
3 0.6328125 0.5671875 0.071875 0.0125
15 0.775 0.6265625 0.35625 0.040625
3 0.7765625 0.6265625 0.0703125 0.0125
23 0.775 0.4421875 0.35625 0.003125
23 0.775 0.4921875 0.3546875 0.003125
23 0.775 0.5421875 0.3546875 0.003125
23 0.2765625 0.5515625 0.553125 0.0046875
20 0.4234375 0.3640625 0.065625 0.0375
20 0.41875 0.5984375 0.065625 0.0375
27 0.54375 0.5890625 0.0125 0.0125
27 0.54375 0.35625 0.0125 0.0140625
27 0.2015625 0.50625 0.0171875 0.0125
27 0.2015625 0.7390625 0.0171875 0.0140625
3 0.246875 0.7390625 0.0515625 0.0125
3 0.2078125 0.634375 0.0515625 0.0125
3 0.221875 0.6125 0.078125 0.0125
3 0.24375 0.5921875 0.1203125 0.0140625
3 0.246875 0.50625 0.0515625 0.0109375
3 0.2078125 0.4015625 0.0515625 0.0125
3 0.2265625 0.3796875 0.0890625 0.0140625
3 0.246875 0.3578125 0.128125 0.0140625
3 0.1328125 0.2953125 0.265625 0.04375
28 0.0859375 0.4359375 0.1703125 0.1796875
28 0.0859375 0.6640625 0.1703125 0.16875