10 0.5 0.1609375 1 0.0453125
28 0.14375 0.1546875 0.0171875 0.021875
3 0.175 0.1578125 0.0390625 0.0109375
15 0.621875 0.1578125 0.0484375 0.025
3 0.6234375 0.15625 0.0265625 0.009375
3 0.6828125 0.15625 0.04375 0.009375
3 0.7625 0.1578125 0.0625 0.0078125
15 0.8484375 0.1578125 0.0796875 0.0234375
3 0.85 0.1578125 0.059375 0.0078125
3 0.5125 0.2671875 0.44375 0.0203125
17 0.509375 0.38125 0.9703125 0.1328125
3 0.484375 0.2953125 0.3 0.0109375
16 0.0921875 0.36875 0.1171875 0.0921875
16 0.303125 0.3671875 0.1171875 0.0921875
16 0.5125 0.36875 0.115625 0.090625
16 0.721875 0.36875 0.115625 0.090625
3 0.6625 0.2953125 0.053125 0.0109375
3 0.7203125 0.3828125 0.0546875 0.0125
3 0.5125 0.3828125 0.05 0.0125
28 0.5125 0.35625 0.03125 0.0265625
28 0.7203125 0.3578125 0.0703125 0.021875
28 0.3015625 0.3578125 0.025 0.0265625
28 0.090625 0.3578125 0.03125 0.015625
3 0.0921875 0.3828125 0.025 0.0109375
3 0.3015625 0.384375 0.0421875 0.0109375
19 0.303125 0.4125 0.0484375 0.0125
3 0.3015625 0.4125 0.0375 0.0046875
16 0.93125 0.36875 0.11875 0.09375
3 0.93125 0.384375 0.0390625 0.0140625
28 0.93125 0.35625 0.0234375 0.028125
26 0.5 0.690625 1 0.3453125
3 0.1625 0.6015625 0.05625 0.0109375
3 0.253125 0.6578125 0.2390625 0.0640625
3 0.403125 0.6015625 0.021875 0.009375
3 0.4015625 0.63125 0.0171875 0.009375
3 0.4234375 0.65625 0.0625 0.0078125
3 0.415625 0.6828125 0.0453125 0.009375
3 0.4078125 0.7078125 0.0328125 0.009375
3 0.5453125 0.6015625 0.05 0.0125
3 0.534375 0.6296875 0.0328125 0.0078125
3 0.5375 0.65625 0.034375 0.0078125
3 0.5546875 0.68125 0.071875 0.009375
3 0.6890625 0.6015625 0.0875 0.0109375
3 0.8078125 0.6015625 0.065625 0.0109375
3 0.8078125 0.63125 0.065625 0.009375
3 0.80625 0.6546875 0.0640625 0.009375
3 0.6703125 0.63125 0.046875 0.009375
3 0.6625 0.65625 0.0328125 0.0078125
3 0.671875 0.68125 0.0484375 0.009375
3 0.65625 0.70625 0.01875 0.0078125
3 0.6625 0.7328125 0.03125 0.009375
3 0.665625 0.7625 0.0359375 0.009375
3 0.6671875 0.7859375 0.040625 0.009375
3 0.6609375 0.8125 0.028125 0.009375
3 0.6578125 0.8359375 0.025 0.009375
19 0.7046875 0.7328125 0.0484375 0.0171875
3 0.7046875 0.734375 0.0359375 0.0078125
3 0.7984375 0.7328125 0.05 0.0109375
3 0.8015625 0.70625 0.053125 0.0109375
3 0.809375 0.68125 0.06875 0.009375