3 0.4890625 0.225 0.5 0.0328125
16 0.1921875 0.4078125 0.28125 0.2296875
3 0.1921875 0.4671875 0.2234375 0.0578125
3 0.190625 0.415625 0.11875 0.0171875
16 0.490625 0.40625 0.2796875 0.2265625
3 0.4890625 0.4671875 0.2265625 0.059375
16 0.7890625 0.40625 0.28125 0.2265625
3 0.7875 0.465625 0.228125 0.0640625
16 0.1921875 0.6546875 0.28125 0.228125
3 0.190625 0.7109375 0.2203125 0.0609375
16 0.490625 0.653125 0.2796875 0.228125
3 0.490625 0.7140625 0.2125 0.0625
16 0.7890625 0.653125 0.2796875 0.2296875
3 0.7890625 0.7140625 0.2234375 0.059375
3 0.7875 0.415625 0.146875 0.015625
3 0.7890625 0.6609375 0.084375 0.0140625
3 0.490625 0.6625 0.1953125 0.0140625
3 0.490625 0.4171875 0.221875 0.015625
3 0.1890625 0.6625 0.209375 0.015625
28 0.190625 0.596875 0.0671875 0.0671875
28 0.190625 0.35 0.0625 0.0625
28 0.4890625 0.35 0.0609375 0.0625
28 0.7890625 0.35 0.059375 0.0625
28 0.490625 0.596875 0.065625 0.065625
28 0.7890625 0.5984375 0.065625 0.0671875