16 0.5 0.6734375 0.8984375 0.6515625
3 0.225 0.903125 0.0265625 0.1734375
3 0.303125 0.853125 0.015625 0.2734375
3 0.2765625 0.975 0.015625 0.0296875
3 0.3015625 0.603125 0.0203125 0.1359375
3 0.2765625 0.6484375 0.0140625 0.0484375
3 0.3671875 0.6015625 0.0171875 0.1390625
3 0.3421875 0.64375 0.015625 0.0515625
3 0.3671875 0.9078125 0.0203125 0.1625
3 0.3421875 0.9328125 0.015625 0.1171875
15 0.4234375 0.9171875 0.040625 0.14375
3 0.425 0.9171875 0.0171875 0.10625
15 0.4234375 0.728125 0.040625 0.2140625
3 0.425 0.728125 0.0171875 0.175
37 0.70625 0.68125 0.4859375 0.6375
3 0.48125 0.9421875 0.0140625 0.0859375
3 0.4796875 0.840625 0.0125 0.078125
3 0.4796875 0.740625 0.0140625 0.075
3 0.4796875 0.6375 0.015625 0.0890625
16 0.5 0.165625 0.8984375 0.33125
24 0.890625 0.1546875 0.115625 0.3078125
3 0.8625 0.2140625 0.015625 0.15625
3 0.9078125 0.1453125 0.0328125 0.290625
24 0.775 0.1546875 0.0875 0.3078125
3 0.759375 0.2359375 0.0171875 0.1078125
3 0.7953125 0.209375 0.015625 0.1625
16 0.5859375 0.1546875 0.25625 0.3078125
3 0.6921875 0.240625 0.0125 0.0625
3 0.6578125 0.2484375 0.0140625 0.084375
3 0.625 0.225 0.0171875 0.1328125
3 0.590625 0.2265625 0.0140625 0.13125
3 0.5546875 0.2265625 0.015625 0.09375
3 0.5203125 0.2359375 0.0125 0.0671875
27 0.425 0.590625 0.0171875 0.0078125
27 0.690625 0.2828125 0.015625 0.015625
27 0.5203125 0.2828125 0.0140625 0.009375
27 0.5546875 0.2828125 0.015625 0.015625
16 0.3796875 0.1546875 0.1203125 0.3078125
27 0.3828125 0.2828125 0.015625 0.0125
27 0.4171875 0.2828125 0.0140625 0.0140625
16 0.090625 0.1546875 0.08125 0.3078125
19 0.0625 0.4203125 0.0234375 0.096875
3 0.0609375 0.41875 0.0140625 0.0734375
16 0.1140625 0.9234375 0.128125 0.134375
3 0.071875 0.26875 0.0140625 0.04375
3 0.1078125 0.203125 0.0125 0.175
24 0.225 0.1546875 0.15625 0.3078125
3 0.175 0.2515625 0.0140625 0.0796875
3 0.2125 0.2375 0.0125 0.0703125
3 0.2453125 0.25 0.0125 0.0453125
3 0.2796875 0.2171875 0.015625 0.1484375
3 0.484375 0.228125 0.0203125 0.1265625
3 0.346875 0.2515625 0.0140625 0.0796875
3 0.3828125 0.2046875 0.015625 0.140625
3 0.4171875 0.2265625 0.0140625 0.09375
40 0.734375 0.846875 0.4296875 0.296875
3 0.5375 0.896875 0.015625 0.1234375
3 0.5640625 0.8890625 0.015625 0.1390625
3 0.60625 0.9 0.0140625 0.1125
3 0.6078125 0.79375 0.015625 0.09375
3 0.6328125 0.8703125 0.01875 0.1765625
3 0.6328125 0.7421875 0.015625 0.0734375
3 0.65625 0.928125 0.0140625 0.0640625
3 0.7046875 0.8890625 0.0171875 0.1359375
3 0.7296875 0.8890625 0.0140625 0.1390625
3 0.775 0.8953125 0.015625 0.125
3 0.7765625 0.778125 0.015625 0.1015625
3 0.8 0.915625 0.015625 0.0875
3 0.8265625 0.9265625 0.0140625 0.0640625
3 0.803125 0.8203125 0.015625 0.096875
3 0.8734375 0.896875 0.0140625 0.1203125
3 0.8984375 0.8890625 0.0140625 0.140625
3 0.94375 0.9109375 0.0109375 0.09375