3 0.49375 0.371875 0.2984375 0.0375
3 0.8203125 0.36875 0.2921875 0.04375
3 0.4875 0.459375 0.2859375 0.0421875
3 0.8234375 0.4578125 0.2984375 0.040625
3 0.83125 0.546875 0.3078125 0.04375
3 0.496875 0.546875 0.3015625 0.0421875
3 0.496875 0.6359375 0.303125 0.040625
3 0.178125 0.4265625 0.325 0.053125
3 0.8203125 0.6359375 0.29375 0.0453125
3 0.4234375 0.3375 0.1109375 0.0125
3 0.415625 0.5140625 0.096875 0.0125
3 0.74375 0.3359375 0.090625 0.0140625
3 0.771875 0.425 0.1421875 0.0140625
3 0.75 0.6015625 0.103125 0.0140625
3 0.4078125 0.425 0.078125 0.0125
3 0.753125 0.5140625 0.109375 0.0140625
3 0.140625 0.3671875 0.25 0.025
3 0.078125 0.3359375 0.1265625 0.015625
3 0.403125 0.603125 0.071875 0.0109375
27 0.3515625 0.3375 0.0109375 0.009375
27 0.684375 0.3375 0.0109375 0.0078125
27 0.684375 0.5140625 0.0109375 0.0078125
27 0.353125 0.603125 0.0140625 0.009375
27 0.3515625 0.5140625 0.0125 0.0078125
27 0.684375 0.425 0.0125 0.0078125
27 0.6859375 0.603125 0.0125 0.0078125
27 0.353125 0.4265625 0.0109375 0.009375