16 0.446875 0.1625 0.4125 0.3234375
3 0.46875 0.1515625 0.0171875 0.1
16 0.446875 0.5078125 0.4140625 0.3390625
3 0.4703125 0.5046875 0.015625 0.1203125
16 0.446875 0.8453125 0.4171875 0.3078125
3 0.46875 0.8609375 0.015625 0.078125
3 0.7546875 0.50625 0.015625 0.13125
3 0.365625 0.153125 0.009375 0.215625
3 0.38125 0.153125 0.0125 0.171875
3 0.396875 0.153125 0.0109375 0.2078125
3 0.38125 0.5078125 0.0109375 0.1703125
3 0.396875 0.5078125 0.0125 0.2109375
3 0.38125 0.8625 0.0109375 0.1703125
3 0.396875 0.8609375 0.0125 0.209375
3 0.365625 0.5078125 0.0109375 0.21875
3 0.365625 0.8640625 0.0125 0.215625
3 0.35 0.153125 0.0125 0.1375
3 0.3515625 0.5078125 0.0125 0.140625
3 0.35 0.8625 0.0109375 0.140625
19 0.4328125 0.153125 0.0265625 0.0921875
3 0.434375 0.153125 0.0109375 0.0703125
19 0.4328125 0.509375 0.025 0.040625
3 0.434375 0.50625 0.0109375 0.021875
19 0.4328125 0.8625 0.028125 0.0640625
3 0.4328125 0.8625 0.0109375 0.0453125
28 0.55 0.8625 0.11875 0.11875
28 0.3015625 0.1078125 0.0359375 0.0375
11 0.303125 0.4625 0.0359375 0.034375
11 0.303125 0.553125 0.0359375 0.034375
11 0.303125 0.153125 0.034375 0.034375
11 0.303125 0.9078125 0.034375 0.034375
11 0.303125 0.1984375 0.034375 0.034375
11 0.303125 0.8625 0.034375 0.034375
11 0.303125 0.815625 0.034375 0.034375
11 0.303125 0.5078125 0.0359375 0.0359375
28 0.55 0.50625 0.1171875 0.1265625
28 0.5484375 0.1515625 0.1171875 0.1203125
3 0.721875 0.5078125 0.0171875 0.61875
3 0.696875 0.5078125 0.015625 0.3390625