22 0.5 0.478125 0.5921875 0.5171875
3 0.74375 0.2484375 0.065625 0.0140625
38 0.6078125 0.3125 0.2015625 0.0328125
3 0.6875 0.2859375 0.0453125 0.009375
38 0.4046875 0.3125 0.1734375 0.0328125
3 0.471875 0.2859375 0.0390625 0.0078125
39 0.5 0.3921875 0.55625 0.0671875
3 0.74375 0.346875 0.0671875 0.009375
38 0.2609375 0.3125 0.078125 0.0328125
3 0.2890625 0.2859375 0.0203125 0.009375
38 0.5 0.4953125 0.55625 0.034375
3 0.71875 0.46875 0.11875 0.0109375
39 0.5 0.5828125 0.55625 0.084375
3 0.7078125 0.5296875 0.1421875 0.009375
3 0.7015625 0.653125 0.0796875 0.0125
15 0.7125 0.7015625 0.128125 0.03125
3 0.7 0.703125 0.0703125 0.0125
15 0.2734375 0.703125 0.1015625 0.0328125
3 0.2734375 0.7015625 0.040625 0.0109375
27 0.2328125 0.246875 0.0109375 0.0109375
27 0.65 0.653125 0.0109375 0.0125
27 0.7515625 0.7015625 0.015625 0.009375
36 0.7625 0.653125 0.0265625 0.015625
28 0.7515625 0.303125 0.0515625 0.05