16 0.1734375 0.5265625 0.309375 0.4765625
3 0.159375 0.4921875 0.19375 0.01875
23 0.175 0.4625 0.2296875 0.00625
16 0.8265625 0.5265625 0.3125 0.4734375
23 0.8265625 0.4625 0.2390625 0.0046875
16 0.5 0.5265625 0.3109375 0.4734375
23 0.5 0.4625 0.2296875 0.0046875
28 0.1734375 0.409375 0.053125 0.040625
28 0.5015625 0.409375 0.05 0.0703125
28 0.8265625 0.4109375 0.0390625 0.05
3 0.8140625 0.628125 0.078125 0.040625
3 0.796875 0.4921875 0.1671875 0.015625
3 0.159375 0.6296875 0.0828125 0.05
3 0.7796875 0.5234375 0.125 0.0125
3 0.8015625 0.5578125 0.171875 0.015625
3 0.825 0.3453125 0.0875 0.0171875
3 0.4859375 0.6296875 0.08125 0.0484375
3 0.146875 0.5234375 0.1703125 0.0140625
3 0.4125 0.2484375 0.090625 0.015625
3 0.584375 0.25 0.09375 0.0140625
3 0.4984375 0.34375 0.1 0.01875
3 0.1734375 0.3453125 0.0578125 0.0203125
3 0.134375 0.5578125 0.140625 0.0171875
3 0.2171875 0.64375 0.025 0.0140625
15 0.175 0.7046875 0.228125 0.0375
3 0.1734375 0.7046875 0.1015625 0.015625
3 0.5421875 0.64375 0.021875 0.009375
3 0.4640625 0.5578125 0.146875 0.0140625
3 0.471875 0.525 0.16875 0.0140625
3 0.4609375 0.4921875 0.1390625 0.0140625
15 0.5 0.7046875 0.2265625 0.0359375
3 0.5 0.7046875 0.103125 0.0140625
3 0.86875 0.64375 0.021875 0.0109375
15 0.8265625 0.7046875 0.228125 0.0375
3 0.8265625 0.7046875 0.1 0.0109375
36 0.4984375 0.25 0.04375 0.0296875