22 0.534375 0.4984375 0.346875 0.4375
27 0.68125 0.3046875 0.0125 0.0125
3 0.534375 0.3234375 0.153125 0.0109375
3 0.5328125 0.3046875 0.178125 0.0140625
20 0.428125 0.3984375 0.1 0.0421875
3 0.390625 0.3671875 0.025 0.0109375
20 0.5328125 0.3984375 0.1 0.0421875
3 0.50625 0.3671875 0.0453125 0.0109375
38 0.6390625 0.3984375 0.1 0.0421875
3 0.6078125 0.365625 0.0390625 0.009375
38 0.5328125 0.46875 0.3109375 0.0421875
3 0.39375 0.4375 0.03125 0.0109375
3 0.396875 0.50625 0.0390625 0.009375
20 0.6125 0.5390625 0.1515625 0.0421875
3 0.5578125 0.5078125 0.0484375 0.0109375
29 0.4546875 0.609375 0.1515625 0.0421875
3 0.390625 0.578125 0.0265625 0.0109375
20 0.6125 0.609375 0.153125 0.0421875
3 0.5515625 0.5765625 0.034375 0.009375
15 0.4546875 0.678125 0.153125 0.0421875
3 0.4546875 0.678125 0.0375 0.009375
15 0.6125 0.678125 0.1515625 0.0421875
3 0.6109375 0.678125 0.0265625 0.009375
20 0.4546875 0.5390625 0.153125 0.0421875