16 0.5140625 0.5015625 0.9171875 0.7296875
3 0.28125 0.31875 0.128125 0.034375
3 0.259375 0.465625 0.0796875 0.028125
3 0.2546875 0.609375 0.075 0.0265625
3 0.2625 0.7578125 0.08125 0.034375
3 0.8765625 0.31875 0.11875 0.0375
3 0.875 0.75625 0.121875 0.0359375
3 0.8765625 0.465625 0.11875 0.0328125
3 0.8765625 0.6109375 0.1171875 0.0375
3 0.1796875 0.2109375 0.1890625 0.040625
28 0.140625 0.334375 0.0984375 0.0984375
28 0.140625 0.4796875 0.096875 0.1
28 0.1390625 0.6265625 0.0953125 0.1
28 0.140625 0.7703125 0.0953125 0.0984375
31 0.5765625 0.359375 0.7140625 0.021875
31 0.5796875 0.5046875 0.7234375 0.01875
31 0.5765625 0.65 0.721875 0.021875
31 0.5765625 0.7953125 0.7171875 0.0203125
27 0.8859375 0.2125 0.0375 0.0171875