3 0.4609375 0.4078125 0.5515625 0.071875
3 0.6671875 0.35 0.1296875 0.028125
3 0.6765625 0.5515625 0.11875 0.0203125
15 0.646875 0.88125 0.1734375 0.0390625
27 0.578125 0.8796875 0.0140625 0.015625
15 0.6578125 0.678125 0.1484375 0.040625
27 0.6046875 0.6765625 0.015625 0.015625
15 0.6671875 0.4734375 0.134375 0.0390625
27 0.6203125 0.475 0.015625 0.0140625
3 0.4578125 0.609375 0.559375 0.0671875
3 0.459375 0.8078125 0.5484375 0.078125
3 0.6484375 0.7515625 0.1703125 0.0203125
28 0.78125 0.3671875 0.0578125 0.059375
28 0.78125 0.5703125 0.0578125 0.0578125
3 0.49375 0.2421875 0.596875 0.0265625
3 0.4953125 0.20625 0.653125 0.028125
28 0.78125 0.771875 0.0578125 0.0578125
3 0.65625 0.8796875 0.121875 0.015625
3 0.66875 0.678125 0.09375 0.021875
3 0.6765625 0.475 0.08125 0.0171875
3 0.4953125 0.1390625 0.296875 0.04375