3 0.4953125 0.39375 0.3734375 0.028125
27 0.6171875 0.5125 0.0328125 0.034375
3 0.6171875 0.55625 0.10625 0.0171875
3 0.4953125 0.3625 0.1265625 0.0140625
27 0.1328125 0.5125 0.03125 0.0328125
3 0.375 0.5578125 0.0953125 0.01875
3 0.1328125 0.55625 0.1078125 0.0171875
27 0.375 0.5125 0.03125 0.0328125
3 0.859375 0.55625 0.0984375 0.0171875
3 0.859375 0.609375 0.21875 0.0453125
3 0.6171875 0.609375 0.20625 0.046875
3 0.375 0.609375 0.20625 0.046875
3 0.1328125 0.6109375 0.20625 0.046875
23 0.1328125 0.571875 0.021875 0.0046875
23 0.375 0.571875 0.0203125 0.003125
23 0.6171875 0.571875 0.0203125 0.003125
23 0.859375 0.571875 0.0203125 0.003125
3 0.49375 0.434375 0.51875 0.015625
3 0.4953125 0.453125 0.278125 0.0140625
27 0.859375 0.5140625 0.034375 0.034375