16 0.5 0.5 0.9875 0.396875
3 0.60625 0.3828125 0.2359375 0.025
3 0.5265625 0.353125 0.0734375 0.0125
3 0.7046875 0.4296875 0.4296875 0.03125
3 0.7296875 0.5015625 0.39375 0.025
3 0.5859375 0.478125 0.10625 0.0109375
3 0.7421875 0.56875 0.41875 0.025
3 0.5734375 0.546875 0.084375 0.0125
3 0.5703125 0.6140625 0.0765625 0.0125
3 0.74375 0.6359375 0.421875 0.0234375
27 0.50625 0.490625 0.0328125 0.03125
27 0.50625 0.5578125 0.03125 0.0328125
27 0.50625 0.6265625 0.03125 0.0328125
28 0.2 0.5015625 0.3859375 0.2640625