16 0.7609375 0.4765625 0.384375 0.5578125
3 0.8484375 0.428125 0.090625 0.0140625
3 0.759375 0.3171875 0.103125 0.0109375
15 0.8421875 0.265625 0.1515625 0.05
3 0.83125 0.265625 0.0453125 0.0125
15 0.6796875 0.265625 0.1515625 0.05
3 0.66875 0.265625 0.0640625 0.0125
3 0.6546875 0.45625 0.1 0.0171875
3 0.6328125 0.65625 0.046875 0.0140625
3 0.8796875 0.69375 0.0734375 0.03125
3 0.8140625 0.65625 0.2046875 0.01875
3 0.871875 0.6046875 0.090625 0.0125
3 0.8859375 0.525 0.0640625 0.0125
15 0.7609375 0.36875 0.3125 0.0484375
3 0.759375 0.36875 0.0421875 0.0140625
38 0.7609375 0.575 0.3140625 0.0421875
38 0.7609375 0.4953125 0.3140625 0.0421875
18 0.9109375 0.4296875 0.0171875 0.0171875
23 0.8703125 0.3171875 0.0921875 0.003125
23 0.6515625 0.3171875 0.09375 0.0046875
16 0.221875 0.4046875 0.4421875 0.38125