27 0.375 0.5 0.0171875 0.0171875
3 0.43125 0.5015625 0.0140625 0.1171875
3 0.4578125 0.5 0.0265625 0.2453125
23 0.4828125 0.5 0.0015625 0.028125
23 0.590625 0.9890625 0.003125 0.0203125
23 0.590625 0.6484375 0.003125 0.028125
23 0.590625 0.3046875 0.003125 0.028125
3 0.5484375 0.95625 0.0125 0.0859375
3 0.5734375 0.9421875 0.0140625 0.1140625
3 0.5609375 0.7140625 0.0390625 0.0484375
3 0.6375 0.8484375 0.04375 0.303125
3 0.5484375 0.625 0.0109375 0.078125
3 0.5734375 0.6078125 0.0140625 0.109375
3 0.6375 0.5078125 0.046875 0.3125
3 0.5609375 0.3671875 0.0375 0.0578125
3 0.5484375 0.284375 0.009375 0.071875
3 0.5734375 0.275 0.0140625 0.0875
3 0.6375 0.1640625 0.0453125 0.3125
3 0.5609375 0.0265625 0.040625 0.053125