3 0.4546875 0.3703125 0.325 0.040625
3 0.8078125 0.3671875 0.3171875 0.046875
3 0.446875 0.4671875 0.3109375 0.046875
3 0.8140625 0.4640625 0.325 0.0453125
3 0.821875 0.5609375 0.3359375 0.046875
3 0.4578125 0.5609375 0.3265625 0.0453125
3 0.4578125 0.6578125 0.328125 0.04375
3 0.14375 0.4296875 0.2875 0.0578125
3 0.809375 0.6578125 0.31875 0.0484375
3 0.378125 0.334375 0.121875 0.0140625
3 0.36875 0.525 0.10625 0.0140625
3 0.7265625 0.3328125 0.0984375 0.015625
3 0.75625 0.4296875 0.1546875 0.015625
3 0.7328125 0.6203125 0.1125 0.0140625
3 0.3609375 0.4296875 0.0859375 0.0140625
3 0.7359375 0.525 0.11875 0.015625
3 0.103125 0.3640625 0.2046875 0.0265625
3 0.0359375 0.33125 0.071875 0.015625
3 0.35625 0.621875 0.078125 0.0125
27 0.3 0.3328125 0.0125 0.0109375
27 0.6609375 0.334375 0.0125 0.0078125
27 0.6625 0.5265625 0.0125 0.0078125
27 0.3015625 0.621875 0.015625 0.009375
27 0.3 0.5265625 0.0140625 0.009375
27 0.6625 0.428125 0.0140625 0.009375
27 0.6625 0.621875 0.0140625 0.009375
27 0.3015625 0.4296875 0.0125 0.0109375