5 0.503125 0.921875 0.603125 0.15625
10 0.2296875 0.4375 0.0515625 0.80625
27 0.23125 0.81875 0.015625 0.0171875
27 0.2296875 0.0640625 0.00625 0.0078125
27 0.2296875 0.2578125 0.0140625 0.0140625
16 0.3703125 0.1453125 0.084375 0.178125
27 0.3578125 0.2046875 0.015625 0.0140625
16 0.3703125 0.34375 0.084375 0.1765625
27 0.3578125 0.403125 0.0140625 0.0140625
16 0.371875 0.540625 0.0828125 0.1765625
27 0.3578125 0.6015625 0.0125 0.01875
16 0.371875 0.740625 0.084375 0.178125
27 0.35625 0.8 0.015625 0.0171875
27 0.3921875 0.6703125 0.0109375 0.0125
27 0.39375 0.471875 0.009375 0.0125
27 0.3921875 0.2734375 0.009375 0.0109375
27 0.39375 0.075 0.009375 0.0109375
16 0.61875 0.2109375 0.3734375 0.3125
27 0.4640625 0.334375 0.0171875 0.0171875
16 0.5671875 0.60625 0.271875 0.4453125
27 0.4671875 0.796875 0.0171875 0.0171875
20 0.4671875 0.4734375 0.0234375 0.1296875
3 0.46875 0.7375 0.0109375 0.0953125
3 0.3921875 0.771875 0.0109375 0.0921875
3 0.315625 0.7796875 0.0109375 0.0578125
3 0.284375 0.725 0.0109375 0.1734375
3 0.3921875 0.5765625 0.0109375 0.084375
3 0.3921875 0.378125 0.009375 0.084375
3 0.39375 0.19375 0.0109375 0.05625
14 0.2828125 0.0890625 0.0140625 0.0671875
3 0.228125 0.1859375 0.0109375 0.0125
36 0.2296875 0.2296875 0.0140625 0.0265625
36 0.2296875 0.1578125 0.0140625 0.028125
12 0.2265625 0.1171875 0.0171875 0.015625
27 0.2828125 0.821875 0.0125 0.0140625
27 0.315625 0.81875 0.0078125 0.0125
16 0.7640625 0.6078125 0.084375 0.44375
27 0.7578125 0.7984375 0.015625 0.0140625
16 0.521875 0.209375 0.0578125 0.265625
3 0.521875 0.315625 0.009375 0.0140625
16 0.5875 0.209375 0.05625 0.265625
3 0.5875 0.315625 0.009375 0.0125
3 0.5828125 0.2765625 0.009375 0.0359375
3 0.59375 0.2734375 0.0078125 0.0375
3 0.515625 0.275 0.0078125 0.0359375
3 0.528125 0.275 0.0078125 0.0390625
3 0.515625 0.20625 0.0078125 0.0296875
3 0.5296875 0.203125 0.009375 0.0359375
3 0.515625 0.1203125 0.0078125 0.0625
3 0.528125 0.121875 0.0078125 0.0578125
3 0.465625 0.26875 0.0140625 0.109375
3 0.5828125 0.2046875 0.0078125 0.0296875
3 0.5953125 0.2015625 0.009375 0.0375
3 0.58125 0.1203125 0.0078125 0.0609375
3 0.5953125 0.121875 0.0078125 0.0578125
16 0.6546875 0.209375 0.05625 0.265625
3 0.6546875 0.315625 0.0078125 0.015625
16 0.7203125 0.2109375 0.05625 0.265625
3 0.7203125 0.315625 0.009375 0.015625
3 0.7265625 0.275 0.009375 0.0390625
3 0.7140625 0.2765625 0.0078125 0.0375
3 0.6609375 0.2734375 0.009375 0.0390625
3 0.6484375 0.275 0.0078125 0.034375
3 0.6609375 0.203125 0.009375 0.0359375
3 0.6484375 0.20625 0.0078125 0.03125
3 0.6609375 0.121875 0.009375 0.0546875
3 0.6484375 0.11875 0.00625 0.0609375
3 0.7265625 0.203125 0.009375 0.0359375
3 0.7140625 0.2046875 0.0078125 0.03125
3 0.7140625 0.1203125 0.009375 0.0625
3 0.7265625 0.121875 0.009375 0.05625
16 0.78125 0.2109375 0.0484375 0.265625
3 0.7859375 0.315625 0.0078125 0.015625
3 0.7921875 0.2734375 0.009375 0.0390625
3 0.7796875 0.2765625 0.0078125 0.0359375
3 0.7796875 0.2046875 0.0078125 0.03125
3 0.7921875 0.2015625 0.009375 0.0359375
3 0.7921875 0.121875 0.009375 0.0578125
3 0.7796875 0.1203125 0.0078125 0.0609375
20 0.7578125 0.4328125 0.0234375 0.046875
19 0.796875 0.4359375 0.0171875 0.04375
3 0.7953125 0.4359375 0.0078125 0.028125
3 0.7578125 0.75625 0.0140625 0.0625
3 0.796875 0.659375 0.0078125 0.246875
11 0.7953125 0.7984375 0.0203125 0.021875
0 0.5859375 0.609375 0.2015625 0.415625