16 0.5 0.4375 0.9859375 0.39375
3 0.1765625 0.3328125 0.1734375 0.0109375
3 0.059375 0.265625 0.0765625 0.0109375
15 0.1421875 0.303125 0.1 0.0234375
3 0.1421875 0.303125 0.078125 0.009375
15 0.2203125 0.303125 0.0484375 0.0234375
3 0.2203125 0.303125 0.0265625 0.009375
28 0.05 0.315625 0.059375 0.059375
16 0.4984375 0.6984375 0.984375 0.109375
23 0.4984375 0.3578125 0.9828125 0.0046875
38 0.25625 0.3953125 0.471875 0.025
38 0.25625 0.4296875 0.471875 0.0265625
38 0.25625 0.465625 0.471875 0.025
38 0.2578125 0.5 0.471875 0.0265625
20 0.25625 0.5359375 0.471875 0.025
20 0.25625 0.571875 0.471875 0.025
15 0.0625 0.6078125 0.084375 0.0234375
3 0.0625 0.6078125 0.059375 0.0078125
15 0.1375 0.6078125 0.0484375 0.0234375
3 0.1359375 0.6078125 0.0234375 0.009375
20 0.7421875 0.5359375 0.471875 0.025
20 0.7421875 0.571875 0.471875 0.025
38 0.740625 0.5015625 0.471875 0.0265625
38 0.740625 0.465625 0.471875 0.0265625
38 0.740625 0.4296875 0.471875 0.025
38 0.740625 0.39375 0.471875 0.025
3 0.06875 0.6671875 0.09375 0.009375
3 0.109375 0.6984375 0.1359375 0.0078125
18 0.0328125 0.6984375 0.0109375 0.0109375
15 0.0734375 0.7265625 0.10625 0.0234375
3 0.0734375 0.7265625 0.0828125 0.0078125