16 0.1515625 0.4671875 0.3015625 0.496875
3 0.115625 0.490625 0.2140625 0.0203125
23 0.1328125 0.5234375 0.253125 0.00625
16 0.8390625 0.4671875 0.3203125 0.4953125
23 0.853125 0.5234375 0.2640625 0.0046875
16 0.4921875 0.4671875 0.34375 0.4953125
23 0.4921875 0.5234375 0.253125 0.00625
28 0.13125 0.58125 0.059375 0.0453125
28 0.49375 0.58125 0.05625 0.078125
28 0.853125 0.58125 0.0421875 0.0546875
3 0.8390625 0.340625 0.0859375 0.0453125
3 0.8203125 0.490625 0.184375 0.0171875
3 0.1171875 0.3390625 0.090625 0.0546875
3 0.8 0.45625 0.1390625 0.0140625
3 0.825 0.41875 0.190625 0.0171875
3 0.8515625 0.653125 0.096875 0.0203125
3 0.478125 0.3390625 0.090625 0.053125
3 0.103125 0.45625 0.1875 0.015625
3 0.396875 0.759375 0.1 0.01875
3 0.5859375 0.7578125 0.103125 0.015625
3 0.490625 0.6546875 0.1109375 0.021875
3 0.13125 0.653125 0.0640625 0.021875
3 0.0875 0.41875 0.1546875 0.01875
3 0.1796875 0.3234375 0.028125 0.0140625
15 0.1328125 0.25625 0.253125 0.0421875
3 0.13125 0.25625 0.1125 0.01875
3 0.5390625 0.3234375 0.025 0.0109375
3 0.4515625 0.41875 0.1625 0.015625
3 0.4625 0.4546875 0.1859375 0.015625
3 0.45 0.490625 0.1546875 0.015625
15 0.4921875 0.25625 0.2515625 0.040625
3 0.49375 0.25625 0.1140625 0.0140625
3 0.9 0.3234375 0.025 0.0109375
15 0.853125 0.25625 0.2515625 0.0421875
3 0.853125 0.25625 0.1109375 0.0125
36 0.490625 0.7578125 0.0484375 0.0328125