15 0.053125 0.3171875 0.0875 0.0328125
3 0.0515625 0.31875 0.0640625 0.0125
3 0.91875 0.6140625 0.1328125 0.028125
3 0.7765625 0.5609375 0.4171875 0.0328125
3 0.903125 0.4375 0.115625 0.0140625
3 0.9078125 0.475 0.103125 0.0140625
3 0.8328125 0.5109375 0.2515625 0.0109375
27 0.975 0.5125 0.0140625 0.0125
27 0.975 0.475 0.0140625 0.0140625
27 0.975 0.4390625 0.015625 0.0125
39 0.2234375 0.4078125 0.428125 0.11875
38 0.2234375 0.5015625 0.428125 0.0390625
38 0.2234375 0.553125 0.4265625 0.0390625
38 0.2234375 0.60625 0.4296875 0.0375
38 0.334375 0.659375 0.2046875 0.0375
38 0.1109375 0.659375 0.2046875 0.0359375