21 0.5046875 0.5046875 0.9671875 0.5421875
30 0.496875 0.8015625 0.2484375 0.0375
15 0.090625 0.8015625 0.1 0.03125
3 0.1015625 0.803125 0.0515625 0.0125
27 0.0609375 0.8015625 0.0125 0.0125
15 0.9125 0.8015625 0.1 0.0328125
3 0.9 0.8015625 0.028125 0.0109375
27 0.9296875 0.803125 0.0125 0.0125
15 0.828125 0.1890625 0.1046875 0.040625
15 0.9375 0.1890625 0.090625 0.040625
38 0.1390625 0.1890625 0.2375 0.040625
3 0.840625 0.1890625 0.046875 0.0140625
3 0.9515625 0.1890625 0.034375 0.0125
27 0.9140625 0.1875 0.0171875 0.0125
27 0.796875 0.1890625 0.015625 0.01875