3 0.640625 0.496875 0.0390625 0.3109375
3 0.64375 0.1578125 0.0453125 0.3046875
3 0.5484375 0.5046875 0.0453125 0.2984375
3 0.55 0.1546875 0.04375 0.3078125
3 0.4578125 0.153125 0.0453125 0.30625
3 0.4578125 0.49375 0.04375 0.3140625
3 0.3640625 0.49375 0.0421875 0.315625
3 0.5828125 0.8265625 0.05625 0.3390625
3 0.365625 0.15625 0.046875 0.30625
3 0.6765625 0.5703125 0.0125 0.1171875
3 0.4921875 0.5796875 0.0140625 0.1015625
3 0.6765625 0.2359375 0.015625 0.09375
3 0.584375 0.2078125 0.015625 0.1484375
3 0.4 0.23125 0.0140625 0.1078125
3 0.584375 0.5859375 0.0140625 0.0828125
3 0.4921875 0.2265625 0.0140625 0.1140625
3 0.6453125 0.865625 0.0265625 0.2609375
3 0.678125 0.9296875 0.015625 0.13125
3 0.3984375 0.590625 0.0109375 0.075
27 0.6765625 0.6453125 0.0109375 0.0125
27 0.6765625 0.2984375 0.0078125 0.0109375
27 0.490625 0.2984375 0.0078125 0.0109375
27 0.3984375 0.64375 0.009375 0.015625
27 0.490625 0.6453125 0.009375 0.0140625
27 0.584375 0.2984375 0.009375 0.0125
27 0.3984375 0.296875 0.0078125 0.0125
27 0.584375 0.6453125 0.009375 0.0109375