3 0.50625 0.3890625 0.365625 0.0171875
3 0.50625 0.3640625 0.6265625 0.01875
3 0.5078125 0.31875 0.3578125 0.028125
16 0.5078125 0.5734375 0.8984375 0.2609375
3 0.7609375 0.671875 0.146875 0.0125
3 0.509375 0.6703125 0.2078125 0.0125
3 0.65625 0.5359375 0.5546875 0.059375
3 0.48125 0.6421875 0.1515625 0.0125
16 0.2078125 0.5734375 0.2796875 0.24375
3 0.190625 0.53125 0.096875 0.0359375
3 0.4828125 0.478125 0.2078125 0.021875
27 0.3890625 0.6421875 0.0171875 0.01875
27 0.671875 0.6421875 0.01875 0.01875
27 0.3890625 0.671875 0.01875 0.0171875
3 0.7796875 0.6421875 0.184375 0.0109375
3 0.2078125 0.64375 0.1421875 0.0125
3 0.20625 0.6625 0.14375 0.0125
3 0.209375 0.4875 0.1890625 0.015625
3 0.2609375 0.54375 0.0265625 0.0125
3 0.2078125 0.603125 0.0734375 0.0125
3 0.4171875 0.59375 0.078125 0.015625
23 0.703125 0.59375 0.46875 0.00625
27 0.671875 0.671875 0.0171875 0.01875