5 0.0828125 0.5 0.165625 0.646875
3 0.21875 0.20625 0.05625 0.0171875
16 0.2828125 0.2796875 0.1828125 0.084375
3 0.25625 0.2640625 0.0921875 0.0109375
3 0.2703125 0.2921875 0.11875 0.01875
16 0.4875 0.2796875 0.1828125 0.084375
3 0.4578125 0.2640625 0.084375 0.0109375
3 0.4671875 0.2921875 0.103125 0.0171875
16 0.690625 0.2796875 0.184375 0.084375
3 0.64375 0.2640625 0.046875 0.0109375
3 0.653125 0.290625 0.065625 0.015625
16 0.8953125 0.2796875 0.1828125 0.0859375
3 0.840625 0.2640625 0.0375 0.009375
3 0.846875 0.2921875 0.0453125 0.015625
15 0.7515625 0.2046875 0.103125 0.0234375
3 0.7609375 0.2046875 0.0640625 0.009375
27 0.7171875 0.20625 0.0109375 0.0109375
20 0.9 0.2046875 0.1734375 0.0234375
16 0.3375 0.4734375 0.29375 0.2625
16 0.7453125 0.475 0.4859375 0.265625
16 0.396875 0.7171875 0.4125 0.184375
16 0.8046875 0.7171875 0.365625 0.1828125
16 0.3359375 0.4875 0.2390625 0.1890625
3 0.25 0.3765625 0.065625 0.0109375
3 0.3359375 0.421875 0.034375 0.009375
3 0.3359375 0.4359375 0.053125 0.0078125
3 0.275 0.475 0.021875 0.0171875
3 0.275 0.496875 0.015625 0.0078125
3 0.3125 0.4734375 0.021875 0.0171875
3 0.3546875 0.475 0.025 0.0171875
3 0.396875 0.475 0.025 0.0171875
3 0.396875 0.496875 0.0171875 0.009375
3 0.3546875 0.496875 0.0203125 0.009375
3 0.3140625 0.496875 0.0265625 0.009375
3 0.3359375 0.53125 0.153125 0.015625
3 0.5484375 0.3796875 0.0421875 0.0140625
3 0.5671875 0.40625 0.0765625 0.0125
3 0.6390625 0.40625 0.0546875 0.0109375
20 0.8578125 0.3796875 0.05625 0.021875
20 0.928125 0.3796875 0.06875 0.021875
34 0.7453125 0.5078125 0.4421875 0.1703125
3 0.2578125 0.6578125 0.0828125 0.009375
3 0.4484375 0.6578125 0.0984375 0.0109375
15 0.3921875 0.7703125 0.3515625 0.025
3 0.390625 0.7703125 0.03125 0.0078125
20 0.3 0.6859375 0.1703125 0.025
20 0.4828125 0.6859375 0.16875 0.0265625
38 0.3015625 0.7296875 0.1703125 0.025
38 0.4828125 0.7296875 0.1703125 0.025
16 0.8046875 0.7265625 0.315625 0.1078125
23 0.8046875 0.728125 0.3140625 0.003125
27 0.95625 0.659375 0.0125 0.003125
3 0.678125 0.659375 0.0625 0.0125
3 0.7109375 0.6921875 0.025 0.0078125
3 0.7546875 0.6921875 0.05 0.0078125
3 0.7125 0.709375 0.028125 0.0078125
3 0.7078125 0.7453125 0.01875 0.0078125
3 0.7484375 0.7453125 0.05 0.0078125
3 0.7125 0.7625 0.0296875 0.009375
28 0.675 0.7546875 0.021875 0.0234375
28 0.675 0.7 0.021875 0.0234375