16 0.4 0.84375 0.4296875 0.3125
3 0.5734375 0.9515625 0.0171875 0.0671875
16 0.4 0.165625 0.43125 0.328125
3 0.575 0.26875 0.0140625 0.0625
16 0.4 0.50625 0.4296875 0.325
3 0.5734375 0.61875 0.0125 0.0484375
3 0.390625 0.9296875 0.0125 0.0609375
3 0.540625 0.8640625 0.015625 0.2453125
3 0.540625 0.1765625 0.0140625 0.2484375
3 0.5375 0.5234375 0.0171875 0.2453125
3 0.3890625 0.584375 0.0125 0.0703125
3 0.2875 0.1609375 0.0140625 0.228125
3 0.2859375 0.5328125 0.0140625 0.1734375
3 0.746875 0.509375 0.0171875 0.5734375
3 0.6515625 0.465625 0.0140625 0.059375
3 0.3578125 0.21875 0.0125 0.121875
3 0.3234375 0.9203125 0.0125 0.084375
3 0.3546875 0.5515625 0.0140625 0.1390625
3 0.390625 0.225 0.0125 0.1109375
3 0.6515625 0.5515625 0.0140625 0.0546875
3 0.35625 0.896875 0.0140625 0.128125
19 0.5734375 0.4140625 0.021875 0.078125
3 0.5734375 0.4140625 0.0109375 0.065625
3 0.3234375 0.221875 0.0140625 0.109375
3 0.2546875 0.2109375 0.0140625 0.13125
3 0.3203125 0.5640625 0.0125 0.1140625
3 0.2875 0.875 0.0140625 0.1765625
3 0.7234375 0.50625 0.015625 0.3703125
3 0.2515625 0.553125 0.0140625 0.134375
3 0.4796875 0.9046875 0.0109375 0.0421875
3 0.478125 0.5625 0.0109375 0.04375
15 0.4375 0.5078125 0.034375 0.26875
3 0.4375 0.5078125 0.0109375 0.0703125
3 0.4796875 0.2203125 0.0109375 0.0421875
3 0.2203125 0.209375 0.0140625 0.1359375
3 0.5203125 0.615625 0.0109375 0.0546875
15 0.4390625 0.85 0.034375 0.26875
3 0.4390625 0.85 0.0109375 0.06875
3 0.5203125 0.2734375 0.0125 0.0546875
15 0.4390625 0.165625 0.034375 0.26875
3 0.4390625 0.1640625 0.0109375 0.06875
3 0.7875 0.5109375 0.03125 0.4625
3 0.8140625 0.5078125 0.009375 0.04375
3 0.521875 0.9640625 0.0109375 0.040625
27 0.3890625 0.975 0.0109375 0.0125
27 0.35625 0.975 0.009375 0.0140625
27 0.321875 0.975 0.009375 0.0125
27 0.3890625 0.290625 0.009375 0.0125
27 0.2875 0.975 0.009375 0.0125
27 0.3546875 0.290625 0.009375 0.0125
27 0.3875 0.6328125 0.0109375 0.0125
27 0.3203125 0.290625 0.009375 0.0140625
27 0.3515625 0.63125 0.0109375 0.0140625
27 0.2875 0.290625 0.009375 0.0140625
27 0.253125 0.290625 0.0109375 0.0140625
27 0.31875 0.6328125 0.0109375 0.0140625
27 0.284375 0.6328125 0.0109375 0.0140625
27 0.21875 0.290625 0.009375 0.0140625
27 0.2515625 0.6328125 0.009375 0.0140625
3 0.4859375 0.2734375 0.028125 0.0515625
3 0.4828125 0.6140625 0.0296875 0.05
3 0.4859375 0.9578125 0.028125 0.0484375