10 0.5 0.125 1 0.0609375
28 0.0296875 0.11875 0.0234375 0.0265625
3 0.0703125 0.121875 0.05 0.015625
15 0.6328125 0.121875 0.0578125 0.0296875
3 0.6328125 0.121875 0.03125 0.009375
3 0.709375 0.121875 0.0546875 0.009375
3 0.8078125 0.121875 0.0765625 0.009375
15 0.9171875 0.121875 0.1015625 0.0296875
3 0.9171875 0.121875 0.0734375 0.0109375
3 0.49375 0.2109375 0.1421875 0.0234375
3 0.49375 0.2484375 0.4984375 0.0359375
16 0.6140625 0.390625 0.2328125 0.20625
3 0.5875 0.315625 0.0453125 0.0125
16 0.615625 0.5796875 0.2328125 0.1546875
3 0.6015625 0.5484375 0.06875 0.0109375
3 0.5875 0.5296875 0.0453125 0.0125
16 0.1328125 0.571875 0.23125 0.171875
3 0.1 0.5140625 0.0359375 0.0125
16 0.13125 0.3828125 0.23125 0.1890625
3 0.096875 0.3140625 0.028125 0.0109375
16 0.8578125 0.540625 0.2328125 0.140625
3 0.821875 0.4984375 0.03125 0.0109375
16 0.85625 0.3734375 0.2296875 0.1734375
3 0.8265625 0.315625 0.0390625 0.0109375
16 0.3734375 0.4140625 0.2296875 0.253125
3 0.3421875 0.315625 0.0359375 0.0109375
16 0.3734375 0.653125 0.23125 0.2046875
3 0.3421875 0.5796875 0.0359375 0.0125
16 0.85625 0.70625 0.23125 0.171875
3 0.8296875 0.646875 0.046875 0.0140625
3 0.84375 0.515625 0.075 0.0125
3 0.603125 0.334375 0.0765625 0.0125
3 0.1140625 0.53125 0.0640625 0.0125
3 0.853125 0.334375 0.09375 0.0125
3 0.3765625 0.596875 0.109375 0.0125
3 0.128125 0.334375 0.0921875 0.0125
3 0.375 0.334375 0.1109375 0.0125
3 0.859375 0.6671875 0.1046875 0.0125
3 0.8453125 0.396875 0.1765625 0.078125
3 0.6109375 0.4140625 0.19375 0.1140625
3 0.85625 0.7296875 0.2078125 0.08125
3 0.125 0.4046875 0.1890625 0.09375
3 0.3703125 0.678125 0.2015625 0.1125
3 0.128125 0.596875 0.196875 0.0796875
3 0.6109375 0.6046875 0.190625 0.0609375
3 0.853125 0.5640625 0.19375 0.0453125
3 0.371875 0.4390625 0.1953125 0.159375
11 0.05 0.3234375 0.0328125 0.0328125
11 0.0515625 0.521875 0.0328125 0.0328125
11 0.2921875 0.3234375 0.03125 0.03125
11 0.775 0.5046875 0.03125 0.0328125
11 0.2921875 0.5875 0.0328125 0.0328125
11 0.775 0.3234375 0.03125 0.03125
11 0.5328125 0.321875 0.03125 0.03125
11 0.5328125 0.5390625 0.034375 0.0359375
11 0.775 0.65625 0.0328125 0.0328125
15 0.49375 0.81875 0.0875 0.034375
3 0.4953125 0.81875 0.0578125 0.0125