16 0.175 0.578125 0.3109375 0.2078125
16 0.503125 0.578125 0.3140625 0.2109375
16 0.8296875 0.578125 0.3125 0.209375
31 0.1765625 0.659375 0.28125 0.009375
3 0.078125 0.5546875 0.0453125 0.0109375
3 0.0859375 0.596875 0.0625 0.0125
3 0.4046875 0.5546875 0.04375 0.0125
3 0.0859375 0.6390625 0.065625 0.0125
3 0.7328125 0.5546875 0.04375 0.0109375
3 0.1140625 0.5015625 0.0703125 0.0140625
3 0.76875 0.5015625 0.071875 0.0125
3 0.4421875 0.5015625 0.071875 0.0125
3 0.759375 0.5171875 0.0484375 0.0109375
3 0.434375 0.5171875 0.05625 0.0125
3 0.1171875 0.5171875 0.075 0.0109375
3 0.740625 0.596875 0.0609375 0.0125
28 0.7046875 0.5078125 0.03125 0.0328125
3 0.63125 0.5546875 0.0265625 0.0109375
3 0.3046875 0.5546875 0.0265625 0.0109375
3 0.9578125 0.5546875 0.025 0.0109375
3 0.303125 0.596875 0.025 0.0125
28 0.0515625 0.5078125 0.0328125 0.0328125
28 0.378125 0.5078125 0.0328125 0.0328125
27 0.040625 0.55625 0.0125 0.0125
27 0.040625 0.5984375 0.0109375 0.0125
27 0.36875 0.5546875 0.0109375 0.0109375
27 0.6953125 0.5546875 0.0109375 0.0109375
27 0.040625 0.640625 0.0125 0.0125
27 0.36875 0.5984375 0.0109375 0.0140625
27 0.36875 0.640625 0.0125 0.0125
31 0.175 0.5734375 0.28125 0.0078125
31 0.1765625 0.6171875 0.28125 0.0078125
31 0.5015625 0.5734375 0.28125 0.0078125
31 0.503125 0.6171875 0.28125 0.0078125
31 0.503125 0.659375 0.2828125 0.0078125
31 0.8296875 0.575 0.2828125 0.0078125
31 0.8296875 0.6171875 0.2828125 0.0078125
31 0.8296875 0.659375 0.2828125 0.0078125
3 0.9578125 0.596875 0.025 0.0109375
3 0.959375 0.640625 0.025 0.009375
3 0.7421875 0.640625 0.0609375 0.0125
27 0.6953125 0.5984375 0.0125 0.0125
27 0.6953125 0.640625 0.0109375 0.0109375
3 0.63125 0.596875 0.0234375 0.0109375
3 0.63125 0.6390625 0.0265625 0.0125
3 0.4140625 0.596875 0.0578125 0.0109375
3 0.4140625 0.640625 0.0609375 0.0109375
3 0.303125 0.6390625 0.0265625 0.0109375