3 0.8828125 0.2390625 0.2109375 0.0140625
10 0.5 0.1828125 1 0.04375
3 0.91875 0.18125 0.04375 0.009375
3 0.83125 0.18125 0.0921875 0.0109375
28 0.9734375 0.1796875 0.0296875 0.025
38 0.20625 0.18125 0.225 0.028125
27 0.0671875 0.18125 0.0125 0.0140625
11 0.028125 0.1796875 0.028125 0.0296875
37 0.496875 0.5578125 0.9921875 0.559375
3 0.878125 0.2578125 0.2171875 0.009375
3 0.9453125 0.2890625 0.078125 0.009375
3 0.859375 0.290625 0.065625 0.0109375
16 0.5 0.553125 0.9765625 0.4453125
3 0.9265625 0.3609375 0.0859375 0.015625
21 0.5 0.58125 0.9734375 0.3859375
15 0.0765625 0.359375 0.090625 0.0296875
3 0.0671875 0.359375 0.0484375 0.0078125
27 0.103125 0.359375 0.015625 0.0140625
15 0.0625 0.8140625 0.0625 0.025
15 0.928125 0.8140625 0.08125 0.0265625
3 0.9203125 0.8140625 0.040625 0.0109375
27 0.953125 0.8140625 0.0109375 0.0109375
30 0.49375 0.8140625 0.203125 0.0296875
3 0.0734375 0.8140625 0.0234375 0.009375
27 0.0484375 0.8140625 0.0125 0.0109375