28 0.584375 0.6015625 0.13125 0.046875
28 0.5828125 0.7421875 0.1265625 0.0359375
28 0.8296875 0.5984375 0.1234375 0.034375
28 0.83125 0.6703125 0.1234375 0.0359375
28 0.584375 0.6734375 0.134375 0.053125
28 0.828125 0.74375 0.128125 0.0390625
3 0.0765625 0.378125 0.1109375 0.0125
3 0.1640625 0.4984375 0.2859375 0.0390625
3 0.0890625 0.4640625 0.14375 0.0140625
3 0.4890625 0.4125 0.2875 0.0390625
3 0.390625 0.3765625 0.09375 0.0125
3 0.39375 0.4640625 0.1 0.0125
3 0.7234375 0.4640625 0.10625 0.0140625
3 0.8125 0.4125 0.2875 0.0421875
3 0.7109375 0.378125 0.078125 0.0125
3 0.1859375 0.6015625 0.328125 0.0203125
3 0.16875 0.4109375 0.2953125 0.040625
3 0.4953125 0.5 0.3015625 0.04375
3 0.821875 0.4984375 0.3046875 0.0390625
3 0.0875 0.2671875 0.1328125 0.0234375
3 0.221875 0.325 0.4015625 0.0515625
3 0.246875 0.65 0.4546875 0.0359375
15 0.0625 0.690625 0.0796875 0.025
3 0.0625 0.6921875 0.0609375 0.0140625
3 0.140625 0.6921875 0.0578125 0.009375
27 0.1796875 0.6921875 0.0109375 0.009375