3 0.4953125 0.2484375 0.1765625 0.0296875
3 0.4953125 0.28125 0.6765625 0.0171875
16 0.4953125 0.553125 0.95625 0.475
3 0.078125 0.340625 0.0875 0.0125
3 0.1859375 0.340625 0.0734375 0.0125
3 0.2921875 0.340625 0.0859375 0.0140625
3 0.2734375 0.3609375 0.0453125 0.0125
3 0.178125 0.3609375 0.0578125 0.0109375
3 0.0671875 0.3609375 0.0671875 0.0109375
15 0.7859375 0.3484375 0.1015625 0.0328125
3 0.7875 0.3484375 0.0734375 0.0140625
15 0.9015625 0.3484375 0.1125 0.034375
3 0.9015625 0.35 0.0828125 0.0140625
3 0.9453125 0.3984375 0.0265625 0.0140625
23 0.496875 0.378125 0.9484375 0.003125
23 0.496875 0.584375 0.9234375 0.003125
28 0.103125 0.45625 0.140625 0.140625
28 0.103125 0.6765625 0.140625 0.1390625
3 0.1046875 0.5546875 0.0953125 0.0125
3 0.2484375 0.3984375 0.134375 0.0125
3 0.55 0.44375 0.7359375 0.034375
3 0.8390625 0.5515625 0.075 0.0125
3 0.9296875 0.55 0.0578125 0.0125
3 0.2296875 0.621875 0.0953125 0.0171875
3 0.5515625 0.6640625 0.7390625 0.03125
3 0.9453125 0.6203125 0.028125 0.015625
3 0.128125 0.76875 0.1421875 0.0109375
3 0.8390625 0.771875 0.0765625 0.0140625
3 0.9296875 0.771875 0.053125 0.0109375
23 0.8890625 0.55 0.0046875 0.0234375
23 0.8890625 0.7703125 0.0046875 0.021875
27 0.0421875 0.5546875 0.015625 0.015625
27 0.04375 0.76875 0.0140625 0.015625