21 0.3390625 0.678125 0.5921875 0.3078125
0 0.8359375 0.678125 0.2921875 0.2890625
3 0.1296875 0.484375 0.1578125 0.015625
15 0.4203125 0.48125 0.0625 0.028125
3 0.4203125 0.4828125 0.0203125 0.0078125
15 0.4890625 0.4828125 0.0640625 0.0265625
3 0.4890625 0.4828125 0.0265625 0.0078125
15 0.55625 0.4828125 0.059375 0.0265625
3 0.5578125 0.4828125 0.0234375 0.009375
3 0.7609375 0.4921875 0.11875 0.0140625
3 0.7546875 0.5125 0.103125 0.0125
3 0.934375 0.5015625 0.0515625 0.0203125
3 0.7328125 0.403125 0.0609375 0.0125
3 0.771875 0.328125 0.134375 0.0375
3 0.4515625 0.328125 0.15625 0.0375
3 0.403125 0.403125 0.053125 0.0125
3 0.0671875 0.403125 0.0421875 0.0109375
3 0.1359375 0.328125 0.1765625 0.0390625
3 0.1046875 0.2421875 0.1703125 0.025
3 0.046875 0.1765625 0.05 0.009375
3 0.0375 0.1640625 0.0328125 0.0078125
15 0.2 0.171875 0.121875 0.0453125
3 0.2125 0.171875 0.0453125 0.0109375
15 0.3078125 0.171875 0.0828125 0.04375
3 0.3203125 0.171875 0.025 0.009375
15 0.4046875 0.171875 0.09375 0.04375
3 0.4171875 0.171875 0.04375 0.0125
3 0.8953125 0.1671875 0.0296875 0.009375
3 0.8921875 0.1796875 0.025 0.009375
15 0.9390625 0.2390625 0.0953125 0.0453125
3 0.9484375 0.2390625 0.025 0.0125
15 0.8375 0.2390625 0.0953125 0.0421875
3 0.846875 0.2390625 0.0484375 0.0125
27 0.9640625 0.171875 0.00625 0.0046875
27 0.9234375 0.2375 0.0109375 0.0140625
27 0.8125 0.2375 0.0125 0.009375
27 0.7625 0.2390625 0.0171875 0.0171875
27 0.7125 0.2375 0.0125 0.0109375
27 0.6625 0.2390625 0.0203125 0.01875
27 0.796875 0.171875 0.015625 0.0171875
11 0.85625 0.171875 0.0328125 0.0328125
38 0.6515625 0.171875 0.2296875 0.04375
27 0.1765625 0.171875 0.015625 0.015625
27 0.29375 0.171875 0.0171875 0.0140625
27 0.38125 0.171875 0.0171875 0.015625
27 0.2828125 0.3875 0.0140625 0.0109375
27 0.6125 0.3875 0.0140625 0.0125
27 0.9390625 0.3875 0.0140625 0.0109375
27 0.8921875 0.503125 0.015625 0.0109375
27 0.6109375 0.48125 0.0125 0.0109375