10 0.5 0.225 1 0.0421875
28 0.025 0.221875 0.0140625 0.01875
3 0.0609375 0.221875 0.034375 0.0109375
38 0.153125 0.221875 0.1125 0.028125
3 0.4921875 0.2203125 0.028125 0.009375
3 0.5328125 0.2203125 0.0203125 0.009375
3 0.578125 0.2203125 0.0359375 0.0109375
3 0.65 0.221875 0.0765625 0.0109375
3 0.7171875 0.2203125 0.0265625 0.009375
3 0.778125 0.2203125 0.0359375 0.009375
3 0.8375 0.2203125 0.028125 0.009375
15 0.909375 0.2203125 0.071875 0.0234375
3 0.903125 0.2203125 0.0453125 0.009375
27 0.7390625 0.2203125 0.009375 0.0046875
15 0.134375 0.440625 0.084375 0.0296875
3 0.134375 0.440625 0.059375 0.009375
27 0.8015625 0.2203125 0.00625 0.00625
27 0.859375 0.2203125 0.0078125 0.0046875
27 0.9328125 0.2203125 0.0078125 0.00625
23 0.9515625 0.221875 0.0015625 0.01875
15 0.221875 0.440625 0.071875 0.0296875
3 0.2203125 0.440625 0.0453125 0.009375
15 0.3140625 0.440625 0.096875 0.0296875
3 0.315625 0.440625 0.075 0.009375
16 0.225 0.571875 0.26875 0.14375
3 0.15625 0.56875 0.0984375 0.0125
16 0.778125 0.571875 0.26875 0.1421875
3 0.778125 0.60625 0.23125 0.028125
3 0.2828125 0.3796875 0.3875 0.0421875
16 0.7796875 0.7234375 0.2671875 0.14375
3 0.7671875 0.7578125 0.209375 0.025
36 0.978125 0.2203125 0.0296875 0.0171875
3 0.209375 0.6015625 0.2015625 0.028125
16 0.225 0.7234375 0.265625 0.14375
3 0.1296875 0.728125 0.040625 0.0109375
3 0.2140625 0.759375 0.2109375 0.0296875
16 0.5015625 0.721875 0.26875 0.14375
3 0.4 0.7140625 0.028125 0.0140625
3 0.496875 0.7453125 0.2203125 0.028125
16 0.5015625 0.5703125 0.26875 0.14375
3 0.434375 0.5703125 0.0921875 0.0109375
3 0.5 0.6015625 0.2296875 0.028125
3 0.7203125 0.5734375 0.1109375 0.0109375
3 0.7296875 0.7265625 0.13125 0.0140625
28 0.6859375 0.3546875 0.1125 0.15625
3 0.146875 0.275 0.109375 0.034375
3 0.2390625 0.3234375 0.29375 0.0390625
28 0.128125 0.53125 0.0390625 0.034375
28 0.1265625 0.6875 0.0390625 0.0359375
28 0.403125 0.68125 0.0390625 0.0265625
28 0.4046875 0.5328125 0.0375 0.0328125
28 0.68125 0.5359375 0.040625 0.0375
28 0.68125 0.6875 0.0375 0.0375