10 0.5 0.0359375 1 0.059375
28 0.0328125 0.03125 0.021875 0.025
28 0.246875 0.3359375 0.3453125 0.3546875
28 0.7125 0.753125 0.3671875 0.4296875
3 0.071875 0.034375 0.046875 0.0125
15 0.6140625 0.034375 0.0578125 0.0296875
3 0.6140625 0.034375 0.0296875 0.0109375
3 0.6875 0.034375 0.053125 0.009375
3 0.7828125 0.034375 0.075 0.0109375
15 0.8875 0.034375 0.0984375 0.0296875
3 0.8875 0.034375 0.071875 0.009375
3 0.6828125 0.2109375 0.309375 0.0265625
3 0.7 0.25 0.34375 0.03125
3 0.6828125 0.303125 0.2578125 0.0109375
3 0.7 0.340625 0.2953125 0.0125
3 0.7234375 0.378125 0.340625 0.0125
3 0.696875 0.415625 0.2875 0.0125
3 0.709375 0.453125 0.3140625 0.0140625
27 0.5359375 0.303125 0.0125 0.0125
27 0.5359375 0.340625 0.0125 0.0125
27 0.5359375 0.378125 0.0125 0.0140625
27 0.5359375 0.415625 0.0125 0.0125
27 0.5359375 0.453125 0.0125 0.0125
27 0.0703125 0.7 0.0125 0.0140625
27 0.0703125 0.7375 0.0140625 0.0140625
27 0.0703125 0.775 0.0125 0.0125
27 0.0703125 0.8125 0.0125 0.0140625
27 0.0703125 0.85 0.0125 0.0140625
15 0.1203125 0.9015625 0.115625 0.0296875
27 0.0796875 0.9015625 0.0109375 0.0125
3 0.1296875 0.9015625 0.0703125 0.0125
3 0.24375 0.85 0.3125 0.0140625
3 0.240625 0.8125 0.3046875 0.0125
3 0.1390625 0.775 0.1015625 0.0140625
3 0.1609375 0.7375 0.1453125 0.0140625
3 0.16875 0.7 0.1625 0.0125
3 0.240625 0.646875 0.35625 0.0328125
3 0.1875 0.6078125 0.2484375 0.0265625