5 0.5 0.0875 0.709375 0.175
10 0.8453125 0.5890625 0.0171875 0.821875
38 0.85 0.3734375 0.009375 0.3484375
11 0.85 0.93125 0.0078125 0.0328125
3 0.853125 0.9671875 0.003125 0.028125
16 0.7625 0.29375 0.1109375 0.1921875
3 0.7984375 0.2390625 0.009375 0.0578125
3 0.76875 0.2421875 0.015625 0.0609375
3 0.7328125 0.3234375 0.0109375 0.08125
19 0.7328125 0.24375 0.028125 0.065625
3 0.7328125 0.253125 0.0109375 0.0328125
16 0.7625 0.5046875 0.1109375 0.190625
19 0.7328125 0.4578125 0.0296875 0.0765625
3 0.7328125 0.4671875 0.0109375 0.0421875
3 0.73125 0.53125 0.0109375 0.059375
3 0.76875 0.4453125 0.0171875 0.0484375
3 0.7984375 0.453125 0.0109375 0.0640625
16 0.7625 0.7140625 0.109375 0.190625
3 0.7984375 0.6578125 0.009375 0.05625
3 0.7703125 0.6421875 0.015625 0.0234375
19 0.734375 0.6703125 0.0296875 0.078125
3 0.7328125 0.6796875 0.0109375 0.0453125
3 0.7328125 0.75 0.009375 0.0703125
16 0.7609375 0.9140625 0.1109375 0.171875
3 0.7984375 0.8765625 0.009375 0.075
3 0.7703125 0.859375 0.015625 0.0390625
19 0.7328125 0.878125 0.0265625 0.0765625
3 0.7328125 0.8890625 0.0109375 0.0421875
3 0.73125 0.9609375 0.0109375 0.078125
16 0.575 0.8609375 0.2296875 0.2765625
20 0.665625 0.95625 0.028125 0.0859375
3 0.6671875 0.80625 0.015625 0.1453125
1 0.559375 0.865625 0.1515625 0.2671875
3 0.58125 0.809375 0.009375 0.025
3 0.5578125 0.8078125 0.015625 0.0484375
3 0.534375 0.8078125 0.0125 0.0359375
16 0.5734375 0.4515625 0.23125 0.50625
3 0.6671875 0.278125 0.015625 0.140625
20 0.6640625 0.65 0.028125 0.0875
27 0.7328125 0.8546875 0.0140625 0.0078125
27 0.7328125 0.6453125 0.0125 0.0125
27 0.7328125 0.434375 0.0125 0.009375
34 0.559375 0.4515625 0.1734375 0.4859375
16 0.29375 0.45 0.296875 0.50625
16 0.29375 0.8609375 0.2984375 0.278125
3 0.41875 0.8359375 0.015625 0.2109375
3 0.3671875 0.8171875 0.0125 0.0734375
3 0.384375 0.80625 0.0109375 0.05625
3 0.3265625 0.778125 0.0109375 0.09375
3 0.325 0.93125 0.0140625 0.1203125
3 0.29375 0.90625 0.0125 0.0703125
3 0.2625 0.88125 0.0109375 0.021875
3 0.2296875 0.8875 0.0125 0.0359375
3 0.196875 0.9015625 0.0125 0.0640625
3 0.1640625 0.9 0.0140625 0.0625
3 0.1640625 0.7796875 0.0125 0.0984375
3 0.196875 0.7578125 0.0140625 0.053125
3 0.2296875 0.7859375 0.0109375 0.1078125
3 0.2609375 0.765625 0.0140625 0.06875
3 0.2921875 0.771875 0.0140625 0.08125
11 0.3765625 0.7515625 0.0359375 0.0375
27 0.4203125 0.99375 0.0171875 0.0109375
21 0.278125 0.4515625 0.21875 0.4828125
3 0.41875 0.271875 0.0171875 0.1265625
20 0.4171875 0.653125 0.028125 0.08125