10 0.5 0.0453125 0.440625 0.0890625
17 0.5 0.2640625 0.421875 0.1859375
3 0.340625 0.1359375 0.0921875 0.0265625
15 0.6609375 0.134375 0.0875 0.0546875
3 0.6625 0.1359375 0.0359375 0.0171875
16 0.5 0.459375 0.4109375 0.1703125
3 0.359375 0.4109375 0.09375 0.021875
3 0.3859375 0.471875 0.1453125 0.0203125
3 0.646875 0.4109375 0.075 0.0234375
19 0.6171875 0.46875 0.0546875 0.0375
3 0.6171875 0.4703125 0.0359375 0.0203125
27 0.6671875 0.4703125 0.015625 0.0125
16 0.5 0.6296875 0.4140625 0.15
27 0.671875 0.5921875 0.0078125 0.028125
27 0.6765625 0.671875 0.0171875 0.01875
16 0.4984375 0.784375 0.409375 0.146875
27 0.671875 0.746875 0.009375 0.0265625
16 0.496875 0.9328125 0.4109375 0.134375
27 0.671875 0.9 0.00625 0.028125
27 0.3234375 0.825 0.0171875 0.0203125
27 0.3234375 0.671875 0.015625 0.01875
27 0.6765625 0.0421875 0.0296875 0.03125
27 0.3203125 0.04375 0.03125 0.03125
27 0.3234375 0.978125 0.0171875 0.01875
27 0.44375 0.978125 0.01875 0.015625
3 0.4125 0.0453125 0.140625 0.025
3 0.60625 0.515625 0.1609375 0.015625
3 0.353125 0.5890625 0.08125 0.015625
19 0.36875 0.621875 0.109375 0.028125
3 0.36875 0.6234375 0.0890625 0.0140625
19 0.4921875 0.6234375 0.125 0.028125
3 0.49375 0.6234375 0.10625 0.0125
3 0.6171875 0.671875 0.08125 0.01875
3 0.3765625 0.671875 0.0796875 0.0140625
3 0.3578125 0.74375 0.090625 0.01875
19 0.403125 0.7765625 0.053125 0.028125
3 0.403125 0.778125 0.034375 0.0125
19 0.3421875 0.7765625 0.0578125 0.0265625
3 0.3421875 0.7796875 0.0390625 0.0125
3 0.6375 0.828125 0.0953125 0.0171875
3 0.378125 0.825 0.08125 0.0140625
3 0.340625 0.8984375 0.0546875 0.0171875
19 0.3609375 0.93125 0.0953125 0.0265625
3 0.3609375 0.93125 0.0765625 0.015625
19 0.4859375 0.93125 0.1453125 0.0265625
3 0.4859375 0.93125 0.1265625 0.0109375
3 0.6359375 0.98125 0.0984375 0.0203125
3 0.4984375 0.9796875 0.0828125 0.0171875
3 0.3796875 0.9796875 0.0875 0.0140625