3 0.3390625 0.025 0.0578125 0.0234375
3 0.3390625 0.7453125 0.0578125 0.01875
3 0.3375 0.3859375 0.0515625 0.0234375
3 0.39375 0.0890625 0.0609375 0.021875
3 0.390625 0.1421875 0.0578125 0.0234375
3 0.396875 0.45 0.0671875 0.0234375
3 0.3953125 0.5015625 0.0625 0.0203125
3 0.3921875 0.809375 0.0640625 0.021875
3 0.390625 0.5515625 0.0609375 0.0203125
3 0.3859375 0.24375 0.046875 0.0203125
3 0.39375 0.2953125 0.0625 0.01875
3 0.3828125 0.1921875 0.0421875 0.0203125
3 0.409375 0.6046875 0.0953125 0.0234375
3 0.4046875 0.8609375 0.084375 0.021875
3 0.3984375 0.6546875 0.075 0.021875
3 0.3921875 0.9140625 0.0625 0.0234375
3 0.421875 0.965625 0.11875 0.0265625
18 0.3359375 0.8125 0.0296875 0.0296875
18 0.3375 0.65625 0.0265625 0.0265625
18 0.3375 0.5015625 0.0265625 0.0265625
18 0.3375 0.090625 0.0265625 0.0265625
18 0.3375 0.553125 0.028125 0.0296875
18 0.3375 0.9140625 0.0265625 0.0265625
18 0.3375 0.19375 0.0265625 0.0265625
18 0.3375 0.1421875 0.0296875 0.0265625
18 0.3375 0.8625 0.028125 0.0265625
18 0.3375 0.4515625 0.028125 0.0265625
18 0.3375 0.6046875 0.0265625 0.028125
18 0.3375 0.965625 0.028125 0.028125
18 0.3375 0.24375 0.0265625 0.0265625
18 0.3375 0.2953125 0.0265625 0.0265625
23 0.509375 0.3453125 0.39375 0.0046875
23 0.509375 0.70625 0.4125 0.0046875