16 0.4375 0.1828125 0.3984375 0.3453125
3 0.45 0.18125 0.0171875 0.1015625
16 0.4375 0.54375 0.3984375 0.3453125
3 0.45 0.540625 0.015625 0.121875
16 0.4390625 0.865625 0.4 0.26875
3 0.45 0.903125 0.015625 0.0796875
3 0.74375 0.5421875 0.025 0.1328125
3 0.3453125 0.18125 0.009375 0.2203125
3 0.3609375 0.1828125 0.0125 0.175
3 0.3765625 0.18125 0.0125 0.2125
3 0.3609375 0.54375 0.0109375 0.1734375
3 0.3765625 0.5421875 0.0125 0.2140625
3 0.3609375 0.903125 0.0109375 0.1734375
3 0.3765625 0.896875 0.0125 0.2046875
3 0.3453125 0.54375 0.0125 0.221875
3 0.3453125 0.896875 0.0125 0.2046875
3 0.3296875 0.18125 0.0125 0.140625
3 0.3296875 0.54375 0.0125 0.14375
3 0.3296875 0.9046875 0.0109375 0.14375
19 0.4125 0.1828125 0.0265625 0.09375
3 0.4140625 0.1828125 0.0109375 0.071875
19 0.4140625 0.54375 0.025 0.0421875
3 0.4140625 0.5421875 0.0109375 0.021875
19 0.4140625 0.9046875 0.028125 0.065625
3 0.4125 0.9046875 0.0125 0.046875
28 0.5328125 0.9046875 0.1203125 0.1203125
28 0.2796875 0.1359375 0.0375 0.0390625
11 0.2796875 0.496875 0.0359375 0.0359375
11 0.28125 0.5890625 0.0359375 0.0359375
11 0.28125 0.18125 0.034375 0.034375
11 0.28125 0.95 0.0359375 0.0359375
11 0.28125 0.228125 0.034375 0.0359375
11 0.28125 0.903125 0.0359375 0.0359375
11 0.28125 0.85625 0.0359375 0.0359375
11 0.28125 0.54375 0.0359375 0.0359375
28 0.53125 0.5421875 0.11875 0.128125
28 0.53125 0.18125 0.1203125 0.121875
3 0.70625 0.5421875 0.01875 0.6296875
3 0.68125 0.54375 0.015625 0.3453125