15 0.5734375 0.753125 0.1265625 0.025
27 0.621875 0.7515625 0.009375 0.0078125
3 0.74375 0.6515625 0.46875 0.03125
3 0.6375 0.3640625 0.259375 0.0125
3 0.6484375 0.49375 0.284375 0.0140625
3 0.6484375 0.621875 0.2890625 0.0125
3 0.7359375 0.5234375 0.45625 0.0296875
3 0.7421875 0.39375 0.4671875 0.0265625
3 0.54375 0.4203125 0.0703125 0.0125
3 0.54375 0.55 0.075 0.0109375
3 0.54375 0.6796875 0.0734375 0.0109375
3 0.6203125 0.4203125 0.05625 0.0109375
3 0.6296875 0.55 0.075 0.0109375
3 0.6234375 0.68125 0.059375 0.0109375
23 0.74375 0.45625 0.4734375 0.0078125
23 0.74375 0.5859375 0.490625 0.00625
23 0.740625 0.715625 0.475 0.0046875
3 0.203125 0.3171875 0.3640625 0.0453125
3 0.1734375 0.2546875 0.3046875 0.046875
28 0.2046875 0.5625 0.36875 0.4078125
3 0.565625 0.753125 0.090625 0.0109375