16 0.76875 0.4953125 0.3625 0.296875
3 0.6609375 0.3703125 0.1203125 0.0171875
3 0.625 0.415625 0.05 0.0125
3 0.9140625 0.4140625 0.0390625 0.0140625
3 0.9171875 0.4625 0.03125 0.0140625
3 0.9171875 0.5078125 0.0328125 0.0140625
3 0.909375 0.5546875 0.05 0.0125
3 0.6546875 0.4625 0.10625 0.0140625
3 0.6390625 0.5078125 0.0765625 0.0125
3 0.634375 0.55625 0.0671875 0.0125
15 0.76875 0.6109375 0.3328125 0.0390625
3 0.76875 0.6109375 0.0671875 0.0125
23 0.7671875 0.4375 0.334375 0.003125
23 0.7671875 0.484375 0.3328125 0.003125
23 0.76875 0.53125 0.3328125 0.003125
23 0.296875 0.540625 0.525 0.003125
20 0.4375 0.365625 0.0609375 0.0359375
20 0.434375 0.584375 0.0625 0.0359375
27 0.55 0.575 0.0109375 0.0125
27 0.55 0.3578125 0.0109375 0.0125
27 0.2296875 0.4984375 0.015625 0.0109375
27 0.2296875 0.7171875 0.015625 0.0125
3 0.2734375 0.715625 0.0484375 0.0125
3 0.2359375 0.6171875 0.0484375 0.0125
3 0.25 0.596875 0.0734375 0.0125
3 0.2703125 0.578125 0.1125 0.0125
3 0.2734375 0.496875 0.0484375 0.0109375
3 0.2359375 0.4 0.0484375 0.0125
3 0.2546875 0.3796875 0.0828125 0.0125
3 0.2734375 0.359375 0.1203125 0.0125
3 0.1625 0.3 0.25625 0.0421875
28 0.1171875 0.43125 0.16875 0.16875
28 0.1171875 0.65 0.16875 0.1671875