22 0.503125 0.490625 0.5703125 0.765625
3 0.759375 0.8203125 0.0140625 0.0703125
27 0.759375 0.1359375 0.0125 0.0109375
38 0.7140625 0.678125 0.0328125 0.3546875
16 0.5953125 0.7671875 0.1859375 0.178125
16 0.5953125 0.584375 0.1859375 0.178125
16 0.5953125 0.4 0.1859375 0.178125
16 0.5953125 0.215625 0.184375 0.1765625
16 0.5953125 0.115625 0.184375 0.0109375
16 0.40625 0.1171875 0.1828125 0.0109375
16 0.40625 0.215625 0.1859375 0.178125
16 0.40625 0.4 0.1859375 0.178125
16 0.40625 0.5828125 0.184375 0.1796875
16 0.40625 0.7671875 0.1859375 0.178125
28 0.6359375 0.76875 0.075 0.11875
28 0.6328125 0.584375 0.09375 0.121875
28 0.6390625 0.4 0.0875 0.0890625
28 0.446875 0.7671875 0.0875 0.0875
28 0.4453125 0.5859375 0.0640625 0.1109375
28 0.4484375 0.4015625 0.0859375 0.0984375
28 0.45 0.2171875 0.0734375 0.1296875
28 0.634375 0.2171875 0.0765625 0.125
3 0.571875 0.8125 0.0109375 0.071875
3 0.571875 0.703125 0.0125 0.0296875
3 0.553125 0.7671875 0.0078125 0.1625
3 0.5359375 0.834375 0.009375 0.0234375
3 0.521875 0.796875 0.0078125 0.1015625
3 0.5359375 0.7921875 0.0078125 0.040625
3 0.5359375 0.75 0.009375 0.0203125
3 0.5359375 0.715625 0.0078125 0.025
3 0.521875 0.73125 0.0046875 0.0078125
3 0.571875 0.61875 0.009375 0.0875
3 0.571875 0.521875 0.0109375 0.0359375
3 0.5546875 0.5828125 0.0078125 0.159375
3 0.5359375 0.6515625 0.0078125 0.0234375
3 0.5359375 0.6078125 0.00625 0.0390625
3 0.5359375 0.565625 0.0078125 0.0203125
3 0.5359375 0.53125 0.0078125 0.0234375
3 0.521875 0.6125 0.0078125 0.1015625
3 0.521875 0.5484375 0.00625 0.0078125
3 0.571875 0.446875 0.009375 0.065625
3 0.571875 0.3359375 0.0125 0.0296875
3 0.553125 0.4 0.0078125 0.159375
3 0.5359375 0.46875 0.0078125 0.0234375
3 0.5359375 0.425 0.0078125 0.040625
3 0.5359375 0.3828125 0.0078125 0.01875
3 0.5359375 0.3484375 0.0078125 0.0234375
3 0.521875 0.3640625 0.0046875 0.0078125
3 0.521875 0.428125 0.00625 0.1015625
3 0.571875 0.2625 0.009375 0.06875
3 0.5546875 0.215625 0.0078125 0.1609375
3 0.571875 0.1546875 0.0109375 0.034375
3 0.5359375 0.284375 0.0078125 0.0234375
3 0.5359375 0.240625 0.0078125 0.040625
3 0.5359375 0.1984375 0.0078125 0.01875
3 0.5359375 0.1640625 0.0078125 0.025
3 0.521875 0.2453125 0.0078125 0.1015625
3 0.521875 0.18125 0.0078125 0.009375
3 0.3828125 0.1515625 0.0109375 0.03125
3 0.38125 0.26875 0.009375 0.05625
3 0.3640625 0.215625 0.00625 0.1609375
3 0.346875 0.284375 0.00625 0.021875
3 0.33125 0.2453125 0.0078125 0.1015625
3 0.3328125 0.18125 0.0046875 0.0078125
3 0.346875 0.240625 0.0078125 0.040625
3 0.3453125 0.1984375 0.009375 0.01875
3 0.346875 0.1640625 0.00625 0.0234375
3 0.38125 0.3359375 0.0109375 0.0296875
3 0.38125 0.4453125 0.0078125 0.0703125
3 0.3640625 0.4 0.0078125 0.159375
3 0.346875 0.3484375 0.00625 0.0234375
3 0.3328125 0.3640625 0.00625 0.009375
3 0.33125 0.428125 0.0078125 0.1015625
3 0.3453125 0.3828125 0.0078125 0.01875
3 0.346875 0.425 0.0078125 0.040625
3 0.346875 0.46875 0.0078125 0.021875
3 0.3828125 0.6109375 0.009375 0.1046875
3 0.3828125 0.51875 0.0109375 0.03125
3 0.3640625 0.5828125 0.0078125 0.1609375
3 0.346875 0.6515625 0.00625 0.021875
3 0.346875 0.6078125 0.0078125 0.040625
3 0.3453125 0.565625 0.0078125 0.021875
3 0.346875 0.53125 0.0078125 0.025
3 0.33125 0.6125 0.0078125 0.1015625
3 0.3328125 0.5484375 0.00625 0.009375
3 0.38125 0.8125 0.009375 0.06875
3 0.3828125 0.70625 0.009375 0.0375
3 0.3640625 0.7671875 0.00625 0.159375
3 0.346875 0.715625 0.00625 0.0234375
3 0.3328125 0.73125 0.0046875 0.0078125
3 0.3453125 0.75 0.009375 0.0203125
3 0.346875 0.790625 0.00625 0.040625
3 0.346875 0.8359375 0.00625 0.021875
3 0.33125 0.7953125 0.0078125 0.1015625
27 0.675 0.690625 0.0140625 0.0140625
27 0.484375 0.50625 0.0140625 0.0140625
27 0.675 0.321875 0.0140625 0.0140625
27 0.4859375 0.1390625 0.0140625 0.0140625
15 0.2515625 0.784375 0.03125 0.140625
27 0.2515625 0.834375 0.009375 0.009375
3 0.2515625 0.7765625 0.0109375 0.0859375
15 0.253125 0.171875 0.03125 0.090625
3 0.2515625 0.1734375 0.0078125 0.034375