16 0.578125 0.509375 0.84375 0.68125
5 0.071875 0.4984375 0.1421875 0.7046875
37 0.5734375 0.5 0.8515625 0.7078125
16 0.2625 0.4109375 0.184375 0.2140625
16 0.4546875 0.409375 0.184375 0.2140625
16 0.646875 0.409375 0.1859375 0.2140625
16 0.2609375 0.6328125 0.184375 0.2171875
16 0.4546875 0.634375 0.184375 0.2171875
16 0.646875 0.634375 0.184375 0.2171875
16 0.453125 0.8 0.56875 0.1
16 0.8765625 0.5703125 0.246875 0.5390625
3 0.2203125 0.2 0.0953125 0.015625
3 0.9359375 0.1953125 0.05625 0.015625
3 0.215625 0.2859375 0.0875 0.0125
3 0.296875 0.2859375 0.0375 0.0109375
3 0.3515625 0.2859375 0.0375 0.0109375
3 0.2140625 0.453125 0.0703125 0.0109375
3 0.20625 0.471875 0.053125 0.0109375
3 0.259375 0.4953125 0.128125 0.0109375
3 0.41875 0.453125 0.0953125 0.0125
3 0.3984375 0.471875 0.0515625 0.0109375
3 0.4515625 0.49375 0.1265625 0.009375
3 0.6046875 0.453125 0.08125 0.0109375
3 0.590625 0.471875 0.053125 0.009375
3 0.6484375 0.4953125 0.1375 0.009375
3 0.60625 0.678125 0.084375 0.0109375
3 0.590625 0.696875 0.053125 0.009375
3 0.64375 0.71875 0.128125 0.0078125
3 0.4046875 0.6765625 0.065625 0.0109375
3 0.3984375 0.696875 0.0515625 0.0109375
3 0.45 0.7203125 0.1265625 0.009375
3 0.2203125 0.6765625 0.078125 0.0109375
3 0.20625 0.696875 0.053125 0.009375
3 0.265625 0.71875 0.140625 0.009375
3 0.484375 0.784375 0.128125 0.0171875
3 0.509375 0.8078125 0.140625 0.0078125
4 0.88125 0.7109375 0.2328125 0.23125
3 0.8015625 0.571875 0.0703125 0.015625
3 0.846875 0.534375 0.0828125 0.009375
3 0.8453125 0.515625 0.0796875 0.0125
3 0.86875 0.48125 0.1265625 0.0109375
3 0.840625 0.4625 0.0703125 0.0125
3 0.85 0.409375 0.0875 0.0125
3 0.83125 0.4265625 0.0515625 0.009375
3 0.8875 0.3734375 0.1671875 0.009375
3 0.84375 0.35625 0.075 0.0109375
3 0.828125 0.325 0.1234375 0.0140625
28 0.2609375 0.371875 0.1625 0.1203125
28 0.4546875 0.371875 0.1625 0.1203125
28 0.646875 0.371875 0.1625 0.1203125
28 0.646875 0.596875 0.1640625 0.1203125
28 0.4546875 0.596875 0.1640625 0.121875
28 0.2609375 0.596875 0.1640625 0.1203125
28 0.2921875 0.80625 0.215625 0.084375
27 0.428125 0.8078125 0.009375 0.0125
27 0.7140625 0.7765625 0.0109375 0.015625
27 0.571875 0.71875 0.0078125 0.0109375
27 0.378125 0.7203125 0.0078125 0.0109375
27 0.1859375 0.71875 0.0078125 0.0109375
27 0.571875 0.4953125 0.00625 0.0109375
27 0.378125 0.4953125 0.0078125 0.0109375
27 0.1859375 0.4953125 0.0078125 0.0109375
36 0.9875 0.1953125 0.0234375 0.0171875
20 0.721875 0.24375 0.1796875 0.0390625
20 0.5546875 0.2421875 0.128125 0.0375
27 0.990625 0.321875 0.0046875 0.0109375
27 0.990625 0.5703125 0.003125 0.009375
23 0.875 0.3890625 0.2171875 0.0015625
23 0.875 0.4421875 0.215625 0.0015625
23 0.875 0.4953125 0.2171875 0.0015625
38 0.9125 0.2421875 0.175 0.0375
38 0.4203125 0.24375 0.1125 0.0375
38 0.2609375 0.2421875 0.1796875 0.0390625