3 0.153125 0.1921875 0.0375 0.25625
3 0.18125 0.103125 0.0140625 0.08125
3 0.18125 0.7546875 0.0125 0.0828125
3 0.18125 0.4328125 0.0125 0.090625
3 0.0484375 0.19375 0.0390625 0.2609375
3 0.078125 0.1140625 0.0125 0.103125
3 0.078125 0.425 0.0125 0.075
3 0.078125 0.7640625 0.0125 0.1
28 0.16875 0.0359375 0.0359375 0.034375
28 0.0640625 0.0359375 0.0328125 0.0328125
3 0.153125 0.5140625 0.0375 0.2546875
3 0.9109375 0.4984375 0.0125 0.525
28 0.065625 0.6875 0.03125 0.03125
3 0.1515625 0.8375 0.0390625 0.2453125
3 0.0484375 0.846875 0.0375 0.2625
28 0.16875 0.6875 0.034375 0.034375
28 0.16875 0.3609375 0.034375 0.034375
28 0.0640625 0.3609375 0.034375 0.034375
3 0.0484375 0.5203125 0.0390625 0.2609375
3 0.890625 0.4984375 0.0125 0.284375
3 0.95 0.4984375 0.025 0.3765625
3 0.98125 0.4984375 0.0140625 0.1578125
28 0.5390625 0.4984375 0.5953125 0.9375