16 0.5 0.4921875 0.740625 0.9765625
27 0.7953125 0.8890625 0.04375 0.0421875
3 0.7921875 0.725 0.034375 0.2671875
3 0.6640625 0.796875 0.040625 0.2328125
29 0.375 0.709375 0.103125 0.40625
3 0.4484375 0.8359375 0.0265625 0.153125
3 0.5078125 0.5109375 0.034375 0.25625
29 0.3734375 0.2734375 0.1015625 0.4078125
3 0.4484375 0.4109375 0.0296875 0.134375
15 0.203125 0.453125 0.084375 0.246875
3 0.2046875 0.453125 0.03125 0.16875
15 0.2046875 0.19375 0.0828125 0.2421875
3 0.203125 0.19375 0.0265625 0.0859375
23 0.7234375 0.49375 0.0109375 0.9703125
23 0.509375 0.784375 0.0109375 0.2703125
23 0.5078125 0.2359375 0.0109375 0.2703125
23 0.2765625 0.49375 0.009375 0.9734375
19 0.590625 0.840625 0.06875 0.1453125
19 0.5875 0.66875 0.065625 0.165625
19 0.5890625 0.4875 0.06875 0.171875
19 0.590625 0.3 0.071875 0.1734375
3 0.590625 0.840625 0.0296875 0.0890625
3 0.5890625 0.6671875 0.03125 0.103125
3 0.5875 0.4859375 0.03125 0.1046875
3 0.5890625 0.3 0.03125 0.1078125