3 0.1890625 0.5328125 0.378125 0.05
3 0.6453125 0.60625 0.2953125 0.0140625
3 0.725 0.5734375 0.4546875 0.0296875
3 0.0234375 0.6453125 0.0453125 0.0125
3 0.1890625 0.5984375 0.3765625 0.0484375
3 0.7078125 0.434375 0.4234375 0.028125
3 0.659375 0.465625 0.321875 0.0140625
3 0.528125 0.6328125 0.0640625 0.0109375
3 0.5296875 0.49375 0.0640625 0.0109375
19 0.6015625 0.6328125 0.0671875 0.0171875
3 0.6015625 0.63125 0.0546875 0.009375
19 0.6078125 0.4921875 0.0828125 0.0171875
3 0.6078125 0.4921875 0.0734375 0.009375
15 0.0546875 0.4765625 0.1078125 0.0234375
3 0.040625 0.475 0.08125 0.0109375
3 0.05 0.4265625 0.071875 0.0109375
3 0.559375 0.3984375 0.059375 0.0109375
3 0.5625 0.5375 0.0625 0.0109375
27 0.09375 0.475 0.0109375 0.0078125
23 0.2 0.4515625 0.3984375 0.003125
11 0.5078125 0.5375 0.0203125 0.01875
11 0.5078125 0.3984375 0.021875 0.021875