3 0.2390625 0.0890625 0.0265625 0.165625
3 0.55 0.0765625 0.025 0.1359375
16 0.2765625 0.503125 0.121875 0.3265625
3 0.28125 0.4546875 0.015625 0.171875
3 0.2546875 0.4046875 0.0125 0.0703125
16 0.2765625 0.8421875 0.121875 0.315625
3 0.253125 0.7421875 0.0125 0.0609375
16 0.5859375 0.8421875 0.11875 0.315625
3 0.5640625 0.7375 0.0140625 0.05
16 0.4140625 0.5046875 0.121875 0.3265625
3 0.3921875 0.409375 0.0109375 0.090625
16 0.7203125 0.8421875 0.1203125 0.315625
3 0.6984375 0.7546875 0.0125 0.0875
16 0.4140625 0.8421875 0.1234375 0.315625
3 0.3921875 0.7390625 0.0140625 0.0578125
16 0.5859375 0.5046875 0.11875 0.3265625
3 0.5640625 0.4 0.0125 0.065625
3 0.28125 0.7921875 0.015625 0.171875
3 0.41875 0.7859375 0.0140625 0.1515625
3 0.4203125 0.4421875 0.0140625 0.153125
16 0.7203125 0.5046875 0.121875 0.3265625
3 0.6984375 0.3890625 0.0125 0.040625
3 0.2984375 0.4140625 0.0125 0.0875
3 0.4375 0.4140625 0.0109375 0.0953125
3 0.2984375 0.7578125 0.0109375 0.090625
3 0.4375 0.7578125 0.0109375 0.090625
3 0.60625 0.425 0.0109375 0.1109375
3 0.5890625 0.4203125 0.0109375 0.1015625
3 0.5890625 0.7640625 0.0109375 0.1046875
3 0.7234375 0.75625 0.0109375 0.0859375
3 0.2921875 0.1734375 0.0359375 0.3265625
3 0.6015625 0.1734375 0.034375 0.3296875
3 0.7234375 0.409375 0.0109375 0.0828125
3 0.740625 0.4140625 0.0125 0.0984375
3 0.740625 0.78125 0.0125 0.1421875
3 0.6046875 0.7609375 0.0125 0.1
23 0.5 0.503125 0.009375 0.9921875