3 0.1859375 0.6265625 0.025 0.14375
3 0.1859375 0.353125 0.025 0.1484375
3 0.1859375 0.903125 0.025 0.1515625
3 0.15 0.203125 0.0109375 0.0421875
3 0.1859375 0.0890625 0.0265625 0.165625
16 0.853125 0.525 0.1484375 0.34375
3 0.80625 0.4203125 0.0125 0.0546875
27 0.38125 0.003125 0.01875 0.00625
27 0.45625 0.003125 0.015625 0.00625
27 0.51875 0.003125 0.015625 0.00625
16 0.853125 0.85625 0.15 0.2859375
3 0.80625 0.7765625 0.0109375 0.0453125
3 0.6359375 0.5671875 0.0140625 0.0609375
27 0.6328125 0.0046875 0.015625 0.0078125
3 0.4515625 0.5703125 0.0140625 0.0671875
3 0.3828125 0.5625 0.0125 0.0484375
19 0.4625 0.1828125 0.0296875 0.06875
3 0.4609375 0.184375 0.0125 0.0546875
3 0.5875 0.0234375 0.0140625 0.046875
3 0.8953125 0.7484375 0.0109375 0.0484375
3 0.8953125 0.3875 0.0109375 0.05
16 0.853125 0.1671875 0.1484375 0.334375
3 0.8078125 0.0484375 0.0125 0.0328125
3 0.15 0.475 0.0109375 0.0484375
3 0.3359375 0.0125 0.0140625 0.025
3 0.0671875 0.03125 0.009375 0.0625
3 0.8953125 0.0234375 0.0109375 0.046875
3 0.521875 0.075 0.015625 0.0921875
3 0.459375 0.078125 0.0140625 0.1015625
3 0.384375 0.075 0.0140625 0.0921875
3 0.6359375 0.078125 0.0140625 0.1
3 0.15 0.7484375 0.009375 0.046875
3 0.521875 0.55625 0.0125 0.0390625
3 0.85625 0.7609375 0.0109375 0.075
3 0.74375 0.040625 0.0125 0.0796875
3 0.2890625 0.0421875 0.0140625 0.084375
3 0.85625 0.0375 0.0109375 0.0734375
3 0.9 0.596875 0.0125 0.0609375
3 0.1484375 0.028125 0.0109375 0.0515625
3 0.85625 0.3984375 0.0125 0.0796875
3 0.9 0.21875 0.0109375 0.05625
3 0.65625 0.0609375 0.0109375 0.0671875
3 0.4734375 0.5546875 0.0109375 0.034375
3 0.0671875 0.290625 0.0078125 0.05625
3 0.4046875 0.0609375 0.0109375 0.065625
3 0.54375 0.0609375 0.0109375 0.0671875
3 0.9 0.965625 0.0109375 0.05625
3 0.0671875 0.2125 0.009375 0.0859375
3 0.1484375 0.853125 0.0109375 0.05625
3 0.5453125 0.990625 0.0109375 0.01875
3 0.54375 0.56875 0.0109375 0.065625
3 0.65625 0.58125 0.0109375 0.0875
3 0.146875 0.3265625 0.0125 0.103125
3 0.4078125 0.990625 0.009375 0.0171875
3 0.4765625 0.990625 0.009375 0.01875
3 0.8578125 0.6375 0.0125 0.096875
3 0.85625 0.3078125 0.0109375 0.0328125
3 0.3828125 0.975 0.0140625 0.05
3 0.1484375 0.6125 0.0125 0.11875
3 0.634375 0.9734375 0.0125 0.0515625
3 0.659375 0.990625 0.009375 0.01875
3 0.453125 0.9734375 0.0125 0.0515625
3 0.4046875 0.58125 0.0109375 0.090625
3 0.85625 0.9734375 0.0125 0.0515625
3 0.521875 0.9734375 0.0125 0.0515625
19 0.3859375 0.1625 0.028125 0.0453125
3 0.3859375 0.1625 0.0125 0.0234375
19 0.9015625 0.6625 0.028125 0.0421875
3 0.9015625 0.6609375 0.0125 0.025
19 0.525 0.1734375 0.028125 0.0640625
3 0.525 0.171875 0.0109375 0.04375
19 0.9015625 0.2890625 0.0296875 0.065625
3 0.9 0.290625 0.0109375 0.046875
19 0.6390625 0.1703125 0.028125 0.0453125
3 0.6390625 0.1703125 0.0125 0.025
27 0.809375 0.0171875 0.01875 0.01875
27 0.8078125 0.378125 0.015625 0.0171875
27 0.8078125 0.740625 0.015625 0.01875
27 0.809375 0.2984375 0.0125 0.01875
27 0.809375 0.6609375 0.0125 0.01875
23 0.8765625 0.1625 0.003125 0.321875
23 0.8765625 0.5234375 0.0046875 0.3203125
23 0.8765625 0.8640625 0.0046875 0.271875
3 0.06875 0.1171875 0.0109375 0.0734375
23 0.075 0.0703125 0.0234375 0.003125
15 0.071875 0.9671875 0.01875 0.0640625
23 0.0671875 0.984375 0.009375 0.03125
27 0.0671875 0.9546875 0.0078125 0.009375