16 0.1671875 0.5125 0.321875 0.121875
16 0.5 0.5125 0.3234375 0.121875
16 0.8328125 0.5125 0.3203125 0.121875
3 0.05 0.428125 0.0859375 0.015625
3 0.071875 0.475 0.0609375 0.0109375
3 0.159375 0.5109375 0.278125 0.0234375
3 0.0703125 0.5484375 0.0546875 0.009375
3 0.4125 0.475 0.0734375 0.0125
3 0.49375 0.5125 0.28125 0.021875
3 0.4078125 0.5484375 0.059375 0.009375
3 0.596875 0.5484375 0.0171875 0.00625
3 0.6421875 0.5484375 0.009375 0.0078125
3 0.7421875 0.475 0.06875 0.009375
3 0.828125 0.5109375 0.2796875 0.0234375
3 0.93125 0.5484375 0.0125 0.00625
3 0.975 0.5484375 0.009375 0.00625
3 0.7375 0.546875 0.05 0.0078125
27 0.9109375 0.5484375 0.0109375 0.0109375
27 0.95625 0.5484375 0.0125 0.0109375
27 0.6234375 0.5484375 0.0125 0.0109375
27 0.575 0.5484375 0.0125 0.009375
27 0.24375 0.5484375 0.009375 0.0109375
27 0.290625 0.5484375 0.0109375 0.0109375
3 0.2640625 0.5484375 0.0140625 0.0078125
3 0.3078125 0.5484375 0.009375 0.00625
11 0.03125 0.5484375 0.0203125 0.0203125
11 0.3640625 0.5484375 0.01875 0.0203125
11 0.696875 0.5484375 0.01875 0.0203125
28 0.696875 0.4765625 0.015625 0.015625
28 0.3625 0.4765625 0.009375 0.0140625
28 0.0296875 0.4765625 0.0140625 0.0140625