5 0.10625 0.4984375 0.1921875 0.6921875
3 0.2796875 0.196875 0.1015625 0.021875
3 0.9125 0.1953125 0.0328125 0.0125
27 0.940625 0.1953125 0.0125 0.00625
16 0.4078125 0.3296875 0.359375 0.196875
3 0.2734375 0.259375 0.0578125 0.015625
16 0.778125 0.3296875 0.359375 0.196875
3 0.6671875 0.259375 0.1109375 0.01875
16 0.7765625 0.5359375 0.359375 0.1953125
3 0.6578125 0.465625 0.0921875 0.01875
16 0.4078125 0.5359375 0.359375 0.196875
3 0.2671875 0.465625 0.0453125 0.015625
3 0.25625 0.49375 0.025 0.0109375
3 0.509375 0.49375 0.1171875 0.0109375
1 0.778125 0.5515625 0.315625 0.1078125
31 0.4078125 0.5171875 0.3265625 0.0140625
34 0.4109375 0.3453125 0.334375 0.1390625
3 0.6203125 0.2921875 0.0109375 0.009375
3 0.621875 0.3171875 0.0140625 0.009375
3 0.621875 0.34375 0.0140625 0.009375
3 0.621875 0.3703125 0.0125 0.0078125
3 0.621875 0.3953125 0.0171875 0.009375
3 0.915625 0.2921875 0.0484375 0.009375
3 0.91875 0.31875 0.04375 0.009375
3 0.9171875 0.34375 0.04375 0.009375
3 0.91875 0.3703125 0.0453125 0.009375
3 0.9171875 0.396875 0.04375 0.009375
19 0.6546875 0.2921875 0.0328125 0.015625
3 0.6546875 0.2921875 0.0203125 0.00625
19 0.65625 0.3171875 0.0328125 0.0140625
3 0.65625 0.31875 0.021875 0.00625
19 0.665625 0.34375 0.053125 0.015625
3 0.665625 0.34375 0.040625 0.0078125
19 0.6609375 0.36875 0.040625 0.015625
3 0.6609375 0.3703125 0.03125 0.00625
19 0.6625 0.3953125 0.0453125 0.015625
3 0.6625 0.3953125 0.0359375 0.0078125