22 0.4984375 0.5265625 0.625 0.8578125
3 0.3984375 0.884375 0.328125 0.05
32 0.259375 0.765625 0.0484375 0.05
32 0.2609375 0.696875 0.0484375 0.046875
32 0.2609375 0.6328125 0.046875 0.0453125
32 0.2625 0.5671875 0.046875 0.0453125
32 0.2625 0.5 0.0484375 0.046875
32 0.2625 0.434375 0.0484375 0.04375
32 0.2625 0.3671875 0.0484375 0.0453125
32 0.2625 0.3015625 0.0484375 0.04375
23 0.496875 0.209375 0.6171875 0.0125
32 0.2609375 0.2359375 0.05 0.046875
3 0.2828125 0.1546875 0.096875 0.0265625
3 0.4125 0.153125 0.0765625 0.028125
23 0.496875 0.8328125 0.6171875 0.0125
3 0.40625 0.7640625 0.215625 0.0375
3 0.35625 0.7015625 0.1171875 0.034375
3 0.3890625 0.63125 0.1734375 0.0359375
3 0.3734375 0.565625 0.15 0.0375
3 0.3578125 0.5015625 0.1125 0.0328125
3 0.3625 0.4328125 0.1203125 0.0375
3 0.346875 0.3703125 0.096875 0.0328125
3 0.3421875 0.303125 0.0875 0.0328125
3 0.35625 0.2375 0.10625 0.0328125