22 0.490625 0.5109375 0.6296875 0.8640625
3 0.5921875 0.8703125 0.33125 0.05
32 0.7328125 0.75 0.05 0.05
32 0.73125 0.6828125 0.0484375 0.046875
32 0.73125 0.6171875 0.0484375 0.0453125
32 0.7296875 0.55 0.046875 0.046875
32 0.7296875 0.4828125 0.0484375 0.046875
32 0.7296875 0.4171875 0.0484375 0.04375
32 0.7296875 0.35 0.0484375 0.046875
32 0.7296875 0.2828125 0.0484375 0.04375
23 0.4921875 0.190625 0.621875 0.0125
32 0.73125 0.2171875 0.05 0.046875
3 0.709375 0.134375 0.0984375 0.0265625
3 0.5796875 0.134375 0.0765625 0.028125
23 0.4921875 0.81875 0.621875 0.0125
3 0.5859375 0.75 0.2171875 0.0375
3 0.634375 0.6875 0.11875 0.034375
3 0.6015625 0.615625 0.175 0.0359375
3 0.61875 0.55 0.1515625 0.0375
3 0.634375 0.4859375 0.1140625 0.0328125
3 0.6296875 0.415625 0.121875 0.0375
3 0.6453125 0.3515625 0.0984375 0.0328125
3 0.65 0.284375 0.0890625 0.0328125
3 0.634375 0.21875 0.1078125 0.034375