22 0.5015625 0.4796875 0.5796875 0.7953125
3 0.4078125 0.15 0.3046875 0.046875
32 0.278125 0.259375 0.0453125 0.0453125
32 0.2796875 0.321875 0.0453125 0.04375
32 0.28125 0.3828125 0.04375 0.0421875
32 0.28125 0.44375 0.04375 0.0421875
32 0.28125 0.50625 0.0453125 0.04375
32 0.2828125 0.5671875 0.0453125 0.040625
32 0.28125 0.628125 0.0453125 0.0421875
32 0.28125 0.690625 0.0453125 0.040625
23 0.5 0.775 0.571875 0.0109375
32 0.28125 0.7515625 0.0453125 0.04375
3 0.3015625 0.8265625 0.090625 0.025
3 0.4203125 0.8265625 0.0703125 0.025
23 0.5 0.196875 0.571875 0.0109375
3 0.4140625 0.2609375 0.2 0.034375
3 0.3703125 0.31875 0.109375 0.0328125
3 0.4 0.3828125 0.1609375 0.0328125
3 0.384375 0.4453125 0.1390625 0.034375
3 0.3703125 0.503125 0.1046875 0.03125
3 0.375 0.5671875 0.1125 0.034375
3 0.359375 0.6265625 0.0890625 0.03125
3 0.35625 0.6890625 0.08125 0.0296875
3 0.36875 0.75 0.0984375 0.03125