16 0.725 0.5015625 0.271875 0.4515625
27 0.0234375 0.6875 0.040625 0.040625
16 0.1578125 0.503125 0.171875 0.44375
38 0.1796875 0.3984375 0.0765625 0.1921875
3 0.1140625 0.3875 0.0203125 0.1796875
3 0.0234375 0.334375 0.021875 0.08125
26 0.9484375 0.5 0.1015625 0.459375
15 0.946875 0.6109375 0.0625 0.2046875
16 0.41875 0.5015625 0.3234375 0.4453125
38 0.178125 0.6078125 0.0765625 0.1921875
3 0.296875 0.340625 0.0265625 0.084375
18 0.3578125 0.321875 0.03125 0.0296875
18 0.4140625 0.321875 0.0265625 0.0265625
18 0.471875 0.31875 0.025 0.0265625
18 0.528125 0.3203125 0.0265625 0.0296875
3 0.634375 0.3421875 0.028125 0.0875
18 0.69375 0.3203125 0.028125 0.028125
18 0.75 0.3203125 0.0296875 0.03125
18 0.8078125 0.321875 0.028125 0.0296875
3 0.946875 0.6078125 0.0203125 0.090625
15 0.9453125 0.39375 0.0640625 0.20625
3 0.9453125 0.3953125 0.0203125 0.0875
3 0.3578125 0.4578125 0.01875 0.21875
3 0.415625 0.4296875 0.0203125 0.1640625
3 0.471875 0.453125 0.0203125 0.209375
3 0.528125 0.4125 0.025 0.128125
3 0.69375 0.3796875 0.01875 0.059375
3 0.75 0.3703125 0.0171875 0.046875
3 0.8078125 0.38125 0.021875 0.06875