16 0.3828125 0.5 0.4421875 0.5234375
3 0.2140625 0.6796875 0.0328125 0.1234375
3 0.215625 0.3171875 0.0203125 0.11875
16 0.80625 0.5 0.3859375 0.5234375
3 0.665625 0.3171875 0.0203125 0.1234375
3 0.6640625 0.684375 0.028125 0.1125
28 0.3078125 0.6328125 0.1078125 0.21875
28 0.7609375 0.6359375 0.1109375 0.2203125
10 0.028125 0.5 0.05625 0.5234375
28 0.0203125 0.259375 0.040625 0.04375
27 0.5453125 0.5515625 0.0171875 0.0109375
27 0.99375 0.553125 0.0125 0.0109375
3 0.5453125 0.65625 0.0265625 0.1671875
3 0.9921875 0.6578125 0.015625 0.1671875
3 0.4421875 0.7015625 0.021875 0.075
3 0.4859375 0.6890625 0.021875 0.109375
3 0.3953125 0.5390625 0.015625 0.0765625
3 0.4421875 0.340625 0.025 0.1671875
3 0.3953125 0.4046875 0.015625 0.05625
3 0.8921875 0.703125 0.01875 0.075
3 0.8921875 0.340625 0.021875 0.1703125
3 0.325 0.33125 0.034375 0.1546875
3 0.284375 0.340625 0.021875 0.175
3 0.4859375 0.3203125 0.021875 0.1359375
3 0.9375 0.6875 0.021875 0.1078125
15 0.984375 0.3796875 0.03125 0.253125
3 0.9375 0.321875 0.0234375 0.1359375
3 0.8453125 0.534375 0.015625 0.075
3 0.775 0.334375 0.0375 0.1578125
3 0.7359375 0.340625 0.021875 0.1734375
27 0.846875 0.45 0.03125 0.028125
3 0.846875 0.403125 0.01875 0.040625
3 0.3953125 0.2828125 0.01875 0.0515625
3 0.3953125 0.6703125 0.0171875 0.0453125
3 0.846875 0.2828125 0.0171875 0.0546875
3 0.846875 0.6703125 0.021875 0.0453125
3 0.546875 0.378125 0.025 0.05
3 0.99375 0.378125 0.0125 0.04375
15 0.5453125 0.3734375 0.053125 0.259375
3 0.03125 0.4984375 0.0203125 0.2109375
3 0.00625 0.4984375 0.0125 0.109375
38 0.109375 0.634375 0.08125 0.25625
38 0.1109375 0.365625 0.08125 0.2546875
27 0.846875 0.7203125 0.0296875 0.0328125
27 0.39375 0.721875 0.0234375 0.0296875
27 0.846875 0.6015625 0.0359375 0.028125
27 0.846875 0.334375 0.034375 0.03125
27 0.3953125 0.3359375 0.03125 0.0328125
27 0.39375 0.6046875 0.034375 0.028125
27 0.396875 0.4609375 0.0328125 0.034375
27 0.0140625 0.75 0.0265625 0.0234375