16 0.5 0.26875 0.459375 0.290625
16 0.5015625 0.8765625 0.4546875 0.184375
38 0.621875 0.85 0.20625 0.0828125
3 0.6328125 0.921875 0.1921875 0.0203125
26 0.5 0.0421875 0.459375 0.084375
15 0.3953125 0.0328125 0.21875 0.065625
16 0.5015625 0.596875 0.45625 0.3453125
38 0.3984375 0.8515625 0.20625 0.0828125
3 0.684375 0.725 0.090625 0.028125
18 0.7046875 0.6609375 0.03125 0.0328125
18 0.7046875 0.6 0.028125 0.028125
18 0.70625 0.5390625 0.028125 0.0265625
18 0.7046875 0.478125 0.0328125 0.028125
3 0.68125 0.365625 0.09375 0.03125
18 0.70625 0.3015625 0.0296875 0.0296875
18 0.7046875 0.240625 0.0328125 0.03125
18 0.703125 0.1796875 0.03125 0.0296875
3 0.3984375 0.0328125 0.096875 0.021875
15 0.6234375 0.034375 0.2125 0.0671875
3 0.625 0.0328125 0.09375 0.021875
3 0.559375 0.659375 0.234375 0.0203125
3 0.5890625 0.5984375 0.175 0.021875
3 0.5625 0.5390625 0.2234375 0.021875
3 0.60625 0.4796875 0.1375 0.0265625
3 0.6421875 0.3015625 0.0640625 0.0203125
3 0.6515625 0.2421875 0.05 0.01875
3 0.6390625 0.1796875 0.0734375 0.0234375