16 0.5 0.71875 0.446875 0.26875
27 0.684375 0.025 0.040625 0.040625
16 0.5015625 0.15625 0.4390625 0.1703125
38 0.3984375 0.1796875 0.190625 0.0765625
3 0.3875 0.1140625 0.178125 0.01875
3 0.3359375 0.0234375 0.0796875 0.021875
26 0.5 0.94375 0.459375 0.1109375
15 0.6078125 0.9375 0.203125 0.0625
16 0.5015625 0.415625 0.440625 0.3203125
38 0.6046875 0.178125 0.190625 0.0765625
3 0.340625 0.2953125 0.0828125 0.025
18 0.321875 0.35625 0.028125 0.03125
18 0.321875 0.4109375 0.0265625 0.025
18 0.3203125 0.4671875 0.0265625 0.025
18 0.321875 0.5234375 0.0296875 0.025
3 0.34375 0.6296875 0.0859375 0.028125
18 0.3203125 0.6875 0.0265625 0.028125
18 0.321875 0.74375 0.03125 0.0296875
18 0.321875 0.8 0.0296875 0.028125
3 0.60625 0.9375 0.090625 0.0203125
15 0.39375 0.9375 0.2046875 0.0640625
3 0.3953125 0.9375 0.0859375 0.0203125
3 0.45625 0.35625 0.2171875 0.01875
3 0.428125 0.4125 0.1625 0.0203125
3 0.453125 0.4671875 0.2078125 0.0203125
3 0.4125 0.5234375 0.1265625 0.025
3 0.3796875 0.6875 0.059375 0.01875
3 0.3703125 0.74375 0.046875 0.0171875
3 0.38125 0.8 0.0671875 0.021875