16 0.5015625 0.3578125 0.5203125 0.4375
3 0.6921875 0.1921875 0.121875 0.0328125
3 0.3328125 0.1921875 0.1171875 0.0203125
16 0.503125 0.7921875 0.51875 0.4140625
3 0.334375 0.6375 0.121875 0.0203125
3 0.696875 0.6359375 0.1109375 0.028125
28 0.646875 0.284375 0.2171875 0.10625
28 0.65 0.7328125 0.2171875 0.109375
10 0.5 0.01875 0.5234375 0.0359375
28 0.26875 0.009375 0.059375 0.01875
27 0.565625 0.51875 0.0109375 0.0171875
27 0.565625 0.9640625 0.0109375 0.0171875
3 0.66875 0.51875 0.165625 0.0265625
3 0.6703125 0.965625 0.165625 0.025
3 0.7140625 0.4171875 0.0734375 0.021875
3 0.7015625 0.459375 0.1078125 0.0203125
3 0.553125 0.3703125 0.075 0.015625
3 0.35625 0.4171875 0.165625 0.025
3 0.4203125 0.3703125 0.05625 0.015625
3 0.715625 0.8609375 0.0734375 0.01875
3 0.3578125 0.8625 0.16875 0.021875
3 0.3484375 0.3 0.153125 0.034375
3 0.3578125 0.2609375 0.1734375 0.021875
3 0.3375 0.459375 0.134375 0.021875
3 0.7 0.90625 0.10625 0.021875
15 0.3953125 0.9640625 0.25 0.0546875
3 0.3390625 0.90625 0.134375 0.021875
3 0.5484375 0.815625 0.075 0.015625
3 0.3515625 0.7453125 0.15625 0.0359375
3 0.3578125 0.7078125 0.171875 0.021875
27 0.465625 0.8171875 0.028125 0.03125
3 0.41875 0.8171875 0.040625 0.01875
3 0.3 0.371875 0.0515625 0.01875
3 0.6828125 0.3703125 0.0453125 0.0171875
3 0.3 0.8171875 0.053125 0.0171875
3 0.6828125 0.8171875 0.0453125 0.0203125
3 0.39375 0.5203125 0.05 0.025
3 0.39375 0.965625 0.0421875 0.0203125
15 0.390625 0.51875 0.25625 0.053125
3 0.5140625 0.009375 0.2078125 0.01875
38 0.6421875 0.0890625 0.240625 0.0796875
38 0.375 0.090625 0.2609375 0.0796875
27 0.7328125 0.815625 0.0328125 0.0296875
27 0.734375 0.3703125 0.0296875 0.0234375
27 0.615625 0.8171875 0.028125 0.0359375
27 0.3515625 0.8171875 0.03125 0.0328125
27 0.3515625 0.3703125 0.0328125 0.03125
27 0.61875 0.3703125 0.028125 0.034375
27 0.4765625 0.371875 0.0328125 0.0328125