16 0.5 0.3765625 0.4984375 0.403125
3 0.334375 0.2234375 0.1125 0.0296875
3 0.6640625 0.2234375 0.1078125 0.01875
16 0.5 0.7890625 0.496875 0.4046875
3 0.6640625 0.634375 0.1125 0.01875
3 0.3296875 0.6328125 0.1015625 0.0265625
28 0.3765625 0.309375 0.2 0.0984375
28 0.3734375 0.721875 0.2 0.1015625
10 0.5 0.040625 0.5234375 0.0796875
28 0.7296875 0.040625 0.0640625 0.0484375
27 0.4515625 0.5234375 0.0109375 0.015625
27 0.45 0.934375 0.009375 0.015625
3 0.3546875 0.525 0.153125 0.0234375
3 0.3546875 0.9375 0.1515625 0.0234375
3 0.3140625 0.43125 0.0671875 0.0203125
3 0.3265625 0.4703125 0.1 0.01875
3 0.4625 0.3875 0.06875 0.0140625
3 0.64375 0.43125 0.153125 0.0234375
3 0.584375 0.3875 0.0515625 0.0140625
3 0.3125 0.840625 0.0671875 0.0171875
3 0.6421875 0.840625 0.1546875 0.0203125
3 0.6515625 0.3234375 0.140625 0.03125
3 0.6421875 0.2859375 0.159375 0.0203125
3 0.6609375 0.4703125 0.1234375 0.0203125
3 0.328125 0.88125 0.0984375 0.0203125
15 0.6078125 0.934375 0.2296875 0.05
3 0.659375 0.88125 0.1234375 0.0203125
3 0.4671875 0.7984375 0.06875 0.0140625
3 0.6484375 0.7328125 0.14375 0.0328125
3 0.6421875 0.6984375 0.1578125 0.0203125
27 0.54375 0.8 0.0265625 0.028125
3 0.5859375 0.8 0.0375 0.0171875
3 0.696875 0.3890625 0.046875 0.0171875
3 0.34375 0.3875 0.040625 0.015625
3 0.6953125 0.8 0.05 0.015625
3 0.3421875 0.8 0.040625 0.01875
3 0.609375 0.5265625 0.0453125 0.0234375
3 0.609375 0.9359375 0.0390625 0.01875
15 0.6125 0.525 0.2359375 0.0484375
3 0.4984375 0.05625 0.1921875 0.01875
3 0.5 0.0296875 0.1 0.0234375
38 0.3734375 0.128125 0.2390625 0.0734375
38 0.6265625 0.13125 0.240625 0.0734375
27 0.296875 0.7984375 0.0296875 0.0265625
27 0.296875 0.3875 0.028125 0.0203125
27 0.4046875 0.8 0.0265625 0.0328125
27 0.6484375 0.8 0.028125 0.03125
27 0.6484375 0.3875 0.0296875 0.0296875
27 0.403125 0.3875 0.0265625 0.03125
27 0.534375 0.3890625 0.03125 0.0296875
27 0.26875 0.0421875 0.021875 0.025