10 0.0421875 0.5 0.0828125 0.478125
26 0.9578125 0.5 0.084375 0.478125
15 0.965625 0.4921875 0.0671875 0.4578125
27 0.0484375 0.2796875 0.01875 0.0296875
3 0.1828125 0.425 0.028125 0.3
3 0.9703125 0.4921875 0.01875 0.0609375
3 0.05 0.49375 0.021875 0.0875
3 0.1375 0.3625 0.034375 0.1734375
35 0.4 0.4578125 0.34375 0.3921875
3 0.2625 0.409375 0.0234375 0.153125
3 0.3515625 0.4296875 0.025 0.1921875
3 0.4421875 0.45 0.025 0.2359375
3 0.5328125 0.4828125 0.0234375 0.3
23 0.30625 0.296875 0.0546875 0.00625
23 0.4875 0.296875 0.0546875 0.0046875
23 0.3953125 0.296875 0.05625 0.00625