10 0.9625 0.5 0.075 0.4890625
27 0.9609375 0.2828125 0.028125 0.0296875
3 0.9625 0.4984375 0.021875 0.1375
35 0.4578125 0.5 0.915625 0.4890625
38 0.79375 0.4984375 0.059375 0.440625
38 0.7109375 0.4984375 0.0609375 0.4375
39 0.575 0.4984375 0.16875 0.4375
36 0.44375 0.3109375 0.0375 0.0609375
3 0.3765625 0.371875 0.0234375 0.19375
3 0.44375 0.6078125 0.0234375 0.2359375
32 0.3234375 0.521875 0.0265625 0.0296875
15 0.23125 0.4984375 0.071875 0.4390625
3 0.2328125 0.5015625 0.0171875 0.1125
32 0.3234375 0.303125 0.03125 0.034375
3 0.8875 0.35625 0.0234375 0.0640625
3 0.325 0.35625 0.0234375 0.0390625
3 0.3234375 0.571875 0.0203125 0.03125