3 0.4125 0.6265625 0.025 0.25
10 0.959375 0.5046875 0.08125 0.496875
3 0.9546875 0.5140625 0.0234375 0.0890625
27 0.9546875 0.2984375 0.0234375 0.03125
35 0.5796875 0.509375 0.65 0.484375
38 0.778125 0.5140625 0.0609375 0.45625
3 0.3421875 0.378125 0.0234375 0.2
38 0.69375 0.5125 0.059375 0.4625
26 0.0390625 0.5 0.0765625 0.5046875
15 0.03125 0.5125 0.0625 0.4578125
3 0.0234375 0.515625 0.021875 0.11875
32 0.2875 0.30625 0.034375 0.0328125
32 0.2859375 0.5375 0.0296875 0.03125
36 0.4125 0.3140625 0.0359375 0.0609375
39 0.5484375 0.5140625 0.178125 0.4625
23 0.875 0.421875 0.0046875 0.05625
23 0.875 0.5125 0.0046875 0.0546875
23 0.875 0.603125 0.0046875 0.0546875
3 0.2859375 0.3640625 0.0203125 0.040625
3 0.2859375 0.5875 0.0203125 0.0375