35 0.5 0.5015625 0.821875 0.425
3 0.1453125 0.40625 0.0640625 0.0140625
3 0.1421875 0.4375 0.05625 0.0109375
3 0.2875 0.465625 0.3453125 0.0125
36 0.13125 0.5078125 0.0328125 0.01875
39 0.5 0.5859375 0.76875 0.0890625
15 0.6890625 0.665625 0.375 0.0265625
3 0.303125 0.665625 0.0453125 0.0109375
3 0.6890625 0.665625 0.059375 0.0109375
3 0.175 0.31875 0.084375 0.0140625
3 0.15 0.334375 0.0359375 0.0109375
3 0.5109375 0.3265625 0.0859375 0.0125
3 0.846875 0.3265625 0.0875 0.0125
23 0.6671875 0.3265625 0.13125 0.0046875
23 0.33125 0.325 0.13125 0.0046875
3 0.234375 0.509375 0.1640625 0.0140625