35 0.503125 0.50625 0.8328125 0.4359375
3 0.3046875 0.6515625 0.046875 0.009375
3 0.2796875 0.45 0.3390625 0.0125
39 0.5 0.571875 0.7703125 0.0890625
3 0.146875 0.390625 0.065625 0.0125
15 0.6890625 0.6515625 0.375 0.0296875
3 0.6921875 0.65 0.0640625 0.0109375
3 0.1421875 0.4234375 0.0578125 0.009375
36 0.13125 0.49375 0.0328125 0.021875
3 0.175 0.31875 0.0875 0.0140625
3 0.5125 0.31875 0.0875 0.0140625
3 0.8453125 0.31875 0.0875 0.0140625
23 0.6671875 0.31875 0.1328125 0.00625
23 0.33125 0.31875 0.1328125 0.00625
3 0.234375 0.49375 0.165625 0.0140625