35 0.4984375 0.5890625 0.603125 0.3109375
10 0.5 0.771875 1 0.01875
27 0.9921875 0.775 0.0125 0.009375
3 0.9453125 0.775 0.071875 0.0109375
3 0.75625 0.66875 0.046875 0.0109375
3 0.640625 0.4796875 0.034375 0.00625
3 0.65 0.625 0.25625 0.009375
27 0.084375 0.775 0.0125 0.0109375
12 0.05625 0.775 0.0109375 0.0125
12 0.0296875 0.771875 0.0203125 0.01875
27 0.00625 0.775 0.003125 0.009375
3 0.7578125 0.6453125 0.040625 0.0078125
36 0.7671875 0.59375 0.021875 0.0125
39 0.4984375 0.5375 0.5609375 0.0640625
15 0.359375 0.4796875 0.2734375 0.0203125
3 0.3609375 0.4796875 0.0421875 0.00625
3 0.7359375 0.721875 0.0609375 0.009375
3 0.490625 0.721875 0.0625 0.0109375
3 0.246875 0.721875 0.0625 0.009375
23 0.3765625 0.721875 0.096875 0.003125
23 0.6203125 0.721875 0.096875 0.003125
3 0.690625 0.5953125 0.121875 0.0109375