10 0.5 0.0390625 0.4890625 0.0765625
27 0.2828125 0.040625 0.0296875 0.028125
3 0.4984375 0.0390625 0.1375 0.021875
35 0.5 0.5421875 0.4890625 0.915625
38 0.4984375 0.20625 0.4390625 0.0578125
38 0.4984375 0.2875 0.434375 0.0609375
39 0.4984375 0.425 0.434375 0.1671875
36 0.3109375 0.5546875 0.0609375 0.0375
3 0.3734375 0.621875 0.1921875 0.0234375
3 0.60625 0.5546875 0.234375 0.0234375
32 0.521875 0.675 0.0296875 0.0265625
15 0.4984375 0.765625 0.4359375 0.0703125
3 0.5015625 0.7640625 0.1109375 0.0171875
32 0.3046875 0.675 0.034375 0.03125
3 0.35625 0.1140625 0.0640625 0.0234375
3 0.3578125 0.6734375 0.0390625 0.0234375
3 0.5703125 0.6734375 0.03125 0.0203125