3 0.60625 0.5578125 0.234375 0.0234375
10 0.5015625 0.040625 0.484375 0.08125
3 0.5015625 0.0484375 0.0828125 0.021875
27 0.2984375 0.0484375 0.0296875 0.021875
35 0.5 0.4015625 0.4625 0.6109375
38 0.5 0.2140625 0.4296875 0.0578125
3 0.3734375 0.625 0.1875 0.021875
38 0.5 0.29375 0.4359375 0.05625
26 0.5 0.9375 0.5046875 0.125
15 0.5 0.925 0.43125 0.071875
3 0.503125 0.9234375 0.1125 0.0203125
32 0.30625 0.6765625 0.03125 0.0328125
32 0.5234375 0.678125 0.0296875 0.028125
36 0.3125 0.5578125 0.0578125 0.034375
39 0.5 0.4296875 0.434375 0.16875
23 0.4140625 0.121875 0.053125 0.0046875
23 0.5 0.121875 0.0515625 0.0046875
23 0.5859375 0.121875 0.0515625 0.003125
3 0.3609375 0.6765625 0.0375 0.01875
3 0.5703125 0.6765625 0.034375 0.01875