35 0.5 0.4140625 0.59375 0.30625
10 0.5 0.23125 1 0.025
27 0.0140625 0.23125 0.0125 0.0078125
3 0.0609375 0.23125 0.071875 0.0109375
3 0.2453125 0.3359375 0.0453125 0.0109375
3 0.359375 0.521875 0.0328125 0.00625
3 0.35 0.378125 0.2515625 0.009375
27 0.9078125 0.23125 0.0125 0.0109375
12 0.9359375 0.228125 0.0109375 0.0171875
12 0.9609375 0.2328125 0.01875 0.021875
27 0.984375 0.23125 0.003125 0.009375
3 0.2453125 0.3578125 0.040625 0.0078125
36 0.2359375 0.409375 0.021875 0.0125
39 0.5 0.4640625 0.5515625 0.0640625
15 0.6359375 0.521875 0.26875 0.01875
3 0.6359375 0.521875 0.0421875 0.00625
3 0.2671875 0.2828125 0.0609375 0.009375
3 0.5078125 0.2828125 0.0609375 0.0109375
3 0.7484375 0.2828125 0.0609375 0.009375
23 0.61875 0.2828125 0.0953125 0.003125
23 0.3796875 0.2828125 0.0953125 0.003125
3 0.3109375 0.4078125 0.1203125 0.009375