10 0.5 0.04375 0.4796875 0.084375
26 0.5 0.934375 0.4796875 0.1296875
15 0.5 0.921875 0.43125 0.071875
27 0.3 0.0515625 0.028125 0.0171875
3 0.4359375 0.1796875 0.2828125 0.0265625
3 0.5 0.921875 0.0578125 0.0171875
3 0.5015625 0.053125 0.0828125 0.021875
3 0.378125 0.1359375 0.1640625 0.0328125
35 0.4671875 0.384375 0.3703125 0.3234375
3 0.421875 0.253125 0.1453125 0.021875
3 0.4421875 0.3375 0.18125 0.0234375
3 0.4609375 0.4234375 0.221875 0.0234375
3 0.490625 0.509375 0.2828125 0.021875
23 0.315625 0.2953125 0.0046875 0.0515625
23 0.315625 0.4671875 0.0046875 0.0515625
23 0.315625 0.3796875 0.00625 0.053125