10 0.0265625 0.5 0.0515625 0.4859375
27 0.0140625 0.2765625 0.0265625 0.03125
3 0.0125 0.503125 0.0234375 0.1453125
35 0.5296875 0.5 0.9390625 0.4859375
38 0.1890625 0.503125 0.0609375 0.4625
38 0.275 0.503125 0.0640625 0.459375
39 0.41875 0.503125 0.1765625 0.459375
36 0.55625 0.30625 0.0390625 0.0640625
3 0.6265625 0.3703125 0.0234375 0.203125
3 0.55625 0.6171875 0.025 0.246875
32 0.6828125 0.528125 0.028125 0.03125
15 0.778125 0.503125 0.075 0.4609375
3 0.778125 0.50625 0.01875 0.1171875
32 0.6828125 0.2984375 0.0328125 0.0359375
3 0.0921875 0.353125 0.025 0.0671875
3 0.68125 0.3546875 0.025 0.0421875
3 0.6828125 0.5796875 0.021875 0.0328125