10 0.5 0.0265625 0.478125 0.0515625
26 0.5 0.9359375 0.478125 0.128125
15 0.5015625 0.925 0.45 0.075
27 0.7109375 0.0171875 0.0296875 0.01875
3 0.56875 0.15 0.2953125 0.0265625
3 0.5015625 0.925 0.059375 0.0171875
3 0.5015625 0.0203125 0.0859375 0.021875
3 0.628125 0.10625 0.1703125 0.034375
35 0.5359375 0.365625 0.3859375 0.3375
3 0.584375 0.228125 0.1515625 0.0234375
3 0.5625 0.315625 0.1890625 0.025
3 0.5421875 0.40625 0.23125 0.0234375
3 0.5109375 0.4953125 0.29375 0.0234375
23 0.6953125 0.271875 0.00625 0.0546875
23 0.69375 0.45 0.0046875 0.053125
23 0.6953125 0.359375 0.00625 0.0546875