35 0.5171875 0.51875 0.4734375 0.878125
3 0.409375 0.1421875 0.015625 0.071875
3 0.4453125 0.1390625 0.0125 0.0640625
3 0.4765625 0.3 0.0140625 0.384375
36 0.5234375 0.1265625 0.0203125 0.0359375
39 0.609375 0.5328125 0.1 0.8484375
15 0.7 0.746875 0.0296875 0.4171875
3 0.7 0.3171875 0.0125 0.05
3 0.7 0.7484375 0.0125 0.065625
3 0.3140625 0.175 0.015625 0.09375
3 0.33125 0.1484375 0.0109375 0.040625
3 0.321875 0.55 0.0140625 0.0953125
3 0.3203125 0.915625 0.0140625 0.084375
23 0.321875 0.7234375 0.00625 0.146875
23 0.3203125 0.35 0.0046875 0.146875
3 0.525 0.2421875 0.015625 0.1828125