35 0.50625 0.4921875 0.86875 0.4546875
3 0.2984375 0.64375 0.0484375 0.009375
3 0.2734375 0.434375 0.353125 0.0140625
39 0.503125 0.5609375 0.803125 0.09375
3 0.134375 0.371875 0.06875 0.0140625
15 0.7 0.64375 0.3921875 0.03125
3 0.703125 0.6421875 0.0671875 0.0109375
3 0.1296875 0.40625 0.059375 0.009375
36 0.11875 0.4796875 0.034375 0.021875
3 0.1640625 0.296875 0.090625 0.0140625
3 0.515625 0.296875 0.090625 0.015625
3 0.8640625 0.296875 0.0921875 0.0140625
23 0.678125 0.296875 0.1390625 0.00625
23 0.328125 0.296875 0.1390625 0.00625
3 0.2265625 0.4796875 0.171875 0.0140625