35 0.5734375 0.4953125 0.340625 0.659375
10 0.771875 0.5 0.01875 1
3 0.775 0.971875 0.0109375 0.0546875
3 0.6609375 0.778125 0.0125 0.05
3 0.453125 0.6515625 0.0078125 0.0375
3 0.6140625 0.6625 0.0109375 0.2796875
27 0.7765625 0.0421875 0.009375 0.0140625
12 0.775 0.0109375 0.0109375 0.0125
3 0.6359375 0.7796875 0.0078125 0.04375
36 0.5796875 0.7890625 0.0140625 0.0234375
39 0.5171875 0.4953125 0.0703125 0.6140625
15 0.453125 0.34375 0.021875 0.2984375
3 0.453125 0.3453125 0.0078125 0.046875
3 0.71875 0.7546875 0.0109375 0.0671875
3 0.71875 0.4859375 0.0109375 0.0671875
3 0.71875 0.2203125 0.0109375 0.06875
23 0.71875 0.3625 0.003125 0.10625
23 0.71875 0.6296875 0.003125 0.10625
3 0.5796875 0.70625 0.0109375 0.1328125