3 0.6265625 0.4671875 0.25 0.025
10 0.503125 0.9890625 0.5 0.021875
35 0.5078125 0.634375 0.4875 0.6578125
38 0.5140625 0.8359375 0.4609375 0.0625
3 0.3765625 0.39375 0.203125 0.0234375
38 0.5125 0.7484375 0.46875 0.0609375
26 0.5 0.0625 0.5046875 0.125
15 0.5125 0.0703125 0.4640625 0.078125
3 0.515625 0.071875 0.1203125 0.021875
32 0.3046875 0.3375 0.034375 0.0359375
32 0.5375 0.3359375 0.03125 0.0296875
36 0.3125 0.465625 0.0625 0.0359375
39 0.5140625 0.603125 0.4671875 0.18125
23 0.4203125 0.9328125 0.0578125 0.0046875
23 0.5125 0.9328125 0.05625 0.0046875
23 0.6046875 0.9328125 0.05625 0.0046875
3 0.3625 0.3375 0.040625 0.0203125
3 0.5890625 0.3375 0.0375 0.0203125