35 0.4578125 0.5109375 0.475 0.8953125
3 0.3 0.3015625 0.0109375 0.0515625
3 0.51875 0.275 0.0140625 0.3703125
39 0.3859375 0.5140625 0.0984375 0.8390625
3 0.5828125 0.1296875 0.0140625 0.071875
15 0.2984375 0.721875 0.0328125 0.409375
3 0.3 0.7234375 0.0109375 0.0703125
3 0.5484375 0.125 0.0109375 0.0625
36 0.4703125 0.1125 0.0234375 0.0359375
3 0.6625 0.159375 0.015625 0.0953125
3 0.6609375 0.528125 0.015625 0.0953125
3 0.6625 0.8921875 0.015625 0.096875
23 0.6609375 0.696875 0.00625 0.1453125
23 0.6625 0.33125 0.00625 0.1453125
3 0.471875 0.225 0.015625 0.18125