37 0.5265625 0.484375 0.5984375 0.8859375
32 0.31875 0.8953125 0.01875 0.0171875
15 0.2640625 0.096875 0.0296875 0.071875
3 0.2640625 0.1765625 0.0109375 0.0390625
3 0.2625 0.096875 0.0109375 0.046875
3 0.8046875 0.8859375 0.0125 0.0625
3 0.8046875 0.7828125 0.0109375 0.0609375
3 0.8046875 0.6734375 0.0109375 0.075
38 0.7375 0.7734375 0.0625 0.26875
38 0.7375 0.484375 0.0609375 0.26875
38 0.7359375 0.196875 0.0625 0.26875
20 0.6671875 0.7734375 0.0625 0.2703125
20 0.6671875 0.484375 0.0640625 0.26875
29 0.675 0.196875 0.046875 0.26875
24 0.571875 0.4859375 0.1046875 0.8375
3 0.603125 0.875 0.015625 0.0328125
3 0.546875 0.4953125 0.034375 0.7953125
24 0.4953125 0.484375 0.03125 0.8390625
3 0.49375 0.875 0.0140625 0.0328125
24 0.4546875 0.484375 0.03125 0.8390625
24 0.4171875 0.484375 0.03125 0.840625
24 0.378125 0.484375 0.0328125 0.840625
3 0.45625 0.875 0.0140625 0.034375
3 0.4171875 0.875 0.0140625 0.03125
3 0.3796875 0.8734375 0.0125 0.03125
3 0.31875 0.7875 0.0140625 0.1796875