37 0.5 0.5125 0.815625 0.55
32 0.121875 0.7046875 0.015625 0.0171875
15 0.85625 0.7546875 0.0671875 0.028125
3 0.7828125 0.7546875 0.0359375 0.009375
3 0.85625 0.7546875 0.0421875 0.009375
3 0.1296875 0.25625 0.05625 0.0109375
3 0.225 0.25625 0.05625 0.009375
3 0.325 0.25625 0.06875 0.0109375
38 0.234375 0.31875 0.2484375 0.0578125
38 0.5 0.31875 0.2484375 0.05625
38 0.765625 0.31875 0.246875 0.0578125
20 0.234375 0.3828125 0.2484375 0.0578125
20 0.5 0.3828125 0.2484375 0.0578125
29 0.7640625 0.375 0.246875 0.04375
24 0.4984375 0.4703125 0.7703125 0.096875
3 0.140625 0.4421875 0.0296875 0.0140625
3 0.490625 0.49375 0.7328125 0.03125
24 0.5 0.5421875 0.7734375 0.0296875
3 0.140625 0.5421875 0.0296875 0.0125
24 0.4984375 0.578125 0.7734375 0.0296875
24 0.5 0.6125 0.7734375 0.0296875
24 0.4984375 0.6484375 0.775 0.0296875
3 0.140625 0.578125 0.03125 0.0125
3 0.140625 0.6125 0.0296875 0.0125
3 0.140625 0.6484375 0.028125 0.0125
3 0.221875 0.703125 0.165625 0.0125