37 0.496875 0.48125 0.59375 0.8796875
32 0.7046875 0.8890625 0.01875 0.0171875
15 0.759375 0.0953125 0.0296875 0.071875
3 0.759375 0.175 0.0109375 0.0390625
3 0.759375 0.096875 0.009375 0.046875
3 0.221875 0.8796875 0.0125 0.0609375
3 0.2203125 0.778125 0.0109375 0.0609375
3 0.221875 0.6703125 0.0109375 0.0734375
38 0.2890625 0.7671875 0.0625 0.2671875
38 0.2890625 0.48125 0.0609375 0.2671875
38 0.2890625 0.1953125 0.0625 0.2671875
20 0.3578125 0.7671875 0.0625 0.26875
20 0.3578125 0.48125 0.0625 0.2671875
29 0.35 0.1953125 0.046875 0.2671875
24 0.453125 0.4828125 0.1046875 0.83125
3 0.421875 0.86875 0.0140625 0.0328125
3 0.478125 0.490625 0.034375 0.790625
24 0.5296875 0.48125 0.03125 0.834375
3 0.5296875 0.86875 0.0140625 0.0328125
24 0.56875 0.48125 0.03125 0.834375
24 0.60625 0.48125 0.03125 0.8359375
24 0.6453125 0.48125 0.0328125 0.8359375
3 0.56875 0.86875 0.0140625 0.034375
3 0.60625 0.86875 0.0140625 0.03125
3 0.64375 0.86875 0.0125 0.0296875
3 0.7046875 0.78125 0.0140625 0.178125