37 0.5203125 0.503125 0.5484375 0.8484375
32 0.709375 0.109375 0.01875 0.0171875
38 0.3265625 0.2265625 0.0484375 0.259375
38 0.3265625 0.503125 0.0484375 0.259375
38 0.3265625 0.7796875 0.046875 0.259375
29 0.3734375 0.7796875 0.03125 0.2578125
20 0.3796875 0.2265625 0.046875 0.259375
20 0.38125 0.503125 0.0453125 0.259375
15 0.7625 0.875 0.0296875 0.06875
3 0.7625 0.7984375 0.0109375 0.0375
3 0.7625 0.875 0.0078125 0.04375
3 0.2671875 0.2171875 0.009375 0.0578125
3 0.2671875 0.321875 0.0109375 0.0703125
3 0.2671875 0.11875 0.009375 0.0578125
24 0.4671875 0.503125 0.1046875 0.8078125
24 0.540625 0.503125 0.0296875 0.80625
24 0.578125 0.503125 0.0328125 0.80625
24 0.615625 0.503125 0.03125 0.8078125
24 0.6515625 0.503125 0.0296875 0.8078125
3 0.490625 0.49375 0.0328125 0.765625
3 0.540625 0.1296875 0.0109375 0.0296875
3 0.5765625 0.1296875 0.0125 0.0296875
3 0.615625 0.1296875 0.0125 0.0296875
3 0.6515625 0.1296875 0.0140625 0.0296875
3 0.709375 0.2125 0.015625 0.171875