37 0.5046875 0.4953125 0.9078125 0.5875
32 0.084375 0.2921875 0.01875 0.0203125
38 0.2109375 0.703125 0.278125 0.0515625
38 0.5078125 0.703125 0.278125 0.0515625
38 0.8046875 0.703125 0.278125 0.0515625
29 0.8046875 0.6546875 0.2765625 0.034375
20 0.2109375 0.646875 0.2796875 0.05
20 0.5078125 0.6453125 0.2796875 0.0484375
15 0.9078125 0.2359375 0.075 0.03125
3 0.8234375 0.2359375 0.040625 0.0125
3 0.90625 0.2359375 0.046875 0.0078125
3 0.2015625 0.76875 0.0625 0.009375
3 0.3140625 0.76875 0.075 0.0109375
3 0.0953125 0.76875 0.0609375 0.0109375
24 0.5078125 0.553125 0.8671875 0.1125
24 0.5078125 0.4734375 0.865625 0.0328125
24 0.5078125 0.434375 0.865625 0.034375
24 0.5078125 0.39375 0.8671875 0.034375
24 0.5078125 0.3546875 0.8671875 0.0328125
3 0.496875 0.528125 0.821875 0.0359375
3 0.10625 0.475 0.03125 0.0125
3 0.10625 0.434375 0.03125 0.0140625
3 0.10625 0.3953125 0.03125 0.0140625
3 0.10625 0.3546875 0.0328125 0.015625
3 0.196875 0.2921875 0.184375 0.015625