37 0.4984375 0.5 0.8140625 0.525
32 0.121875 0.68125 0.0171875 0.01875
38 0.234375 0.3140625 0.2484375 0.046875
38 0.5 0.3125 0.2484375 0.0453125
38 0.7640625 0.3140625 0.2484375 0.0453125
29 0.765625 0.3578125 0.246875 0.0296875
20 0.234375 0.3640625 0.2484375 0.04375
20 0.5 0.365625 0.2484375 0.04375
15 0.85625 0.73125 0.065625 0.028125
3 0.78125 0.73125 0.0359375 0.0109375
3 0.85625 0.73125 0.0421875 0.0078125
3 0.225 0.25625 0.0546875 0.009375
3 0.3265625 0.25625 0.0671875 0.0109375
3 0.13125 0.2546875 0.0546875 0.009375
24 0.5 0.446875 0.775 0.1
24 0.4984375 0.51875 0.771875 0.0296875
24 0.5 0.553125 0.7734375 0.03125
24 0.5 0.5890625 0.775 0.0296875
24 0.5 0.625 0.7734375 0.028125
3 0.490625 0.4703125 0.734375 0.03125
3 0.140625 0.51875 0.028125 0.0109375
3 0.140625 0.553125 0.028125 0.0125
3 0.140625 0.5890625 0.028125 0.0125
3 0.140625 0.625 0.028125 0.0140625
3 0.221875 0.68125 0.165625 0.0140625