12 0.903125 0.1796875 0.0171875 0.0265625
12 0.940625 0.184375 0.03125 0.0296875
27 0.859375 0.1828125 0.015625 0.015625
27 0.0234375 0.1828125 0.0171875 0.0109375
10 0.5 0.184375 1 0.0390625
37 0.5 0.51875 0.890625 0.5734375
3 0.8875 0.76875 0.05 0.009375
3 0.0921875 0.1828125 0.103125 0.015625
3 0.809375 0.7703125 0.0390625 0.0125
27 0.978125 0.1828125 0.0046875 0.0140625
3 0.1140625 0.3109375 0.0703125 0.015625
15 0.8875 0.7703125 0.0734375 0.03125
3 0.26875 0.3328125 0.375 0.015625
18 0.0890625 0.4515625 0.01875 0.0171875
38 0.7171875 0.39375 0.4140625 0.034375
38 0.2828125 0.390625 0.4140625 0.0390625
3 0.0984375 0.2515625 0.0640625 0.0125
3 0.196875 0.2515625 0.0625 0.0140625
3 0.3015625 0.253125 0.06875 0.0140625
3 0.1953125 0.4515625 0.1828125 0.0140625