10 0.5 0.965625 0.484375 0.0671875
27 0.703125 0.9671875 0.0359375 0.025
28 0.4890625 0.965625 0.178125 0.0375
37 0.5 0.503125 0.484375 0.8484375
17 0.5 0.740625 0.484375 0.2375
3 0.65 0.5796875 0.15 0.025
19 0.6515625 0.521875 0.1515625 0.046875
19 0.5015625 0.521875 0.1109375 0.04375
27 0.7015625 0.9671875 0.028125 0.01875
19 0.375 0.521875 0.1109375 0.0453125
19 0.278125 0.5234375 0.04375 0.0453125
16 0.5828125 0.371875 0.290625 0.209375
16 0.340625 0.375 0.165625 0.2078125
3 0.6640625 0.4421875 0.0984375 0.0234375
3 0.359375 0.44375 0.1015625 0.0203125
3 0.5859375 0.3546875 0.2625 0.121875
3 0.334375 0.35625 0.1546875 0.115625
13 0.5 0.040625 0.484375 0.0796875
27 0.6765625 0.0453125 0.0296875 0.028125
27 0.553125 0.0453125 0.0328125 0.03125
27 0.4296875 0.0453125 0.034375 0.028125
27 0.3046875 0.0453125 0.03125 0.0296875
3 0.678125 0.0140625 0.0890625 0.0171875
3 0.303125 0.0140625 0.05 0.01875
3 0.553125 0.0140625 0.034375 0.0171875
3 0.43125 0.0140625 0.0421875 0.0171875
24 0.4921875 0.1625 0.471875 0.1609375
3 0.659375 0.8984375 0.096875 0.021875
3 0.4890625 0.8984375 0.0984375 0.0203125
3 0.3171875 0.8984375 0.11875 0.0203125
3 0.6453125 0.20625 0.1234375 0.0234375
3 0.615625 0.140625 0.1859375 0.021875
3 0.5234375 0.09375 0.36875 0.0203125