10 0.5 0.0421875 0.4875 0.084375
27 0.2953125 0.05 0.034375 0.025
28 0.5 0.0515625 0.16875 0.0359375
37 0.5 0.490625 0.4875 0.803125
17 0.5 0.265625 0.48125 0.2265625
3 0.346875 0.41875 0.1421875 0.025
19 0.3453125 0.4734375 0.14375 0.0453125
19 0.4875 0.471875 0.1046875 0.040625
27 0.296875 0.05 0.0265625 0.0171875
19 0.6078125 0.4734375 0.10625 0.04375
19 0.7109375 0.471875 0.065625 0.04375
16 0.409375 0.6140625 0.275 0.1984375
16 0.653125 0.6125 0.18125 0.1984375
3 0.3328125 0.546875 0.09375 0.021875
3 0.621875 0.546875 0.0953125 0.0203125
3 0.4078125 0.63125 0.2484375 0.115625
3 0.659375 0.63125 0.1703125 0.1109375
13 0.5 0.9453125 0.4875 0.1078125
27 0.3203125 0.925 0.028125 0.0265625
27 0.4375 0.925 0.03125 0.0296875
27 0.5546875 0.925 0.0328125 0.0265625
27 0.6734375 0.925 0.0296875 0.028125
3 0.3203125 0.9546875 0.084375 0.0171875
3 0.675 0.953125 0.0484375 0.01875
3 0.4375 0.9546875 0.0328125 0.015625
3 0.5546875 0.9546875 0.040625 0.015625
24 0.5015625 0.8140625 0.4578125 0.153125
3 0.3375 0.115625 0.0921875 0.0203125
3 0.5 0.115625 0.09375 0.01875
3 0.6625 0.1171875 0.1125 0.01875
3 0.35 0.771875 0.115625 0.021875
3 0.3796875 0.834375 0.175 0.0203125
3 0.4671875 0.8796875 0.35 0.01875