12 0.0921875 0.825 0.01875 0.0203125
12 0.05 0.821875 0.034375 0.028125
27 0.140625 0.825 0.0171875 0.01875
10 0.5 0.8203125 1 0.03125
37 0.521875 0.46875 0.9546875 0.60625
3 0.109375 0.1734375 0.0546875 0.0109375
3 0.9671875 0.8265625 0.0640625 0.0171875
3 0.196875 0.171875 0.04375 0.0140625
27 0.009375 0.825 0.0046875 0.015625
3 0.965625 0.684375 0.06875 0.0171875
15 0.109375 0.178125 0.08125 0.0234375
3 0.79375 0.659375 0.4109375 0.0171875
18 0.99375 0.528125 0.0109375 0.0203125
38 0.2984375 0.590625 0.4609375 0.0375
38 0.775 0.59375 0.4484375 0.04375
3 0.9765625 0.7484375 0.046875 0.015625
3 0.878125 0.7484375 0.0703125 0.015625
3 0.7609375 0.7484375 0.0765625 0.015625
3 0.878125 0.5265625 0.203125 0.015625