37 0.528125 0.55625 0.80625 0.40625
3 0.890625 0.3796875 0.0359375 0.0078125
38 0.2640625 0.7015625 0.25 0.0359375
3 0.8328125 0.378125 0.028125 0.0078125
15 0.8921875 0.3796875 0.05 0.0203125
38 0.790625 0.7015625 0.25 0.034375
38 0.5265625 0.7 0.2515625 0.0359375
20 0.2625 0.6609375 0.25 0.034375
20 0.5265625 0.6609375 0.2515625 0.0359375
29 0.790625 0.665625 0.25 0.025
3 0.1546875 0.7453125 0.0453125 0.0109375
3 0.225 0.7453125 0.046875 0.009375
3 0.303125 0.7453125 0.053125 0.009375
32 0.1453125 0.41875 0.0171875 0.015625
24 0.5265625 0.596875 0.771875 0.071875
24 0.5265625 0.54375 0.771875 0.021875
24 0.5265625 0.515625 0.771875 0.021875
24 0.5265625 0.4890625 0.7734375 0.0234375
24 0.5265625 0.4625 0.7734375 0.021875
3 0.521875 0.58125 0.746875 0.0234375
3 0.1609375 0.6203125 0.021875 0.009375
3 0.1609375 0.54375 0.0234375 0.0109375
3 0.1609375 0.515625 0.0234375 0.009375
3 0.1609375 0.4890625 0.0234375 0.0078125
3 0.1609375 0.4609375 0.025 0.009375
3 0.221875 0.41875 0.128125 0.0125