12 0.903125 0.1796875 0.0171875 0.0265625
12 0.940625 0.184375 0.03125 0.0296875
27 0.0234375 0.184375 0.0171875 0.0109375
27 0.8609375 0.1828125 0.0140625 0.0140625
37 0.5 0.51875 0.8875 0.5734375
3 0.8875 0.76875 0.05 0.009375
10 0.5 0.184375 0.9984375 0.0390625
3 0.809375 0.7703125 0.0390625 0.0109375
3 0.09375 0.1828125 0.109375 0.0171875
27 0.978125 0.1828125 0.0046875 0.0140625
15 0.8890625 0.7703125 0.075 0.0296875
3 0.1140625 0.321875 0.0703125 0.015625
3 0.26875 0.3875 0.378125 0.015625
3 0.0953125 0.2515625 0.0515625 0.0109375
3 0.1921875 0.2515625 0.0578125 0.0125
3 0.2953125 0.253125 0.0765625 0.0140625
3 0.1125 0.35625 0.0640625 0.0125
36 0.0984375 0.434375 0.0375 0.021875
39 0.5 0.51875 0.8390625 0.0984375
3 0.2125 0.4328125 0.1796875 0.015625