37 0.4640625 0.4890625 0.3859375 0.7671875
3 0.6328125 0.14375 0.00625 0.034375
10 0.23125 0.5 0.025 1
38 0.3265625 0.740625 0.034375 0.2375
3 0.6328125 0.1984375 0.0078125 0.028125
15 0.6328125 0.1421875 0.0203125 0.0484375
3 0.2296875 0.9328125 0.0109375 0.08125
38 0.325 0.2390625 0.0328125 0.2375
27 0.2296875 0.9859375 0.0078125 0.0109375
38 0.3265625 0.490625 0.034375 0.2390625
20 0.3640625 0.7421875 0.0328125 0.2390625
20 0.3640625 0.490625 0.034375 0.2390625
29 0.359375 0.2390625 0.0234375 0.2390625
12 0.23125 0.0203125 0.0234375 0.01875
27 0.2296875 0.0734375 0.009375 0.009375
12 0.228125 0.0453125 0.0171875 0.0125
3 0.284375 0.8453125 0.009375 0.04375
3 0.2828125 0.778125 0.009375 0.0453125
3 0.284375 0.703125 0.0078125 0.05
32 0.5953125 0.853125 0.0140625 0.015625
24 0.425 0.490625 0.06875 0.734375
24 0.4765625 0.490625 0.0203125 0.734375
24 0.5015625 0.490625 0.0203125 0.734375
24 0.528125 0.490625 0.021875 0.7359375
24 0.553125 0.490625 0.0203125 0.7359375
3 0.440625 0.4953125 0.0234375 0.7109375
3 0.403125 0.8375 0.009375 0.021875
3 0.4765625 0.8375 0.009375 0.0234375
3 0.5015625 0.8375 0.009375 0.021875
3 0.528125 0.8390625 0.0078125 0.021875
3 0.5546875 0.8375 0.009375 0.0234375
3 0.5953125 0.7796875 0.0125 0.121875