10 0.0375 0.5 0.0734375 0.484375
27 0.0390625 0.2765625 0.0265625 0.0359375
28 0.040625 0.4921875 0.0375 0.178125
37 0.50625 0.5 0.853125 0.484375
17 0.2671875 0.5 0.2390625 0.484375
3 0.428125 0.33125 0.025 0.146875
19 0.4859375 0.33125 0.046875 0.1453125
19 0.4859375 0.4796875 0.04375 0.1109375
27 0.0390625 0.278125 0.01875 0.028125
19 0.4875 0.6078125 0.0453125 0.1125
19 0.4859375 0.7125 0.0453125 0.0609375
16 0.6359375 0.4 0.2125 0.284375
16 0.634375 0.65 0.209375 0.184375
3 0.565625 0.315625 0.0234375 0.1
3 0.565625 0.621875 0.0203125 0.1015625
3 0.6546875 0.3953125 0.121875 0.2625
3 0.653125 0.65625 0.1171875 0.1734375
13 0.965625 0.5 0.06875 0.484375
27 0.965625 0.303125 0.028125 0.03125
27 0.965625 0.428125 0.03125 0.0328125
27 0.965625 0.5515625 0.028125 0.034375
27 0.965625 0.6765625 0.03125 0.03125
3 0.99375 0.303125 0.0125 0.0890625
3 0.9921875 0.678125 0.0140625 0.0515625
3 0.99375 0.4265625 0.0109375 0.034375
3 0.99375 0.55 0.0125 0.04375
24 0.8484375 0.496875 0.1609375 0.478125
3 0.1078125 0.3203125 0.021875 0.096875
3 0.1078125 0.4921875 0.0203125 0.1
3 0.109375 0.665625 0.0203125 0.1203125
3 0.8046875 0.334375 0.0234375 0.1234375
3 0.8703125 0.365625 0.021875 0.1859375
3 0.9171875 0.4578125 0.0203125 0.3703125