12 0.825 0.0640625 0.01875 0.01875
12 0.8203125 0.025 0.0265625 0.0328125
27 0.8234375 0.978125 0.0125 0.01875
27 0.825 0.1078125 0.015625 0.0140625
37 0.4765625 0.4828125 0.5953125 0.921875
3 0.215625 0.0796875 0.009375 0.0515625
10 0.81875 0.5 0.0296875 1
3 0.215625 0.1625 0.0125 0.040625
3 0.825 0.9046875 0.01875 0.1125
15 0.215625 0.0796875 0.03125 0.078125
3 0.6796875 0.8828125 0.015625 0.071875
3 0.6125 0.7234375 0.015625 0.3921875
3 0.753125 0.903125 0.0109375 0.0546875
3 0.753125 0.803125 0.0140625 0.059375
3 0.7515625 0.6953125 0.015625 0.0796875
3 0.64375 0.8859375 0.0140625 0.065625
36 0.5640625 0.9 0.021875 0.0390625
39 0.4765625 0.4828125 0.103125 0.8703125
3 0.5640625 0.78125 0.015625 0.1875