37 0.5 0.4609375 0.7515625 0.378125
3 0.8390625 0.625 0.0328125 0.00625
10 0.5 0.2328125 1 0.0265625
38 0.2546875 0.325 0.2328125 0.0328125
3 0.7859375 0.625 0.0265625 0.0078125
15 0.840625 0.625 0.046875 0.01875
3 0.0671875 0.23125 0.0796875 0.0109375
38 0.7453125 0.325 0.2328125 0.03125
27 0.015625 0.23125 0.0109375 0.0078125
38 0.5 0.325 0.234375 0.034375
20 0.2546875 0.3625 0.234375 0.0328125
20 0.5 0.3625 0.234375 0.0328125
29 0.746875 0.3578125 0.2328125 0.0234375
12 0.9609375 0.2328125 0.01875 0.0234375
27 0.9078125 0.23125 0.009375 0.009375
12 0.9359375 0.2296875 0.0109375 0.01875
27 0.9859375 0.23125 0.003125 0.009375
3 0.153125 0.284375 0.0421875 0.009375
3 0.21875 0.284375 0.04375 0.009375
3 0.2921875 0.284375 0.05 0.0078125
32 0.1453125 0.5890625 0.015625 0.0140625
24 0.5 0.421875 0.71875 0.0671875
24 0.5 0.471875 0.71875 0.0203125
24 0.4984375 0.4984375 0.7203125 0.0203125
24 0.5 0.5234375 0.7203125 0.021875
24 0.5 0.5484375 0.721875 0.0203125
3 0.4953125 0.4375 0.6953125 0.021875
3 0.159375 0.4015625 0.0203125 0.009375
3 0.159375 0.471875 0.021875 0.009375
3 0.159375 0.4984375 0.021875 0.0078125
3 0.159375 0.5234375 0.021875 0.0078125
3 0.159375 0.5484375 0.021875 0.009375
3 0.215625 0.5890625 0.11875 0.0109375