9 0.9015625 0.7609375 0.0953125 0.478125
3 0.90625 0.84375 0.025 0.1859375
9 0.803125 0.7609375 0.0765625 0.4765625
3 0.803125 0.8984375 0.0265625 0.1890625
9 0.684375 0.7609375 0.0546875 0.478125
3 0.6828125 0.84375 0.025 0.184375
9 0.6015625 0.7609375 0.0546875 0.478125
3 0.6015625 0.8984375 0.025 0.1859375
9 0.465625 0.7609375 0.109375 0.478125
3 0.4640625 0.8125 0.0234375 0.184375
9 0.3453125 0.7609375 0.0765625 0.478125
3 0.3453125 0.8984375 0.0234375 0.184375
9 0.9078125 0.25 0.0765625 0.490625
3 0.90625 0.3265625 0.0234375 0.184375
9 0.803125 0.25 0.078125 0.490625
3 0.8015625 0.38125 0.0265625 0.184375
9 0.6828125 0.2484375 0.0546875 0.490625
3 0.68125 0.3265625 0.0234375 0.1859375
9 0.6015625 0.25 0.0546875 0.490625
3 0.6 0.3828125 0.0265625 0.184375
9 0.465625 0.2484375 0.1109375 0.49375
3 0.4640625 0.29375 0.0265625 0.184375
9 0.3453125 0.25 0.078125 0.490625
3 0.3453125 0.3796875 0.0265625 0.1875
9 0.209375 0.25 0.0890625 0.4921875
3 0.2078125 0.29375 0.0265625 0.184375
9 0.1109375 0.25 0.05625 0.490625
3 0.109375 0.38125 0.025 0.1828125
9 0.1109375 0.7609375 0.0546875 0.478125
3 0.1109375 0.8984375 0.0265625 0.184375
9 0.209375 0.7609375 0.0875 0.478125
3 0.2078125 0.8125 0.025 0.1828125
27 0.9078125 0.4578125 0.03125 0.03125
27 0.6828125 0.9734375 0.0265625 0.03125
27 0.465625 0.440625 0.0265625 0.03125
27 0.90625 0.0453125 0.025 0.0296875
27 0.465625 0.9578125 0.0265625 0.03125
27 0.209375 0.9578125 0.0265625 0.03125
27 0.90625 0.9734375 0.0265625 0.03125
27 0.803125 0.0453125 0.0265625 0.0234375
27 0.465625 0.0453125 0.01875 0.0203125
27 0.209375 0.0453125 0.0203125 0.0203125
27 0.684375 0.0453125 0.0265625 0.0265625
27 0.6015625 0.0453125 0.0265625 0.0234375
27 0.3453125 0.04375 0.021875 0.0234375
27 0.1109375 0.04375 0.025 0.0203125
27 0.2078125 0.440625 0.0296875 0.040625