9 0.8875 0.7 0.225 0.0375
3 0.9328125 0.6984375 0.0921875 0.0109375
9 0.8875 0.6484375 0.225 0.0375
3 0.9578125 0.6484375 0.084375 0.0109375
9 0.8875 0.5890625 0.225 0.0265625
3 0.9328125 0.5875 0.090625 0.0109375
9 0.8875 0.5484375 0.225 0.0265625
3 0.9578125 0.5484375 0.084375 0.0109375
9 0.8875 0.48125 0.225 0.053125
3 0.9171875 0.48125 0.090625 0.0109375
9 0.8859375 0.421875 0.2265625 0.0375
3 0.9578125 0.4234375 0.084375 0.0125
9 0.8875 0.3546875 0.225 0.04375
3 0.915625 0.3546875 0.0921875 0.0140625
9 0.8875 0.3078125 0.225 0.0265625
3 0.9578125 0.3078125 0.084375 0.0140625
9 0.6390625 0.6984375 0.24375 0.0375
3 0.678125 0.6984375 0.09375 0.0140625
9 0.6390625 0.6484375 0.2421875 0.0375
3 0.7046875 0.6484375 0.0921875 0.0140625
9 0.6390625 0.5890625 0.24375 0.028125
3 0.6765625 0.5890625 0.09375 0.0171875
9 0.6390625 0.5484375 0.24375 0.028125
3 0.7046875 0.5484375 0.0953125 0.0140625
9 0.6390625 0.48125 0.24375 0.0546875
3 0.6609375 0.48125 0.0953125 0.015625
9 0.6390625 0.421875 0.24375 0.0390625
3 0.7046875 0.421875 0.09375 0.015625
9 0.6390625 0.35625 0.24375 0.0453125
3 0.6625 0.35625 0.09375 0.0171875
9 0.640625 0.3078125 0.2421875 0.028125
3 0.7046875 0.3078125 0.09375 0.015625
9 0.384375 0.6984375 0.2421875 0.0390625
3 0.4234375 0.6984375 0.0921875 0.015625
9 0.384375 0.6484375 0.2421875 0.0390625
3 0.45 0.646875 0.0921875 0.0140625
9 0.384375 0.5890625 0.2421875 0.028125
3 0.4234375 0.5875 0.090625 0.0125
9 0.384375 0.5484375 0.2421875 0.028125
3 0.45 0.546875 0.0921875 0.0140625
9 0.384375 0.48125 0.2421875 0.0546875
3 0.40625 0.4796875 0.0921875 0.015625
9 0.384375 0.421875 0.2421875 0.0375
3 0.45 0.421875 0.090625 0.0140625
9 0.384375 0.3546875 0.2421875 0.04375
3 0.40625 0.3546875 0.0921875 0.0140625
9 0.384375 0.30625 0.2421875 0.0265625
3 0.4484375 0.30625 0.0921875 0.0140625
9 0.1296875 0.6984375 0.2421875 0.0375
3 0.1671875 0.6984375 0.0921875 0.0125
9 0.1296875 0.646875 0.2421875 0.0375
3 0.1953125 0.646875 0.0921875 0.0140625
9 0.1296875 0.5890625 0.2421875 0.028125
3 0.16875 0.5890625 0.090625 0.0125
9 0.1296875 0.5484375 0.2421875 0.0265625
3 0.19375 0.5484375 0.0921875 0.0140625
9 0.1296875 0.48125 0.2421875 0.0546875
3 0.1515625 0.48125 0.0921875 0.0125
9 0.1296875 0.421875 0.2421875 0.0390625
3 0.1953125 0.421875 0.090625 0.0140625
9 0.1296875 0.3546875 0.2421875 0.04375
3 0.1515625 0.35625 0.090625 0.0109375
9 0.1296875 0.30625 0.2421875 0.0265625
3 0.19375 0.30625 0.090625 0.0140625
27 0.5390625 0.6984375 0.0109375 0.0125
27 0.5390625 0.48125 0.009375 0.009375
27 0.028125 0.48125 0.009375 0.009375
27 0.5390625 0.421875 0.009375 0.009375
27 0.5390625 0.646875 0.0109375 0.0125
27 0.5390625 0.5890625 0.0140625 0.0125
27 0.5390625 0.5484375 0.0109375 0.0109375
27 0.5390625 0.3546875 0.0109375 0.0109375
27 0.5390625 0.30625 0.0125 0.0125
27 0.028125 0.3546875 0.0140625 0.0125
27 0.0296875 0.30625 0.0109375 0.0109375
27 0.028125 0.646875 0.0125 0.0125
27 0.0296875 0.6984375 0.0109375 0.0109375
27 0.028125 0.421875 0.0140625 0.015625
27 0.23125 0.6984375 0.015625 0.0171875
27 0.23125 0.5890625 0.0140625 0.0140625
27 0.2234375 0.48125 0.0140625 0.0140625
27 0.2234375 0.3546875 0.0125 0.015625
27 0.478125 0.3546875 0.015625 0.0171875
27 0.478125 0.4796875 0.0140625 0.0140625
27 0.4859375 0.6984375 0.0140625 0.0125
27 0.028125 0.5890625 0.009375 0.009375
27 0.740625 0.6984375 0.0140625 0.0125
27 0.028125 0.5484375 0.009375 0.009375
27 0.734375 0.35625 0.015625 0.0125
27 0.734375 0.48125 0.015625 0.0125
27 0.9875 0.35625 0.015625 0.0125
27 0.9890625 0.48125 0.0140625 0.0125
27 0.9953125 0.6984375 0.009375 0.0125
27 0.9953125 0.5890625 0.009375 0.0125
27 0.4875 0.5890625 0.0140625 0.0125
27 0.7421875 0.5890625 0.015625 0.0140625