9 0.69375 0.8828125 0.0390625 0.2328125
3 0.69375 0.9296875 0.0109375 0.09375
9 0.6421875 0.8828125 0.0390625 0.2328125
3 0.6421875 0.9546875 0.0109375 0.0890625
9 0.58125 0.8828125 0.0265625 0.2328125
3 0.5796875 0.9296875 0.0125 0.0921875
9 0.540625 0.884375 0.0265625 0.23125
3 0.540625 0.9546875 0.0109375 0.0890625
9 0.471875 0.8828125 0.0546875 0.2328125
3 0.4703125 0.9140625 0.0109375 0.0921875
9 0.4109375 0.8828125 0.0390625 0.2328125
3 0.4109375 0.9546875 0.0125 0.0890625
9 0.3421875 0.8828125 0.04375 0.2328125
3 0.3421875 0.9125 0.0140625 0.0953125
9 0.2953125 0.884375 0.0265625 0.23125
3 0.29375 0.9546875 0.0140625 0.0890625
9 0.69375 0.6296875 0.0375 0.2484375
3 0.69375 0.66875 0.0140625 0.0953125
9 0.6421875 0.6296875 0.0390625 0.246875
3 0.6421875 0.6953125 0.0140625 0.09375
9 0.58125 0.6296875 0.0296875 0.25
3 0.58125 0.6671875 0.0171875 0.0953125
9 0.5390625 0.6296875 0.028125 0.2484375
3 0.540625 0.6953125 0.0140625 0.096875
9 0.471875 0.6296875 0.0546875 0.2484375
3 0.4703125 0.6515625 0.0171875 0.096875
9 0.4109375 0.6296875 0.0390625 0.2484375
3 0.4109375 0.6953125 0.015625 0.0953125
9 0.3421875 0.6296875 0.0453125 0.2484375
3 0.34375 0.653125 0.0171875 0.0953125
9 0.2953125 0.6296875 0.0265625 0.246875
3 0.29375 0.696875 0.015625 0.0953125
9 0.69375 0.36875 0.0390625 0.2484375
3 0.6921875 0.4078125 0.015625 0.0953125
9 0.6421875 0.36875 0.040625 0.2484375
3 0.640625 0.4359375 0.015625 0.0953125
9 0.58125 0.36875 0.028125 0.246875
3 0.5796875 0.4078125 0.0140625 0.09375
9 0.540625 0.36875 0.028125 0.246875
3 0.5390625 0.4359375 0.0140625 0.09375
9 0.471875 0.36875 0.0546875 0.2484375
3 0.4703125 0.3921875 0.015625 0.09375
9 0.4109375 0.36875 0.0390625 0.246875
3 0.4109375 0.4359375 0.0140625 0.09375
9 0.3421875 0.36875 0.0453125 0.246875
3 0.3421875 0.3921875 0.0140625 0.0953125
9 0.29375 0.36875 0.025 0.246875
3 0.2921875 0.434375 0.0140625 0.0953125
9 0.69375 0.115625 0.0390625 0.23125
3 0.69375 0.146875 0.0125 0.09375
9 0.640625 0.1171875 0.0390625 0.2328125
3 0.640625 0.175 0.0140625 0.09375
9 0.58125 0.115625 0.028125 0.23125
3 0.58125 0.1484375 0.0125 0.0921875
9 0.540625 0.115625 0.0265625 0.23125
3 0.5390625 0.1734375 0.0140625 0.09375
9 0.471875 0.115625 0.0546875 0.23125
3 0.4703125 0.13125 0.0125 0.09375
9 0.4109375 0.115625 0.0390625 0.23125
3 0.4109375 0.175 0.0140625 0.09375
9 0.3421875 0.115625 0.0453125 0.23125
3 0.3421875 0.13125 0.0125 0.0921875
9 0.29375 0.115625 0.025 0.23125
3 0.2921875 0.175 0.0140625 0.0921875
27 0.69375 0.5265625 0.0125 0.0109375
27 0.471875 0.5265625 0.009375 0.0109375
27 0.471875 0.00625 0.009375 0.009375
27 0.4109375 0.5265625 0.009375 0.009375
27 0.640625 0.5265625 0.0125 0.0109375
27 0.58125 0.528125 0.0125 0.0140625
27 0.540625 0.5265625 0.0109375 0.0109375
27 0.3421875 0.5265625 0.0109375 0.0125
27 0.2921875 0.5265625 0.0125 0.0125
27 0.3421875 0.00625 0.0125 0.0125
27 0.2921875 0.00625 0.0109375 0.0109375
27 0.640625 0.00625 0.0125 0.0109375
27 0.69375 0.00625 0.0109375 0.0109375
27 0.4109375 0.00625 0.015625 0.0125
27 0.69375 0.2125 0.01875 0.015625
27 0.58125 0.2125 0.0140625 0.015625
27 0.4703125 0.2046875 0.015625 0.015625
27 0.3421875 0.2046875 0.015625 0.0140625
27 0.3421875 0.465625 0.0171875 0.015625
27 0.4703125 0.465625 0.0140625 0.0140625
27 0.69375 0.4734375 0.0125 0.0140625
27 0.58125 0.00625 0.009375 0.009375
27 0.69375 0.734375 0.0140625 0.0140625
27 0.540625 0.00625 0.009375 0.009375
27 0.3421875 0.725 0.0140625 0.015625
27 0.471875 0.725 0.0140625 0.015625
27 0.3421875 0.9859375 0.0125 0.015625
27 0.471875 0.9859375 0.0125 0.015625
27 0.69375 0.99375 0.0125 0.0125
27 0.58125 0.99375 0.0125 0.0125
27 0.58125 0.4734375 0.0125 0.0140625
27 0.58125 0.734375 0.015625 0.0171875