9 0.2421875 0.10625 0.4828125 0.103125
3 0.1671875 0.10625 0.1828125 0.025
9 0.240625 0.2078125 0.48125 0.075
3 0.1125 0.2078125 0.1859375 0.0265625
9 0.2421875 0.325 0.4828125 0.0546875
3 0.1671875 0.3265625 0.18125 0.025
9 0.2421875 0.40625 0.48125 0.053125
3 0.1140625 0.40625 0.1828125 0.025
9 0.2421875 0.5390625 0.4828125 0.1078125
3 0.1984375 0.5421875 0.18125 0.0234375
9 0.2421875 0.6578125 0.48125 0.075
3 0.1125 0.6578125 0.18125 0.0234375
9 0.7515625 0.10625 0.4828125 0.075
3 0.675 0.10625 0.18125 0.0234375
9 0.75 0.2078125 0.4828125 0.0765625
3 0.621875 0.2078125 0.1796875 0.025
9 0.7515625 0.325 0.4828125 0.0546875
3 0.675 0.3265625 0.1828125 0.0234375
9 0.7515625 0.40625 0.4828125 0.0546875
3 0.6203125 0.4078125 0.18125 0.025
9 0.7515625 0.540625 0.484375 0.109375
3 0.7078125 0.540625 0.18125 0.0265625
9 0.7515625 0.6578125 0.4828125 0.0765625
3 0.6234375 0.6578125 0.1828125 0.025
9 0.7515625 0.7921875 0.4828125 0.0875
3 0.70625 0.7921875 0.18125 0.025
9 0.7515625 0.8875 0.48125 0.0546875
3 0.6203125 0.8890625 0.1796875 0.025
9 0.2421875 0.8875 0.48125 0.0546875
3 0.1125 0.8875 0.18125 0.025
9 0.2421875 0.7921875 0.48125 0.0859375
3 0.1984375 0.79375 0.1796875 0.0234375
27 0.546875 0.1046875 0.03125 0.03125
27 0.0390625 0.325 0.03125 0.0265625
27 0.5640625 0.5390625 0.03125 0.0265625
27 0.9515625 0.10625 0.028125 0.025
27 0.0546875 0.5390625 0.03125 0.0265625
27 0.0546875 0.790625 0.03125 0.0265625
27 0.0390625 0.10625 0.03125 0.0265625
27 0.9515625 0.2078125 0.0234375 0.025
27 0.9515625 0.5390625 0.01875 0.01875
27 0.9515625 0.790625 0.0203125 0.01875
27 0.9515625 0.325 0.025 0.0265625
27 0.9515625 0.40625 0.0234375 0.0265625
27 0.953125 0.6578125 0.0234375 0.021875
27 0.953125 0.8875 0.0203125 0.0234375
27 0.5625 0.7921875 0.0390625 0.0296875