9 0.3 0.8921875 0.028125 0.2140625
3 0.2953125 0.9578125 0.0125 0.08125
9 0.3484375 0.8921875 0.0390625 0.2140625
3 0.3484375 0.9734375 0.0140625 0.053125
9 0.409375 0.8921875 0.028125 0.2140625
3 0.4109375 0.9578125 0.0125 0.08125
9 0.4515625 0.8921875 0.0265625 0.2140625
3 0.4515625 0.971875 0.0125 0.0546875
9 0.521875 0.8921875 0.0546875 0.2140625
3 0.521875 0.940625 0.0140625 0.0796875
9 0.5828125 0.8921875 0.0375 0.2140625
3 0.5828125 0.971875 0.0125 0.0546875
9 0.653125 0.8921875 0.0453125 0.2140625
3 0.653125 0.940625 0.0125 0.08125
9 0.7015625 0.8921875 0.025 0.2140625
3 0.7015625 0.971875 0.0125 0.05625
9 0.3015625 0.646875 0.0296875 0.2515625
3 0.2953125 0.6921875 0.0140625 0.08125
9 0.3484375 0.6453125 0.040625 0.2515625
3 0.346875 0.7203125 0.0125 0.08125
9 0.409375 0.6453125 0.0296875 0.25
3 0.409375 0.6921875 0.0125 0.08125
9 0.4515625 0.6453125 0.028125 0.25
3 0.4515625 0.7203125 0.0125 0.08125
9 0.521875 0.6453125 0.05625 0.2515625
3 0.521875 0.675 0.0140625 0.08125
9 0.5828125 0.6453125 0.0390625 0.2515625
3 0.5828125 0.7203125 0.0109375 0.08125
9 0.653125 0.6453125 0.04375 0.2515625
3 0.6515625 0.6765625 0.0109375 0.08125
9 0.7015625 0.646875 0.025 0.2515625
3 0.703125 0.7203125 0.0125 0.0796875
9 0.3 0.38125 0.028125 0.2515625
3 0.2953125 0.428125 0.015625 0.0828125
9 0.3484375 0.38125 0.040625 0.2515625
3 0.3484375 0.45625 0.0125 0.08125
9 0.409375 0.38125 0.028125 0.25
3 0.4109375 0.428125 0.0125 0.08125
9 0.4515625 0.38125 0.028125 0.25
3 0.4515625 0.45625 0.0125 0.0796875
9 0.521875 0.38125 0.05625 0.2515625
3 0.521875 0.4109375 0.0125 0.08125
9 0.5828125 0.38125 0.040625 0.2515625
3 0.5828125 0.45625 0.0109375 0.08125
9 0.653125 0.38125 0.0453125 0.2515625
3 0.6515625 0.409375 0.0125 0.0828125
9 0.7015625 0.38125 0.025 0.253125
3 0.703125 0.4546875 0.0140625 0.08125
9 0.3 0.1203125 0.028125 0.240625
3 0.29375 0.1625 0.0140625 0.0796875
9 0.3484375 0.121875 0.040625 0.2421875
3 0.3484375 0.190625 0.015625 0.08125
9 0.409375 0.121875 0.0296875 0.2421875
3 0.409375 0.1625 0.0109375 0.08125
9 0.4515625 0.121875 0.0296875 0.2421875
3 0.4515625 0.190625 0.0125 0.08125
9 0.521875 0.121875 0.05625 0.2421875
3 0.521875 0.1453125 0.0125 0.08125
9 0.5828125 0.1203125 0.0390625 0.240625
3 0.5828125 0.190625 0.0125 0.08125
9 0.653125 0.1203125 0.0453125 0.240625
3 0.6515625 0.146875 0.0109375 0.08125
9 0.7015625 0.1203125 0.025 0.240625
3 0.703125 0.190625 0.0125 0.0828125
27 0.2953125 0.0109375 0.0125 0.0125
27 0.2953125 0.540625 0.009375 0.009375
27 0.409375 0.0109375 0.009375 0.009375
27 0.5203125 0.0109375 0.009375 0.009375
27 0.3484375 0.540625 0.009375 0.009375
27 0.409375 0.540625 0.009375 0.009375
27 0.5203125 0.540625 0.009375 0.009375
27 0.5828125 0.540625 0.009375 0.009375
27 0.7015625 0.540625 0.0109375 0.009375
27 0.3484375 0.0109375 0.0125 0.0125
27 0.4515625 0.540625 0.0109375 0.0125
27 0.5828125 0.0109375 0.0140625 0.0109375
27 0.653125 0.0109375 0.0125 0.0171875
27 0.4515625 0.0109375 0.0109375 0.009375
27 0.653125 0.540625 0.0109375 0.015625
9 0.703125 0.0109375 0.0125 0.0125
9 0.2953125 0.221875 0.015625 0.0140625
9 0.521875 0.2125 0.0125 0.0140625
9 0.653125 0.2140625 0.015625 0.015625
9 0.521875 0.478125 0.0140625 0.0140625
9 0.653125 0.478125 0.0140625 0.0140625
9 0.653125 0.74375 0.0140625 0.0140625
9 0.521875 0.74375 0.0140625 0.0140625
9 0.4109375 0.7515625 0.015625 0.015625
9 0.2953125 0.7515625 0.015625 0.015625
9 0.2953125 0.4875 0.0140625 0.015625
9 0.4109375 0.4875 0.0140625 0.015625
9 0.4109375 0.2234375 0.0140625 0.0140625