9 0.7609375 0.0953125 0.4765625 0.090625
3 0.846875 0.0890625 0.1875 0.0265625
9 0.7625 0.19375 0.475 0.0765625
3 0.903125 0.19375 0.190625 0.0265625
9 0.7609375 0.3140625 0.4765625 0.0546875
3 0.846875 0.315625 0.1859375 0.025
9 0.7609375 0.3953125 0.4765625 0.0546875
3 0.9015625 0.396875 0.1875 0.025
9 0.7609375 0.5328125 0.4765625 0.1109375
3 0.815625 0.534375 0.1859375 0.0234375
9 0.7609375 0.653125 0.4765625 0.0765625
3 0.903125 0.6546875 0.184375 0.0234375
9 0.25 0.0890625 0.49375 0.0765625
3 0.328125 0.090625 0.184375 0.0234375
9 0.25 0.19375 0.49375 0.078125
3 0.38125 0.19375 0.184375 0.0265625
9 0.2484375 0.3140625 0.49375 0.0546875
3 0.3265625 0.315625 0.1859375 0.0234375
9 0.25 0.396875 0.49375 0.05625
3 0.3828125 0.3984375 0.1859375 0.0265625
9 0.2484375 0.5328125 0.4953125 0.1109375
3 0.29375 0.534375 0.1859375 0.0265625
9 0.25 0.6546875 0.49375 0.078125
3 0.3796875 0.653125 0.1875 0.0265625
9 0.25 0.790625 0.49375 0.0890625
3 0.29375 0.7921875 0.1859375 0.0265625
9 0.25 0.8890625 0.49375 0.05625
3 0.3828125 0.890625 0.184375 0.025
9 0.7609375 0.8890625 0.4765625 0.0546875
3 0.903125 0.8890625 0.184375 0.0265625
9 0.7609375 0.790625 0.4765625 0.0875
3 0.815625 0.7921875 0.184375 0.025
27 0.459375 0.0875 0.03125 0.0328125
27 0.978125 0.3140625 0.03125 0.0265625
27 0.440625 0.5328125 0.03125 0.0265625
27 0.0453125 0.090625 0.0296875 0.0265625
27 0.9609375 0.5328125 0.03125 0.0265625
27 0.9609375 0.790625 0.0328125 0.0265625
27 0.978125 0.0890625 0.03125 0.0265625
27 0.0453125 0.19375 0.0234375 0.0265625
27 0.04375 0.5328125 0.0203125 0.01875
27 0.04375 0.790625 0.0203125 0.0203125
27 0.04375 0.3140625 0.0265625 0.0265625
27 0.04375 0.3953125 0.025 0.0265625
27 0.0421875 0.6546875 0.0234375 0.021875
27 0.04375 0.8890625 0.0203125 0.025
27 0.4421875 0.7921875 0.040625 0.03125