9 0.253125 0.1171875 0.4765625 0.075
3 0.1796875 0.1171875 0.184375 0.021875
9 0.253125 0.2171875 0.475 0.075
3 0.1265625 0.21875 0.18125 0.021875
9 0.2546875 0.3328125 0.475 0.0515625
3 0.1796875 0.334375 0.18125 0.0234375
9 0.253125 0.4125 0.4765625 0.053125
3 0.1265625 0.4140625 0.1828125 0.0234375
9 0.253125 0.5453125 0.475 0.1078125
3 0.2109375 0.54375 0.1828125 0.021875
9 0.253125 0.6609375 0.475 0.075
3 0.128125 0.6609375 0.1859375 0.0265625
9 0.2546875 0.79375 0.475 0.0828125
3 0.2109375 0.79375 0.1828125 0.0265625
9 0.253125 0.8890625 0.475 0.053125
3 0.1265625 0.8890625 0.184375 0.021875
9 0.75625 0.1171875 0.475 0.0734375
3 0.68125 0.1171875 0.184375 0.0234375
9 0.7546875 0.2171875 0.4765625 0.075
3 0.628125 0.2171875 0.184375 0.0203125
9 0.75625 0.334375 0.4765625 0.053125
3 0.68125 0.3328125 0.1828125 0.0203125
9 0.75625 0.4125 0.4765625 0.0546875
3 0.6296875 0.4140625 0.1828125 0.0234375
9 0.7546875 0.5453125 0.475 0.1078125
3 0.7125 0.5453125 0.184375 0.0234375
9 0.75625 0.6625 0.4765625 0.0765625
3 0.6296875 0.6609375 0.184375 0.021875
9 0.75625 0.79375 0.475 0.0859375
3 0.7140625 0.7921875 0.18125 0.021875
9 0.75625 0.8890625 0.4765625 0.053125
3 0.6296875 0.8890625 0.184375 0.021875
9 0.953125 0.1171875 0.025 0.021875
9 0.953125 0.21875 0.0203125 0.021875
9 0.953125 0.334375 0.021875 0.0265625
9 0.953125 0.4140625 0.0296875 0.025
9 0.953125 0.546875 0.025 0.021875
9 0.953125 0.6625 0.021875 0.021875
9 0.9546875 0.7953125 0.0234375 0.0234375
9 0.9546875 0.890625 0.025 0.0234375
9 0.571875 0.79375 0.028125 0.0265625
9 0.56875 0.546875 0.028125 0.0296875
9 0.5546875 0.334375 0.028125 0.0296875
9 0.5546875 0.11875 0.0265625 0.0296875
9 0.053125 0.1171875 0.0296875 0.025
9 0.0515625 0.334375 0.028125 0.028125
9 0.06875 0.546875 0.028125 0.0296875
9 0.06875 0.79375 0.03125 0.028125