9 0.29375 0.1265625 0.015625 0.253125
3 0.2875 0.078125 0.003125 0.0828125
9 0.3375 0.1265625 0.040625 0.253125
3 0.3375 0.0484375 0.0140625 0.08125
9 0.4 0.1265625 0.028125 0.253125
3 0.4 0.078125 0.0125 0.0828125
9 0.4421875 0.1265625 0.028125 0.253125
3 0.4421875 0.0484375 0.0125 0.0828125
9 0.5140625 0.1265625 0.05625 0.253125
3 0.5140625 0.0953125 0.0140625 0.0828125
9 0.5765625 0.1265625 0.0390625 0.253125
3 0.5765625 0.0484375 0.0125 0.0828125
9 0.6484375 0.1265625 0.046875 0.253125
3 0.6484375 0.0953125 0.0125 0.0828125
9 0.7 0.1265625 0.028125 0.253125
3 0.6984375 0.05 0.0125 0.084375
9 0.2953125 0.3953125 0.0171875 0.2578125
3 0.2875 0.3484375 0.003125 0.0828125
9 0.3375 0.396875 0.0421875 0.2578125
3 0.3359375 0.3203125 0.0125 0.0828125
9 0.4 0.396875 0.0296875 0.25625
3 0.4 0.3484375 0.0125 0.0828125
9 0.4421875 0.396875 0.028125 0.25625
3 0.4421875 0.3203125 0.0125 0.0828125
9 0.5140625 0.396875 0.0578125 0.25625
3 0.5140625 0.365625 0.0140625 0.0828125
9 0.5765625 0.396875 0.0390625 0.25625
3 0.5765625 0.3203125 0.0109375 0.0828125
9 0.6484375 0.396875 0.04375 0.2578125
3 0.646875 0.365625 0.0109375 0.0828125
9 0.7 0.396875 0.028125 0.25625
3 0.7 0.3203125 0.0125 0.08125
9 0.29375 0.6671875 0.015625 0.25625
3 0.2890625 0.61875 0.0046875 0.084375
9 0.3375 0.6671875 0.0421875 0.2578125
3 0.3375 0.590625 0.0125 0.084375
9 0.4 0.6671875 0.0296875 0.25625
3 0.4 0.61875 0.0125 0.0828125
9 0.4421875 0.6671875 0.0296875 0.25625
3 0.4421875 0.590625 0.0140625 0.0828125
9 0.5140625 0.6671875 0.0578125 0.2578125
3 0.5140625 0.6375 0.0125 0.0828125
9 0.5765625 0.6671875 0.040625 0.25625
3 0.5765625 0.590625 0.0109375 0.0828125
9 0.6484375 0.6671875 0.046875 0.2578125
3 0.646875 0.6375 0.0125 0.084375
9 0.6984375 0.6671875 0.0296875 0.2578125
3 0.6984375 0.590625 0.0140625 0.0828125
9 0.29375 0.9046875 0.015625 0.1890625
9 0.3375 0.9046875 0.040625 0.190625
3 0.3359375 0.8625 0.015625 0.084375
9 0.4 0.9046875 0.0296875 0.190625
3 0.4 0.890625 0.0125 0.0828125
9 0.4421875 0.9046875 0.0296875 0.190625
3 0.4421875 0.8625 0.0125 0.0828125
9 0.5140625 0.9046875 0.05625 0.190625
3 0.5140625 0.9078125 0.0125 0.084375
9 0.5765625 0.9046875 0.040625 0.1890625
3 0.5765625 0.8625 0.0125 0.0828125
9 0.6484375 0.9046875 0.0453125 0.1890625
3 0.646875 0.9078125 0.0109375 0.0828125
9 0.7 0.9046875 0.028125 0.1890625
3 0.6984375 0.8625 0.0125 0.084375
27 0.2875 0.503125 0.0015625 0.009375
27 0.3375 0.5046875 0.0109375 0.009375
27 0.4 0.503125 0.0109375 0.009375
27 0.5140625 0.503125 0.009375 0.0109375
27 0.5765625 0.503125 0.009375 0.009375
27 0.6984375 0.5046875 0.0109375 0.0109375
27 0.4421875 0.503125 0.0109375 0.0125
27 0.6484375 0.503125 0.0125 0.015625
9 0.2875 0.8296875 0.003125 0.0140625
9 0.2875 0.0171875 0.003125 0.0140625
9 0.4 0.0171875 0.0140625 0.0140625
9 0.5140625 0.0265625 0.0140625 0.0140625
9 0.646875 0.025 0.0140625 0.0140625
9 0.5140625 0.8390625 0.0140625 0.0140625
9 0.6484375 0.8390625 0.015625 0.015625
9 0.5140625 0.5671875 0.0140625 0.0140625
9 0.6484375 0.56875 0.0140625 0.0140625
9 0.6484375 0.296875 0.0140625 0.0140625
9 0.5140625 0.296875 0.0140625 0.015625
9 0.4 0.2875 0.015625 0.015625
9 0.2890625 0.2875 0.0046875 0.015625
9 0.2875 0.5578125 0.003125 0.0171875
9 0.4 0.5578125 0.0140625 0.015625
9 0.4 0.8296875 0.015625 0.0140625