9 0.1234375 0.3078125 0.2359375 0.0375
3 0.0859375 0.309375 0.0890625 0.0109375
9 0.1234375 0.3578125 0.2359375 0.0375
3 0.0609375 0.3578125 0.0890625 0.0109375
9 0.1234375 0.415625 0.2359375 0.0265625
3 0.0859375 0.4171875 0.0875 0.0109375
9 0.1234375 0.4546875 0.234375 0.025
3 0.059375 0.4546875 0.0875 0.0109375
9 0.1234375 0.5203125 0.2359375 0.0515625
3 0.1015625 0.5203125 0.0875 0.0109375
9 0.1234375 0.578125 0.2359375 0.0359375
3 0.059375 0.578125 0.0890625 0.0125
9 0.1234375 0.64375 0.2359375 0.0421875
3 0.103125 0.64375 0.090625 0.0140625
9 0.1234375 0.690625 0.234375 0.0265625
3 0.059375 0.690625 0.0890625 0.0125
9 0.371875 0.309375 0.2375 0.0359375
3 0.334375 0.309375 0.090625 0.0140625
9 0.371875 0.3578125 0.2359375 0.0375
3 0.309375 0.3578125 0.0890625 0.0140625
9 0.3734375 0.415625 0.2375 0.028125
3 0.3359375 0.415625 0.090625 0.0171875
9 0.371875 0.4546875 0.2375 0.028125
3 0.309375 0.4546875 0.0921875 0.0125
9 0.371875 0.5203125 0.2375 0.053125
3 0.3515625 0.5203125 0.0921875 0.015625
9 0.371875 0.578125 0.2375 0.0375
3 0.309375 0.578125 0.090625 0.015625
9 0.371875 0.64375 0.2375 0.04375
3 0.35 0.6421875 0.0921875 0.0171875
9 0.371875 0.690625 0.2359375 0.0265625
3 0.3078125 0.690625 0.090625 0.0140625
9 0.6203125 0.309375 0.2359375 0.0375
3 0.5828125 0.309375 0.090625 0.0140625
9 0.6203125 0.3578125 0.2359375 0.0390625
3 0.55625 0.3578125 0.090625 0.0140625
9 0.6203125 0.415625 0.2359375 0.0265625
3 0.5828125 0.415625 0.0890625 0.0125
9 0.6203125 0.4546875 0.2359375 0.0265625
3 0.5578125 0.45625 0.0890625 0.0125
9 0.6203125 0.5203125 0.2359375 0.053125
3 0.5984375 0.521875 0.0890625 0.015625
9 0.6203125 0.578125 0.2359375 0.0359375
3 0.55625 0.578125 0.0890625 0.0140625
9 0.6203125 0.64375 0.2359375 0.0421875
3 0.5984375 0.64375 0.090625 0.0140625
9 0.6203125 0.690625 0.2359375 0.0265625
3 0.5578125 0.690625 0.090625 0.0140625
9 0.86875 0.309375 0.2359375 0.0375
3 0.83125 0.309375 0.0890625 0.0125
9 0.86875 0.3578125 0.2359375 0.0375
3 0.80625 0.359375 0.0890625 0.0140625
9 0.86875 0.415625 0.2359375 0.0265625
3 0.83125 0.415625 0.0875 0.0125
9 0.86875 0.4546875 0.2359375 0.0265625
3 0.80625 0.45625 0.0890625 0.0125
9 0.86875 0.5203125 0.2359375 0.053125
3 0.8484375 0.5203125 0.0890625 0.0125
9 0.86875 0.578125 0.2359375 0.0375
3 0.8046875 0.578125 0.0890625 0.0140625
9 0.86875 0.64375 0.2359375 0.0421875
3 0.846875 0.64375 0.0890625 0.0109375
9 0.86875 0.690625 0.2359375 0.0265625
3 0.80625 0.690625 0.0875 0.0140625
27 0.4703125 0.3078125 0.0109375 0.0109375
27 0.4703125 0.5203125 0.009375 0.009375
27 0.9671875 0.5203125 0.009375 0.009375
27 0.4703125 0.578125 0.009375 0.009375
27 0.4703125 0.3578125 0.0109375 0.0125
27 0.4703125 0.415625 0.0125 0.0125
27 0.4703125 0.4546875 0.0109375 0.0109375
27 0.4703125 0.64375 0.0109375 0.0109375
27 0.4703125 0.690625 0.0125 0.0125
27 0.9671875 0.64375 0.0125 0.0125
27 0.9671875 0.690625 0.009375 0.009375
27 0.9671875 0.359375 0.0125 0.0125
27 0.9671875 0.309375 0.009375 0.0109375
27 0.9671875 0.578125 0.0125 0.015625
27 0.76875 0.309375 0.015625 0.0171875
27 0.7703125 0.415625 0.0140625 0.0140625
27 0.7765625 0.5203125 0.0140625 0.0140625
27 0.778125 0.64375 0.0125 0.015625
27 0.528125 0.64375 0.0140625 0.0171875
27 0.5296875 0.521875 0.0140625 0.0140625
27 0.521875 0.309375 0.0125 0.0125
27 0.9671875 0.415625 0.009375 0.009375
27 0.2734375 0.3078125 0.0140625 0.0125
27 0.9671875 0.4546875 0.009375 0.009375
27 0.28125 0.64375 0.0140625 0.0125
27 0.28125 0.5203125 0.0140625 0.0125
27 0.0328125 0.64375 0.0140625 0.0125
27 0.03125 0.5203125 0.0140625 0.0125
27 0.025 0.309375 0.0140625 0.0125
27 0.0234375 0.415625 0.0140625 0.0125
27 0.5203125 0.415625 0.0140625 0.0125
27 0.271875 0.415625 0.015625 0.0140625