9 0.1171875 0.7546875 0.0765625 0.4875
3 0.1171875 0.8296875 0.0234375 0.1875
9 0.2203125 0.7546875 0.0765625 0.4859375
3 0.2203125 0.884375 0.021875 0.1859375
9 0.3390625 0.753125 0.053125 0.4859375
3 0.3390625 0.828125 0.025 0.1859375
9 0.4203125 0.7546875 0.0546875 0.4875
3 0.421875 0.8828125 0.0234375 0.1859375
9 0.5546875 0.7546875 0.1109375 0.4859375
3 0.5546875 0.796875 0.021875 0.1875
9 0.6734375 0.7546875 0.0765625 0.4859375
3 0.6734375 0.8828125 0.0265625 0.190625
9 0.809375 0.753125 0.084375 0.484375
3 0.809375 0.7984375 0.0265625 0.1875
9 0.90625 0.7546875 0.0546875 0.4859375
3 0.90625 0.884375 0.021875 0.1890625
9 0.115625 0.2421875 0.075 0.4828125
3 0.1171875 0.3171875 0.0234375 0.1890625
9 0.21875 0.2421875 0.0765625 0.484375
3 0.21875 0.3703125 0.0203125 0.1875
9 0.3390625 0.2421875 0.0546875 0.484375
3 0.3375 0.315625 0.021875 0.1859375
9 0.41875 0.2421875 0.05625 0.484375
3 0.4203125 0.3703125 0.0234375 0.1875
9 0.5546875 0.2421875 0.1109375 0.484375
3 0.5546875 0.284375 0.0234375 0.1875
9 0.6734375 0.2421875 0.0796875 0.484375
3 0.6734375 0.36875 0.021875 0.1890625
9 0.809375 0.2421875 0.0875 0.484375
3 0.8078125 0.2828125 0.021875 0.1859375
9 0.90625 0.2421875 0.0546875 0.484375
3 0.90625 0.36875 0.021875 0.1875
9 0.1171875 0.0390625 0.021875 0.0265625
9 0.2203125 0.0375 0.021875 0.021875
9 0.340625 0.0390625 0.0265625 0.021875
9 0.4203125 0.0390625 0.0265625 0.0296875
9 0.5578125 0.0390625 0.021875 0.025
9 0.675 0.0390625 0.021875 0.021875
9 0.8109375 0.0359375 0.025 0.0234375
9 0.9078125 0.0359375 0.0234375 0.0265625
9 0.809375 0.4296875 0.028125 0.028125
9 0.5578125 0.43125 0.03125 0.0296875
9 0.3390625 0.446875 0.0296875 0.028125
9 0.11875 0.4453125 0.0296875 0.0265625
9 0.1171875 0.959375 0.0265625 0.0296875
9 0.3390625 0.9609375 0.028125 0.028125
9 0.5578125 0.94375 0.03125 0.028125
9 0.809375 0.94375 0.028125 0.03125