9 0.746875 0.8828125 0.4796875 0.075
3 0.821875 0.884375 0.184375 0.021875
9 0.746875 0.7828125 0.478125 0.075
3 0.875 0.78125 0.1828125 0.021875
9 0.746875 0.665625 0.478125 0.053125
3 0.8203125 0.6640625 0.1828125 0.0234375
9 0.746875 0.5859375 0.4796875 0.0546875
3 0.875 0.584375 0.184375 0.0234375
9 0.746875 0.453125 0.478125 0.109375
3 0.7890625 0.453125 0.184375 0.021875
9 0.7484375 0.3359375 0.478125 0.075
3 0.875 0.3359375 0.1875 0.0265625
9 0.746875 0.203125 0.478125 0.0828125
3 0.790625 0.2015625 0.184375 0.0265625
9 0.746875 0.10625 0.478125 0.053125
3 0.875 0.1078125 0.1859375 0.021875
9 0.2421875 0.884375 0.478125 0.0734375
3 0.3171875 0.884375 0.1859375 0.0234375
9 0.2421875 0.7828125 0.4796875 0.075
3 0.3703125 0.7828125 0.1859375 0.0203125
9 0.2421875 0.665625 0.4796875 0.053125
3 0.315625 0.6671875 0.184375 0.0203125
9 0.2421875 0.5859375 0.4796875 0.0546875
3 0.36875 0.584375 0.184375 0.0234375
9 0.2421875 0.453125 0.478125 0.1078125
3 0.284375 0.453125 0.184375 0.0234375
9 0.2421875 0.3359375 0.4796875 0.0765625
3 0.36875 0.3359375 0.1859375 0.021875
9 0.2421875 0.203125 0.4796875 0.0859375
3 0.284375 0.2046875 0.1828125 0.021875
9 0.2421875 0.10625 0.4796875 0.053125
3 0.36875 0.10625 0.184375 0.021875
9 0.04375 0.8828125 0.025 0.021875
9 0.0421875 0.7828125 0.0203125 0.021875
9 0.04375 0.6640625 0.021875 0.0265625
9 0.04375 0.584375 0.0296875 0.025
9 0.04375 0.4515625 0.025 0.021875
9 0.04375 0.334375 0.021875 0.021875
9 0.040625 0.2015625 0.0234375 0.0234375
9 0.040625 0.10625 0.025 0.0234375
9 0.428125 0.203125 0.028125 0.0265625
9 0.4296875 0.45 0.028125 0.0296875
9 0.4453125 0.665625 0.028125 0.0296875
9 0.44375 0.88125 0.0265625 0.0296875
9 0.9484375 0.884375 0.0296875 0.025
9 0.9515625 0.665625 0.028125 0.028125
9 0.934375 0.45 0.028125 0.0296875
9 0.9328125 0.2015625 0.03125 0.028125