9 0.125 0.3125 0.2375 0.0375
3 0.08125 0.3125 0.0765625 0.0109375
9 0.1265625 0.3625 0.2375 0.0359375
3 0.0546875 0.3625 0.075 0.0125
9 0.125 0.4203125 0.2375 0.0265625
3 0.08125 0.4203125 0.0765625 0.0109375
9 0.125 0.459375 0.2359375 0.025
3 0.0546875 0.459375 0.0765625 0.0109375
9 0.125 0.525 0.2359375 0.053125
3 0.096875 0.525 0.075 0.0125
9 0.125 0.5828125 0.2359375 0.0359375
3 0.0546875 0.5828125 0.0765625 0.0125
9 0.125 0.6484375 0.2375 0.04375
3 0.096875 0.6484375 0.0765625 0.0125
9 0.125 0.696875 0.2375 0.0265625
3 0.05625 0.6953125 0.078125 0.0109375
9 0.375 0.3125 0.2375 0.0390625
3 0.33125 0.3125 0.0765625 0.0125
9 0.375 0.3625 0.2375 0.0375
3 0.30625 0.3609375 0.0765625 0.0109375
9 0.375 0.4203125 0.2359375 0.028125
3 0.33125 0.4203125 0.0765625 0.0109375
9 0.375 0.459375 0.2359375 0.0265625
3 0.3046875 0.459375 0.0765625 0.0125
9 0.375 0.525 0.2359375 0.053125
3 0.346875 0.525 0.0765625 0.0140625
9 0.375 0.5828125 0.2359375 0.0359375
3 0.3046875 0.5828125 0.0765625 0.0109375
9 0.375 0.6484375 0.2375 0.040625
3 0.346875 0.6484375 0.0765625 0.0109375
9 0.375 0.696875 0.2375 0.025
3 0.3046875 0.696875 0.075 0.0109375
9 0.625 0.3125 0.2359375 0.0375
3 0.58125 0.3125 0.078125 0.0140625
9 0.625 0.3625 0.2375 0.0375
3 0.5546875 0.3625 0.0765625 0.0109375
9 0.625 0.4203125 0.2359375 0.0265625
3 0.58125 0.4203125 0.0765625 0.0125
9 0.625 0.459375 0.2359375 0.0265625
3 0.5546875 0.459375 0.075 0.0125
9 0.625 0.525 0.2375 0.053125
3 0.596875 0.525 0.0765625 0.0109375
9 0.625 0.5828125 0.2375 0.0375
3 0.5546875 0.5828125 0.0765625 0.0109375
9 0.625 0.6484375 0.2375 0.04375
3 0.596875 0.6484375 0.078125 0.0125
9 0.625 0.696875 0.2375 0.0265625
3 0.5546875 0.6953125 0.0765625 0.0140625
9 0.875 0.3125 0.2375 0.0375
3 0.8296875 0.3109375 0.075 0.0125
9 0.875 0.3625 0.2375 0.0375
3 0.8046875 0.3609375 0.0765625 0.0140625
9 0.875 0.4203125 0.2375 0.0265625
3 0.83125 0.4203125 0.0765625 0.0109375
9 0.875 0.459375 0.2375 0.0265625
3 0.8046875 0.459375 0.0765625 0.0125
9 0.875 0.525 0.2375 0.053125
3 0.846875 0.525 0.0765625 0.0125
9 0.875 0.5828125 0.2375 0.0375
3 0.8046875 0.5828125 0.0765625 0.0109375
9 0.875 0.6484375 0.2375 0.0421875
3 0.846875 0.6484375 0.0765625 0.009375
9 0.875 0.696875 0.2375 0.0265625
3 0.8046875 0.6953125 0.078125 0.0109375
27 0.9734375 0.3125 0.0109375 0.0109375
27 0.4734375 0.3125 0.009375 0.009375
27 0.9734375 0.4203125 0.009375 0.009375
27 0.9734375 0.525 0.009375 0.009375
27 0.475 0.3625 0.009375 0.009375
27 0.4734375 0.4203125 0.009375 0.009375
27 0.4734375 0.525 0.009375 0.009375
27 0.4734375 0.5828125 0.009375 0.009375
27 0.475 0.6953125 0.009375 0.009375
27 0.9734375 0.3609375 0.0125 0.0125
27 0.4734375 0.459375 0.0109375 0.0109375
27 0.9734375 0.5828125 0.0109375 0.0125
27 0.9734375 0.6484375 0.015625 0.0109375
27 0.9734375 0.459375 0.009375 0.0109375
27 0.475 0.6484375 0.0140625 0.0109375
9 0.9734375 0.6953125 0.0109375 0.0109375
9 0.775 0.3109375 0.0125 0.0140625
9 0.025 0.3125 0.0125 0.0125
9 0.025 0.4203125 0.0125 0.0125
9 0.034375 0.525 0.0125 0.0125
9 0.034375 0.6484375 0.0125 0.0125
9 0.7828125 0.525 0.0125 0.0125
9 0.7828125 0.65 0.0140625 0.0140625
9 0.5328125 0.525 0.0125 0.0140625
9 0.5328125 0.65 0.0125 0.0140625
9 0.2828125 0.6484375 0.0125 0.0125
9 0.2828125 0.525 0.0140625 0.0125
9 0.275 0.4203125 0.0140625 0.0140625
9 0.275 0.3125 0.0140625 0.0140625
9 0.525 0.3125 0.015625 0.0140625
9 0.525 0.4203125 0.0140625 0.0125
9 0.7734375 0.4203125 0.0125 0.0140625