10 0.315625 0.071875 0.3453125 0.0421875
10 0.3171875 0.11875 0.3453125 0.0359375
10 0.3171875 0.1875 0.3453125 0.0828125
10 0.315625 0.26875 0.346875 0.0640625
10 0.6828125 0.071875 0.3453125 0.04375
10 0.6828125 0.11875 0.34375 0.0328125
10 0.684375 0.1875 0.3421875 0.084375
10 0.6828125 0.271875 0.3421875 0.0609375
10 0.315625 0.3953125 0.34375 0.0421875
10 0.684375 0.3953125 0.346875 0.04375
10 0.315625 0.5125 0.3484375 0.084375
10 0.3140625 0.44375 0.34375 0.034375
10 0.684375 0.5109375 0.346875 0.084375
10 0.684375 0.44375 0.346875 0.034375
10 0.3171875 0.596875 0.34375 0.0625
10 0.684375 0.5953125 0.3484375 0.065625
10 0.3171875 0.7203125 0.346875 0.046875
10 0.315625 0.76875 0.346875 0.034375
10 0.684375 0.7203125 0.346875 0.04375
10 0.6828125 0.76875 0.346875 0.0328125
10 0.315625 0.8375 0.3484375 0.0859375
10 0.684375 0.8375 0.346875 0.084375
10 0.315625 0.9203125 0.346875 0.065625
10 0.684375 0.91875 0.3453125 0.0640625
27 0.1609375 0.0703125 0.0125 0.009375
27 0.1625 0.11875 0.0125 0.0078125
27 0.1625 0.1640625 0.0125 0.0078125
27 0.5296875 0.0703125 0.0125 0.0078125
27 0.1625 0.2546875 0.0125 0.0078125
27 0.1625 0.3953125 0.0125 0.0078125
27 0.5296875 0.1171875 0.0125 0.0078125
27 0.5296875 0.2546875 0.0125 0.0078125
27 0.5296875 0.1640625 0.0125 0.0078125
27 0.1609375 0.7203125 0.0109375 0.0078125
27 0.5296875 0.7203125 0.0125 0.0078125
27 0.1625 0.76875 0.0125 0.0078125
27 0.1625 0.4890625 0.0125 0.0078125
27 0.5296875 0.3953125 0.0125 0.0078125
27 0.1609375 0.44375 0.0125 0.0078125
27 0.1625 0.8125 0.0125 0.0078125
27 0.1625 0.578125 0.0125 0.0078125
27 0.5296875 0.4890625 0.0125 0.0078125
27 0.5296875 0.44375 0.0125 0.0078125
27 0.5296875 0.76875 0.0125 0.0078125
27 0.5296875 0.5796875 0.0125 0.0078125
27 0.5296875 0.8140625 0.0125 0.0078125
27 0.1625 0.9046875 0.0109375 0.0078125
27 0.5296875 0.9046875 0.0125 0.0078125