10 0.0390625 0.690625 0.04375 0.3609375
10 0.0890625 0.6890625 0.0375 0.359375
10 0.1609375 0.6890625 0.0859375 0.359375
10 0.2453125 0.690625 0.065625 0.3609375
10 0.0390625 0.3078125 0.0453125 0.359375
10 0.0875 0.30625 0.034375 0.3578125
10 0.159375 0.30625 0.0875 0.3578125
10 0.246875 0.3078125 0.0640625 0.3578125
10 0.378125 0.690625 0.0453125 0.3578125
10 0.3765625 0.30625 0.0453125 0.3609375
10 0.4984375 0.690625 0.0875 0.3640625
10 0.4265625 0.6921875 0.0359375 0.3578125
10 0.4984375 0.30625 0.0890625 0.3609375
10 0.428125 0.30625 0.0359375 0.3625
10 0.5875 0.6890625 0.065625 0.3578125
10 0.5859375 0.30625 0.06875 0.3640625
10 0.715625 0.6890625 0.0484375 0.3625
10 0.765625 0.690625 0.0359375 0.3625
10 0.715625 0.30625 0.0453125 0.3609375
10 0.765625 0.30625 0.034375 0.3625
10 0.8375 0.690625 0.0890625 0.3640625
10 0.8375 0.30625 0.0875 0.3609375
10 0.925 0.690625 0.06875 0.3625
10 0.9234375 0.30625 0.0671875 0.3609375
27 0.0375 0.8515625 0.0109375 0.0140625
27 0.0875 0.8515625 0.0078125 0.0125
27 0.1359375 0.8515625 0.0078125 0.0125
27 0.0375 0.4671875 0.009375 0.0125
27 0.2296875 0.8515625 0.0078125 0.0125
27 0.3765625 0.8515625 0.0078125 0.0125
27 0.0875 0.4671875 0.0078125 0.0125
27 0.2296875 0.4671875 0.0078125 0.0140625
27 0.1359375 0.4671875 0.0078125 0.0125
27 0.715625 0.8515625 0.0078125 0.0125
27 0.715625 0.4671875 0.0078125 0.0125
27 0.765625 0.8515625 0.0078125 0.0125
27 0.475 0.8515625 0.0078125 0.0125
27 0.378125 0.4671875 0.0078125 0.0125
27 0.4265625 0.8515625 0.0078125 0.0125
27 0.8125 0.8515625 0.0078125 0.0125
27 0.56875 0.8515625 0.0078125 0.0125
27 0.475 0.4671875 0.0078125 0.0125
27 0.4265625 0.4671875 0.0078125 0.0125
27 0.765625 0.4671875 0.0078125 0.0125
27 0.56875 0.4671875 0.0078125 0.0125
27 0.8125 0.4671875 0.0078125 0.0125
27 0.9078125 0.8515625 0.0078125 0.0125
27 0.9078125 0.4671875 0.0078125 0.0125