15 0.9609375 0.8328125 0.0359375 0.2265625
3 0.9609375 0.8328125 0.01875 0.196875
15 0.896875 0.8421875 0.05 0.2046875
3 0.896875 0.8421875 0.021875 0.1609375
15 0.8203125 0.8125 0.0640625 0.265625
3 0.8203125 0.8140625 0.0203125 0.2171875
15 0.896875 0.3671875 0.0484375 0.2421875
3 0.8984375 0.35 0.01875 0.171875
15 0.8203125 0.33125 0.0640625 0.3140625
3 0.8203125 0.309375 0.021875 0.2140625
15 0.728125 0.81875 0.078125 0.2515625
3 0.728125 0.8203125 0.0203125 0.1953125
15 0.621875 0.753125 0.096875 0.3890625
3 0.6234375 0.75 0.028125 0.3171875
15 0.7265625 0.3359375 0.08125 0.3078125
3 0.728125 0.315625 0.021875 0.1921875
15 0.6234375 0.2703125 0.0921875 0.4390625
3 0.621875 0.25 0.025 0.3140625
15 0.9609375 0.3578125 0.0375 0.259375
3 0.9625 0.340625 0.0171875 0.196875
27 0.9609375 0.465625 0.01875 0.0203125
27 0.8984375 0.4578125 0.01875 0.01875
27 0.621875 0.434375 0.0265625 0.0265625
27 0.8203125 0.4453125 0.025 0.0265625
15 0.0796875 0.753125 0.0921875 0.3875
3 0.078125 0.7484375 0.0265625 0.3125
15 0.078125 0.26875 0.096875 0.4421875
3 0.078125 0.246875 0.028125 0.3140625
15 0.184375 0.81875 0.08125 0.25625
3 0.184375 0.81875 0.0234375 0.19375
27 0.728125 0.4390625 0.0265625 0.028125
15 0.184375 0.3359375 0.08125 0.3046875
3 0.184375 0.3140625 0.0234375 0.190625
15 0.353125 0.84375 0.0546875 0.2078125
3 0.353125 0.8421875 0.0203125 0.171875
15 0.2765625 0.8125 0.06875 0.2671875
3 0.2765625 0.8140625 0.021875 0.2171875
15 0.2765625 0.3296875 0.0671875 0.3171875
3 0.2765625 0.3125 0.0234375 0.21875
15 0.353125 0.3671875 0.0546875 0.24375
3 0.353125 0.3515625 0.0203125 0.171875
15 0.4171875 0.8328125 0.0390625 0.2265625
3 0.41875 0.8328125 0.0171875 0.209375
27 0.184375 0.4390625 0.025 0.0265625
15 0.4171875 0.35625 0.0390625 0.2625
3 0.41875 0.340625 0.0171875 0.2
27 0.275 0.4453125 0.025 0.025
27 0.353125 0.459375 0.0171875 0.0171875
27 0.078125 0.4328125 0.025 0.025
27 0.4171875 0.465625 0.0171875 0.01875