15 0.16875 0.0078125 0.2421875 0.0140625
3 0.16875 0.003125 0.209375 0.0046875
15 0.159375 0.0640625 0.21875 0.053125
3 0.159375 0.0640625 0.1703125 0.021875
15 0.190625 0.146875 0.2828125 0.06875
3 0.1890625 0.146875 0.23125 0.021875
15 0.6640625 0.0640625 0.2578125 0.0515625
3 0.6828125 0.0625 0.1828125 0.0203125
15 0.703125 0.1453125 0.334375 0.06875
3 0.725 0.1453125 0.228125 0.0234375
15 0.184375 0.24375 0.26875 0.0828125
3 0.1828125 0.24375 0.209375 0.021875
15 0.2546875 0.35625 0.4140625 0.103125
3 0.25625 0.35625 0.3375 0.0296875
15 0.6984375 0.2453125 0.3265625 0.0859375
3 0.7203125 0.24375 0.2046875 0.0234375
15 0.7546875 0.3546875 0.4421875 0.0984375
3 0.790625 0.35625 0.334375 0.0265625
15 0.6734375 0.0078125 0.278125 0.0140625
27 0.559375 0.003125 0.021875 0.0046875
27 0.5671875 0.0640625 0.0203125 0.0203125
27 0.59375 0.35625 0.028125 0.028125
27 0.58125 0.146875 0.028125 0.0265625
15 0.253125 0.934375 0.4125 0.0984375
3 0.259375 0.9359375 0.3328125 0.028125
15 0.7546875 0.934375 0.4421875 0.103125
3 0.7921875 0.9359375 0.334375 0.0296875
15 0.184375 0.8234375 0.271875 0.0859375
3 0.184375 0.8234375 0.20625 0.025
27 0.5875 0.24375 0.0296875 0.028125
15 0.6984375 0.821875 0.325 0.0875
3 0.7203125 0.8234375 0.203125 0.025
15 0.1578125 0.6421875 0.221875 0.0578125
3 0.159375 0.6421875 0.1828125 0.021875
15 0.190625 0.725 0.284375 0.0734375
3 0.1890625 0.725 0.23125 0.0234375
15 0.7046875 0.725 0.3375 0.071875
3 0.7234375 0.725 0.2328125 0.0234375
15 0.665625 0.6421875 0.259375 0.0578125
3 0.68125 0.6421875 0.1828125 0.021875
15 0.16875 0.575 0.2421875 0.0421875
3 0.1703125 0.5734375 0.221875 0.01875
27 0.5875 0.8234375 0.028125 0.0265625
15 0.6765625 0.575 0.2796875 0.040625
3 0.6921875 0.5734375 0.2125 0.01875
27 0.58125 0.725 0.0265625 0.0265625
27 0.5671875 0.64375 0.01875 0.01875
27 0.5953125 0.9359375 0.0265625 0.0265625
27 0.5609375 0.575 0.0203125 0.01875