15 0.0171875 0.7390625 0.034375 0.1421875
3 0.0171875 0.7390625 0.0140625 0.121875
15 0.0703125 0.384375 0.0453125 0.21875
3 0.0703125 0.3703125 0.015625 0.14375
15 0.35 0.7328125 0.0265625 0.15625
3 0.35 0.7328125 0.0125 0.1421875
15 0.0171875 0.409375 0.0328125 0.1671875
3 0.0171875 0.396875 0.015625 0.1125
15 0.35 0.4015625 0.025 0.18125
3 0.35 0.39375 0.0109375 0.1421875
15 0.0703125 0.71875 0.0453125 0.184375
3 0.0703125 0.7203125 0.015625 0.153125
15 0.134375 0.3875 0.05625 0.2109375
3 0.134375 0.371875 0.015625 0.1375
15 0.134375 0.721875 0.05625 0.1765625
3 0.134375 0.721875 0.015625 0.1375
15 0.39375 0.409375 0.0359375 0.1671875
3 0.39375 0.3984375 0.0140625 0.121875
15 0.2078125 0.340625 0.065625 0.3046875
3 0.2078125 0.3265625 0.01875 0.215625
15 0.2078125 0.6765625 0.065625 0.26875
3 0.2078125 0.675 0.01875 0.221875
15 0.39375 0.7390625 0.0359375 0.14375
3 0.39375 0.7390625 0.0140625 0.121875
15 0.4484375 0.384375 0.046875 0.21875
3 0.4484375 0.371875 0.015625 0.1546875
15 0.4484375 0.7171875 0.046875 0.1859375
3 0.4484375 0.71875 0.015625 0.1546875
15 0.5125 0.3875 0.05625 0.2109375
3 0.5125 0.371875 0.01875 0.13125
15 0.5125 0.721875 0.0546875 0.1765625
3 0.5125 0.721875 0.015625 0.1390625
15 0.5859375 0.6765625 0.0671875 0.2703125
3 0.5859375 0.675 0.01875 0.2203125
15 0.5859375 0.340625 0.065625 0.303125
3 0.5859375 0.325 0.01875 0.21875
15 0.8265625 0.3828125 0.0453125 0.2203125
3 0.825 0.36875 0.015625 0.15
15 0.771875 0.7390625 0.0359375 0.14375
3 0.771875 0.7375 0.0140625 0.1265625
15 0.771875 0.409375 0.0375 0.16875
3 0.771875 0.3984375 0.0140625 0.1203125
15 0.8265625 0.71875 0.0453125 0.184375
3 0.825 0.71875 0.015625 0.15625
15 0.8890625 0.7234375 0.05625 0.175
3 0.8890625 0.721875 0.015625 0.1390625
15 0.728125 0.4015625 0.0265625 0.1828125
3 0.7265625 0.3921875 0.0125 0.1421875
15 0.890625 0.3875 0.05625 0.2109375
3 0.8890625 0.371875 0.0171875 0.1375
15 0.728125 0.73125 0.0265625 0.1578125
3 0.7265625 0.7328125 0.0125 0.146875
15 0.9625 0.340625 0.065625 0.3046875
3 0.9625 0.328125 0.01875 0.2203125
15 0.9625 0.675 0.065625 0.2703125
3 0.9640625 0.6734375 0.01875 0.221875
27 0.0703125 0.4640625 0.0171875 0.01875
27 0.2078125 0.4546875 0.0171875 0.01875
27 0.134375 0.459375 0.01875 0.01875
27 0.0171875 0.471875 0.0125 0.0109375
27 0.5140625 0.459375 0.01875 0.01875
27 0.3953125 0.4734375 0.0109375 0.0125
27 0.4484375 0.4640625 0.0171875 0.0171875
27 0.3515625 0.4765625 0.0125 0.0125
27 0.5859375 0.4546875 0.015625 0.01875
27 0.8890625 0.459375 0.0171875 0.01875
27 0.728125 0.4765625 0.0125 0.0125
27 0.771875 0.4734375 0.0109375 0.0125
27 0.8265625 0.4640625 0.0171875 0.0171875
27 0.9625 0.4546875 0.0203125 0.01875