3 0.1296875 0.1921875 0.134375 0.0125
3 0.125 0.2359375 0.115625 0.0125
15 0.4484375 0.19375 0.1546875 0.028125
15 0.4421875 0.2359375 0.140625 0.0359375
3 0.4484375 0.1921875 0.1390625 0.0125
3 0.15 0.2890625 0.1421875 0.0140625
15 0.7703125 0.19375 0.178125 0.028125
15 0.7625 0.2359375 0.1640625 0.0375
3 0.7796875 0.1921875 0.1375 0.0125
3 0.1484375 0.35 0.13125 0.0140625
3 0.4421875 0.2359375 0.1203125 0.0125
15 0.4625 0.2890625 0.18125 0.046875
3 0.459375 0.2890625 0.146875 0.0140625
15 0.7875 0.2890625 0.215625 0.046875
3 0.8015625 0.2875 0.146875 0.0140625
15 0.459375 0.35 0.1734375 0.05625
3 0.4578125 0.35 0.134375 0.0140625
3 0.15 0.6546875 0.1421875 0.0140625
3 0.7734375 0.2359375 0.1171875 0.0125
3 0.1234375 0.603125 0.1140625 0.0125
15 0.784375 0.35 0.2078125 0.05625
3 0.7984375 0.35 0.1296875 0.015625
3 0.190625 0.421875 0.2109375 0.015625
3 0.15 0.7171875 0.1296875 0.0140625
15 0.76875 0.5609375 0.178125 0.028125
15 0.7625 0.603125 0.1640625 0.0375
3 0.78125 0.559375 0.1375 0.0125
15 0.8296875 0.421875 0.2984375 0.065625
3 0.84375 0.421875 0.2171875 0.0171875
15 0.45 0.5609375 0.1546875 0.028125
15 0.4421875 0.603125 0.140625 0.0359375
3 0.4484375 0.559375 0.1375 0.0140625
15 0.4578125 0.71875 0.175 0.05625
3 0.4578125 0.7171875 0.1359375 0.015625
15 0.503125 0.421875 0.2625 0.065625
3 0.503125 0.421875 0.21875 0.0171875
15 0.4625 0.65625 0.18125 0.046875
3 0.4609375 0.6546875 0.1484375 0.015625
15 0.784375 0.71875 0.2078125 0.05625
3 0.7984375 0.7171875 0.134375 0.015625
3 0.1953125 0.7875 0.2078125 0.0171875
3 0.4421875 0.603125 0.1203125 0.0140625
15 0.7875 0.65625 0.215625 0.046875
3 0.803125 0.6546875 0.14375 0.015625
3 0.7734375 0.603125 0.115625 0.0140625
3 0.1296875 0.559375 0.1359375 0.0109375
15 0.503125 0.7890625 0.2640625 0.065625
3 0.5046875 0.7875 0.221875 0.01875
15 0.8296875 0.7890625 0.296875 0.0671875
3 0.846875 0.7890625 0.221875 0.01875
27 0.0453125 0.19375 0.0109375 0.0140625
27 0.05 0.2359375 0.0109375 0.0125
27 0.046875 0.5609375 0.0125 0.0125
27 0.06875 0.7890625 0.015625 0.0171875
27 0.059375 0.2890625 0.0171875 0.015625
27 0.0515625 0.603125 0.0125 0.0109375
27 0.0671875 0.421875 0.0171875 0.015625
27 0.7109375 0.2890625 0.0171875 0.0171875
27 0.0640625 0.35 0.0171875 0.0203125
27 0.7140625 0.35 0.0171875 0.015625
27 0.059375 0.6546875 0.0171875 0.015625
27 0.71875 0.421875 0.0171875 0.015625
27 0.7015625 0.2359375 0.0109375 0.0109375
27 0.0640625 0.7171875 0.0171875 0.015625
27 0.7109375 0.6546875 0.0171875 0.0171875
27 0.696875 0.19375 0.0125 0.0109375
27 0.7140625 0.7171875 0.0171875 0.015625
27 0.71875 0.7890625 0.015625 0.015625
27 0.7015625 0.603125 0.0109375 0.0109375
27 0.696875 0.5609375 0.0125 0.0109375