3 0.196875 0.1296875 0.0140625 0.125
15 0.1625 0.4796875 0.0078125 0.1671875
15 0.196875 0.4734375 0.0390625 0.1515625
3 0.253125 0.1578125 0.0140625 0.153125
15 0.1609375 0.825 0.00625 0.1921875
15 0.196875 0.81875 0.040625 0.1765625
3 0.3203125 0.1546875 0.015625 0.1421875
3 0.196875 0.4734375 0.0140625 0.1296875
15 0.253125 0.4953125 0.05 0.196875
3 0.253125 0.4921875 0.015625 0.159375
15 0.253125 0.8453125 0.05 0.2328125
3 0.253125 0.8609375 0.015625 0.1578125
15 0.3203125 0.490625 0.059375 0.1875
3 0.3203125 0.490625 0.015625 0.14375
3 0.6484375 0.1578125 0.015625 0.153125
3 0.196875 0.83125 0.0140625 0.1265625
3 0.5921875 0.1296875 0.0140625 0.1234375
15 0.3203125 0.8421875 0.0609375 0.225
3 0.3203125 0.8578125 0.015625 0.140625
3 0.396875 0.203125 0.0171875 0.2265625
3 0.715625 0.1578125 0.015625 0.1390625
15 0.546875 0.8265625 0.0296875 0.1921875
15 0.59375 0.81875 0.040625 0.178125
3 0.5453125 0.8390625 0.0125 0.1484375
15 0.396875 0.8640625 0.0703125 0.2703125
3 0.396875 0.89375 0.01875 0.2109375
15 0.546875 0.48125 0.0296875 0.1671875
15 0.59375 0.471875 0.0390625 0.153125
3 0.546875 0.4796875 0.0140625 0.1484375
15 0.7171875 0.490625 0.0609375 0.1875
3 0.715625 0.490625 0.0171875 0.146875
15 0.3984375 0.5390625 0.071875 0.284375
3 0.396875 0.5375 0.01875 0.2359375
15 0.65 0.49375 0.0515625 0.1953125
3 0.65 0.49375 0.0171875 0.1609375
15 0.7171875 0.8421875 0.0609375 0.2234375
3 0.715625 0.8578125 0.0171875 0.1453125
3 0.7921875 0.20625 0.01875 0.225
3 0.5921875 0.4734375 0.015625 0.1296875
15 0.65 0.8453125 0.05 0.2328125
3 0.6484375 0.8625 0.0171875 0.15625
3 0.5921875 0.8296875 0.015625 0.125
3 0.5453125 0.1359375 0.0125 0.146875
15 0.79375 0.5390625 0.0703125 0.284375
3 0.7921875 0.540625 0.0203125 0.2390625
15 0.79375 0.8640625 0.071875 0.2703125
3 0.7921875 0.8953125 0.0203125 0.209375
27 0.196875 0.05 0.0125 0.0125
27 0.546875 0.046875 0.0125 0.0140625
27 0.79375 0.0703125 0.01875 0.0171875
27 0.253125 0.0609375 0.0171875 0.01875
27 0.59375 0.0515625 0.0109375 0.0125
27 0.3984375 0.06875 0.0171875 0.01875
27 0.2546875 0.7625 0.01875 0.01875
27 0.3203125 0.065625 0.021875 0.01875
27 0.3203125 0.7671875 0.0171875 0.01875
27 0.6484375 0.0609375 0.0171875 0.01875
27 0.3984375 0.771875 0.0171875 0.01875
27 0.196875 0.7515625 0.0125 0.0125
27 0.715625 0.0640625 0.0171875 0.01875
27 0.65 0.7625 0.0171875 0.01875
27 0.715625 0.7671875 0.0171875 0.01875
27 0.79375 0.771875 0.0171875 0.0171875
27 0.5921875 0.753125 0.0125 0.0125
27 0.546875 0.746875 0.0109375 0.0125