15 0.7484375 0.0125 0.15 0.025
3 0.75 0.0125 0.1328125 0.0125
15 0.4296875 0.0125 0.175 0.025
3 0.41875 0.0109375 0.134375 0.0125
15 0.7546875 0.0546875 0.1359375 0.034375
3 0.75625 0.0546875 0.11875 0.0140625
15 0.4109375 0.1078125 0.2125 0.0453125
3 0.396875 0.10625 0.1390625 0.015625
15 0.7484375 0.378125 0.15 0.025
3 0.7484375 0.378125 0.1375 0.0125
15 0.4359375 0.0546875 0.1625 0.034375
3 0.4234375 0.0546875 0.109375 0.0140625
15 0.428125 0.378125 0.1765625 0.0234375
3 0.4203125 0.378125 0.1375 0.0109375
15 0.734375 0.10625 0.1765625 0.04375
3 0.7375 0.10625 0.1484375 0.015625
15 0.4140625 0.16875 0.2046875 0.0546875
3 0.4 0.16875 0.1328125 0.015625
15 0.7390625 0.16875 0.16875 0.0546875
3 0.7390625 0.16875 0.1328125 0.015625
15 0.4359375 0.421875 0.1625 0.034375
3 0.425 0.4203125 0.1171875 0.0140625
15 0.36875 0.240625 0.2953125 0.0625
3 0.3546875 0.240625 0.209375 0.0171875
15 0.69375 0.240625 0.259375 0.0640625
3 0.69375 0.240625 0.215625 0.0171875
15 0.7546875 0.4203125 0.1359375 0.034375
3 0.75625 0.4203125 0.11875 0.0140625
15 0.4109375 0.4734375 0.2125 0.0453125
3 0.4 0.4734375 0.15 0.015625
15 0.734375 0.471875 0.178125 0.04375
3 0.7359375 0.4734375 0.15 0.015625
15 0.4140625 0.5359375 0.2046875 0.0546875
3 0.3984375 0.5359375 0.128125 0.0171875
15 0.7390625 0.5359375 0.16875 0.0546875
3 0.7390625 0.5359375 0.134375 0.015625
15 0.69375 0.60625 0.259375 0.0640625
3 0.69375 0.60625 0.2140625 0.01875
15 0.36875 0.60625 0.2953125 0.0625
3 0.353125 0.60625 0.2125 0.01875
15 0.4109375 0.840625 0.2140625 0.0453125
3 0.396875 0.840625 0.146875 0.015625
15 0.7546875 0.7875 0.1375 0.034375
3 0.7546875 0.7875 0.121875 0.0140625
15 0.4359375 0.7875 0.1640625 0.0359375
3 0.425 0.7875 0.1171875 0.0140625
15 0.734375 0.840625 0.1765625 0.0453125
3 0.7359375 0.840625 0.1515625 0.015625
15 0.7390625 0.9015625 0.1671875 0.0546875
3 0.7390625 0.9015625 0.1359375 0.015625
15 0.428125 0.7453125 0.1765625 0.025
3 0.41875 0.74375 0.1375 0.0125
15 0.4140625 0.903125 0.2046875 0.0546875
3 0.4 0.9015625 0.134375 0.015625
15 0.7484375 0.7453125 0.15 0.025
3 0.75 0.74375 0.1421875 0.0125
15 0.3703125 0.9703125 0.296875 0.059375
3 0.35625 0.9734375 0.2140625 0.01875
15 0.69375 0.9703125 0.259375 0.059375
3 0.6921875 0.9734375 0.215625 0.01875
27 0.5015625 0.0125 0.0125 0.0140625
27 0.4890625 0.10625 0.0171875 0.0171875
27 0.4796875 0.240625 0.0171875 0.0171875
27 0.484375 0.16875 0.01875 0.0171875
27 0.496875 0.0546875 0.0109375 0.0125
27 0.484375 0.5375 0.01875 0.01875
27 0.496875 0.421875 0.0125 0.0109375
27 0.4875 0.4734375 0.0171875 0.0171875
27 0.5015625 0.3796875 0.0125 0.0109375
27 0.4796875 0.6078125 0.0171875 0.015625
27 0.484375 0.9015625 0.01875 0.0171875
27 0.5015625 0.7453125 0.0125 0.0109375
27 0.496875 0.7875 0.0125 0.0109375
27 0.4890625 0.840625 0.0171875 0.0171875
27 0.4796875 0.9734375 0.0171875 0.01875