3 0.1859375 0.8703125 0.0140625 0.1421875
3 0.2328125 0.878125 0.0140625 0.1234375
15 0.1875 0.53125 0.0296875 0.165625
15 0.2328125 0.5375 0.0390625 0.15
3 0.1859375 0.53125 0.0125 0.1484375
3 0.2890625 0.85 0.0140625 0.1515625
15 0.1859375 0.1890625 0.0296875 0.1890625
15 0.2328125 0.1953125 0.0390625 0.175
3 0.1859375 0.178125 0.0140625 0.146875
3 0.3546875 0.853125 0.0140625 0.140625
3 0.2328125 0.5390625 0.0140625 0.128125
15 0.2890625 0.515625 0.05 0.19375
3 0.2890625 0.51875 0.015625 0.15625
15 0.2890625 0.16875 0.05 0.2296875
3 0.2875 0.1546875 0.015625 0.15625
15 0.3546875 0.5203125 0.059375 0.1859375
3 0.3546875 0.5203125 0.015625 0.1421875
3 0.6796875 0.85 0.015625 0.1515625
3 0.23125 0.184375 0.0140625 0.125
3 0.6234375 0.878125 0.0125 0.121875
15 0.3546875 0.1734375 0.0609375 0.221875
3 0.3546875 0.1578125 0.015625 0.1390625
3 0.43125 0.80625 0.0171875 0.225
3 0.7453125 0.85 0.015625 0.1375
15 0.578125 0.1890625 0.0296875 0.190625
15 0.625 0.196875 0.040625 0.1765625
3 0.578125 0.1765625 0.0125 0.146875
15 0.43125 0.1421875 0.06875 0.284375
3 0.43125 0.1125 0.01875 0.225
15 0.5796875 0.53125 0.0296875 0.165625
15 0.625 0.5390625 0.0390625 0.1515625
3 0.578125 0.53125 0.0140625 0.146875
15 0.746875 0.5203125 0.0609375 0.1859375
3 0.7453125 0.5203125 0.0171875 0.1453125
15 0.43125 0.4734375 0.0703125 0.28125
3 0.43125 0.4734375 0.01875 0.234375
15 0.6796875 0.5171875 0.05 0.19375
3 0.6796875 0.51875 0.0171875 0.159375
15 0.746875 0.1734375 0.0609375 0.221875
3 0.7453125 0.1578125 0.0171875 0.14375
3 0.821875 0.8015625 0.01875 0.221875
3 0.6234375 0.5375 0.015625 0.128125
15 0.68125 0.1703125 0.05 0.2296875
3 0.6796875 0.1515625 0.0171875 0.1546875
3 0.6234375 0.184375 0.015625 0.1234375
3 0.5765625 0.871875 0.0125 0.1453125
15 0.815625 0.4734375 0.0546875 0.28125
3 0.821875 0.471875 0.01875 0.2359375
15 0.8140625 0.1421875 0.0546875 0.284375
3 0.821875 0.1125 0.0203125 0.225
27 0.1859375 0.9609375 0.0140625 0.0125
27 0.2328125 0.95625 0.0125 0.0125
27 0.578125 0.9609375 0.0125 0.0140625
27 0.821875 0.9359375 0.01875 0.0171875
27 0.2875 0.946875 0.0171875 0.01875
27 0.625 0.95625 0.0109375 0.0125
27 0.43125 0.9375 0.0171875 0.01875
27 0.2890625 0.2515625 0.01875 0.01875
27 0.3546875 0.9421875 0.021875 0.01875
27 0.3546875 0.2484375 0.0171875 0.01875
27 0.6796875 0.946875 0.0171875 0.01875
27 0.43125 0.2421875 0.0171875 0.0171875
27 0.2328125 0.2625 0.0125 0.0125
27 0.746875 0.9421875 0.0171875 0.01875
27 0.6796875 0.2515625 0.0171875 0.01875
27 0.1875 0.2671875 0.0125 0.0125
27 0.7453125 0.2484375 0.0171875 0.01875
27 0.821875 0.2421875 0.0171875 0.0171875
27 0.6234375 0.2609375 0.0109375 0.0125
27 0.578125 0.2671875 0.0109375 0.0125