15 0.16875 0.0515625 0.221875 0.0359375
3 0.16875 0.0515625 0.19375 0.01875
15 0.159375 0.115625 0.2015625 0.0484375
3 0.159375 0.1140625 0.1578125 0.0203125
15 0.1890625 0.190625 0.2609375 0.0640625
3 0.1859375 0.190625 0.2140625 0.0203125
15 0.6265625 0.1140625 0.2375 0.0484375
3 0.64375 0.1140625 0.16875 0.01875
15 0.6625 0.190625 0.309375 0.0640625
3 0.6828125 0.190625 0.2109375 0.021875
15 0.1828125 0.28125 0.2484375 0.0765625
3 0.18125 0.28125 0.1921875 0.0203125
15 0.246875 0.3859375 0.3828125 0.0953125
3 0.25 0.384375 0.3125 0.028125
15 0.6578125 0.2828125 0.303125 0.0796875
3 0.678125 0.28125 0.1890625 0.021875
15 0.721875 0.384375 0.4328125 0.090625
3 0.74375 0.3859375 0.309375 0.0234375
15 0.6359375 0.0515625 0.25625 0.0375
3 0.653125 0.0515625 0.19375 0.0171875
27 0.5296875 0.0515625 0.01875 0.01875
27 0.5375 0.1140625 0.01875 0.01875
27 0.5609375 0.3859375 0.025 0.025
27 0.55 0.1921875 0.0265625 0.025
15 0.246875 0.9203125 0.38125 0.090625
3 0.2515625 0.9203125 0.3078125 0.0265625
15 0.7234375 0.921875 0.434375 0.0953125
3 0.7453125 0.921875 0.309375 0.0265625
15 0.1828125 0.8171875 0.2515625 0.0796875
3 0.18125 0.8171875 0.190625 0.021875
27 0.55625 0.28125 0.028125 0.025
15 0.6578125 0.8171875 0.3 0.0796875
3 0.678125 0.8171875 0.1875 0.0234375
15 0.1578125 0.65 0.2046875 0.053125
3 0.159375 0.65 0.16875 0.0203125
15 0.1890625 0.7265625 0.2640625 0.0671875
3 0.1875 0.7265625 0.2140625 0.021875
15 0.6640625 0.7265625 0.3125 0.065625
3 0.68125 0.7265625 0.215625 0.021875
15 0.628125 0.65 0.240625 0.053125
3 0.6421875 0.65 0.16875 0.0203125
15 0.16875 0.5875 0.2234375 0.0390625
3 0.16875 0.5859375 0.20625 0.0171875
27 0.55625 0.8171875 0.0265625 0.025
15 0.6375 0.5875 0.2578125 0.0375
3 0.653125 0.5859375 0.196875 0.0171875
27 0.55 0.7265625 0.025 0.025
27 0.5359375 0.6515625 0.0171875 0.0171875
27 0.5625 0.921875 0.025 0.025
27 0.53125 0.5875 0.01875 0.0171875