19 0.5984375 0.978125 0.0453125 0.04375
3 0.596875 0.9828125 0.0140625 0.034375
3 0.596875 0.9828125 0.0140625 0.034375
19 0.7171875 0.98125 0.0125 0.0375
19 0.6859375 0.98125 0.01875 0.0359375
19 0.6484375 0.9828125 0.025 0.0328125
19 0.534375 0.9734375 0.053125 0.053125
19 0.4859375 0.98125 0.0125 0.0359375
19 0.4546875 0.98125 0.01875 0.0375
19 0.415625 0.9828125 0.025 0.0328125
19 0.365625 0.978125 0.04375 0.04375
19 0.303125 0.9734375 0.053125 0.053125
19 0.303125 0.86875 0.053125 0.125
19 0.365625 0.86875 0.04375 0.103125
19 0.415625 0.86875 0.0265625 0.075
19 0.4546875 0.86875 0.0203125 0.075
19 0.4859375 0.86875 0.0140625 0.071875
19 0.534375 0.86875 0.053125 0.125
19 0.596875 0.86875 0.04375 0.103125
19 0.6484375 0.86875 0.0265625 0.075
19 0.6859375 0.86875 0.0203125 0.0765625
19 0.7171875 0.86875 0.0109375 0.0703125
19 0.7171875 0.7375 0.0109375 0.078125
19 0.6859375 0.7375 0.0203125 0.078125
19 0.6484375 0.7359375 0.0265625 0.0703125
19 0.596875 0.7359375 0.04375 0.090625
19 0.534375 0.7359375 0.053125 0.1078125
19 0.4859375 0.7359375 0.0125 0.078125
19 0.453125 0.7359375 0.0203125 0.078125
19 0.415625 0.7375 0.0265625 0.0703125
19 0.365625 0.7359375 0.04375 0.090625
19 0.3015625 0.7375 0.0515625 0.10625
19 0.303125 0.596875 0.053125 0.140625
19 0.365625 0.596875 0.04375 0.1203125
19 0.415625 0.596875 0.0265625 0.090625
19 0.453125 0.596875 0.01875 0.0921875
19 0.4859375 0.596875 0.0125 0.0875
19 0.534375 0.596875 0.053125 0.140625
19 0.5984375 0.596875 0.04375 0.11875
19 0.6484375 0.596875 0.025 0.0890625
19 0.6859375 0.596875 0.01875 0.090625
19 0.7171875 0.596875 0.0109375 0.0875
19 0.7171875 0.4640625 0.0109375 0.0625
19 0.6859375 0.4640625 0.01875 0.0625
19 0.6484375 0.4640625 0.0265625 0.0546875
19 0.596875 0.4640625 0.04375 0.075
19 0.534375 0.4640625 0.053125 0.0921875
19 0.4859375 0.4640625 0.0125 0.0625
19 0.453125 0.4640625 0.01875 0.0625
19 0.415625 0.4640625 0.0265625 0.0546875
19 0.365625 0.4640625 0.04375 0.075
19 0.3015625 0.4640625 0.0515625 0.0921875
19 0.3015625 0.340625 0.0515625 0.125
19 0.365625 0.340625 0.04375 0.103125
19 0.415625 0.340625 0.0265625 0.0734375
19 0.453125 0.340625 0.01875 0.075
19 0.4859375 0.340625 0.0125 0.071875
19 0.534375 0.340625 0.053125 0.1234375
19 0.5984375 0.340625 0.04375 0.103125
19 0.6484375 0.340625 0.0265625 0.075
19 0.6859375 0.340625 0.01875 0.075
19 0.7171875 0.340625 0.0109375 0.071875
19 0.7171875 0.2078125 0.0109375 0.078125
19 0.6859375 0.2078125 0.01875 0.078125
19 0.6484375 0.2078125 0.0265625 0.071875
19 0.596875 0.2078125 0.04375 0.090625
19 0.534375 0.2078125 0.053125 0.1078125
19 0.4859375 0.2078125 0.0125 0.078125
19 0.453125 0.2078125 0.01875 0.0796875
19 0.415625 0.2078125 0.025 0.0703125
19 0.365625 0.2078125 0.04375 0.090625
19 0.3015625 0.2078125 0.0515625 0.1078125
19 0.3015625 0.06875 0.0515625 0.1375
19 0.365625 0.0671875 0.04375 0.11875
19 0.415625 0.06875 0.025 0.090625
19 0.453125 0.0671875 0.01875 0.0921875
19 0.4859375 0.0671875 0.0125 0.0875
19 0.534375 0.06875 0.053125 0.1375
19 0.596875 0.0671875 0.04375 0.1203125
19 0.6484375 0.06875 0.0265625 0.090625
19 0.6859375 0.06875 0.01875 0.0921875
19 0.7171875 0.06875 0.0109375 0.0875
3 0.71875 0.9859375 0.009375 0.0265625
3 0.6859375 0.9859375 0.009375 0.028125
3 0.6484375 0.9875 0.009375 0.0234375
3 0.5328125 0.978125 0.015625 0.04375
3 0.4859375 0.9859375 0.0078125 0.0265625
3 0.453125 0.9859375 0.009375 0.028125
3 0.415625 0.9875 0.009375 0.0234375
3 0.3640625 0.9828125 0.0125 0.0328125
3 0.3015625 0.978125 0.0140625 0.0421875
3 0.3015625 0.853125 0.0140625 0.0734375
3 0.365625 0.8546875 0.0125 0.0546875
3 0.415625 0.859375 0.009375 0.0359375
3 0.453125 0.8625 0.009375 0.04375
3 0.484375 0.8640625 0.0078125 0.0421875
3 0.5328125 0.853125 0.0140625 0.071875
3 0.596875 0.8546875 0.0140625 0.0546875
3 0.646875 0.859375 0.009375 0.0375
3 0.684375 0.8625 0.009375 0.0421875
3 0.7171875 0.8640625 0.0078125 0.04375
3 0.7171875 0.7453125 0.0078125 0.0421875
3 0.6859375 0.7453125 0.009375 0.0421875
3 0.646875 0.74375 0.009375 0.0359375
3 0.596875 0.7453125 0.0140625 0.05625
3 0.5328125 0.7453125 0.015625 0.0734375
3 0.4859375 0.7453125 0.0078125 0.0421875
3 0.453125 0.7453125 0.009375 0.0453125
3 0.415625 0.7453125 0.009375 0.0359375
3 0.3640625 0.7453125 0.0125 0.0546875
3 0.3 0.7453125 0.0140625 0.071875
3 0.3 0.5890625 0.015625 0.0734375
3 0.3640625 0.590625 0.0140625 0.0546875
3 0.415625 0.5953125 0.009375 0.0359375
3 0.453125 0.5984375 0.009375 0.04375
3 0.484375 0.6 0.0078125 0.0421875
3 0.5328125 0.5890625 0.015625 0.071875
3 0.596875 0.590625 0.0140625 0.0546875
3 0.646875 0.5953125 0.009375 0.0359375
3 0.6859375 0.5984375 0.009375 0.04375
3 0.7171875 0.6 0.0078125 0.04375
3 0.7171875 0.4640625 0.0078125 0.0421875
3 0.6859375 0.4640625 0.009375 0.04375
3 0.6484375 0.4640625 0.009375 0.0359375
3 0.596875 0.4640625 0.0140625 0.0546875
3 0.5328125 0.4640625 0.0140625 0.071875
3 0.4859375 0.465625 0.0078125 0.04375
3 0.453125 0.4640625 0.009375 0.0453125
3 0.415625 0.4640625 0.0109375 0.0359375
3 0.3640625 0.4640625 0.0140625 0.0546875
3 0.3 0.4640625 0.0140625 0.0734375
3 0.3 0.325 0.015625 0.0734375
3 0.3640625 0.325 0.0140625 0.05625
3 0.415625 0.33125 0.009375 0.0375
3 0.453125 0.334375 0.0109375 0.04375
3 0.484375 0.3359375 0.0078125 0.0421875
3 0.5328125 0.325 0.015625 0.0734375
3 0.596875 0.3265625 0.0140625 0.05625
3 0.646875 0.33125 0.009375 0.0359375
3 0.6859375 0.334375 0.009375 0.0453125
3 0.7171875 0.334375 0.0078125 0.04375
3 0.7171875 0.215625 0.0078125 0.04375
3 0.6859375 0.215625 0.009375 0.04375
3 0.646875 0.215625 0.0109375 0.0359375
3 0.596875 0.215625 0.0140625 0.0546875
3 0.5328125 0.215625 0.015625 0.0734375
3 0.4859375 0.215625 0.0078125 0.0421875
3 0.453125 0.215625 0.009375 0.0453125
3 0.415625 0.215625 0.009375 0.0359375
3 0.3640625 0.215625 0.0125 0.0546875
3 0.3 0.215625 0.0140625 0.0734375
3 0.3 0.059375 0.015625 0.071875
3 0.365625 0.0625 0.0140625 0.0546875
3 0.415625 0.065625 0.0109375 0.0359375
3 0.453125 0.0703125 0.0109375 0.0453125
3 0.4859375 0.071875 0.0078125 0.04375
3 0.5328125 0.059375 0.015625 0.071875
3 0.596875 0.0625 0.0140625 0.0546875
3 0.646875 0.065625 0.009375 0.0375
3 0.684375 0.06875 0.009375 0.04375
3 0.7171875 0.0703125 0.0078125 0.04375
27 0.7171875 0.8953125 0.00625 0.0078125
27 0.6859375 0.8953125 0.009375 0.009375
27 0.646875 0.8921875 0.0140625 0.0140625
27 0.596875 0.9015625 0.0203125 0.0203125
27 0.534375 0.909375 0.021875 0.021875
27 0.4859375 0.8953125 0.0078125 0.0078125
27 0.453125 0.8953125 0.009375 0.009375
27 0.415625 0.8921875 0.0140625 0.0140625
27 0.365625 0.9015625 0.0203125 0.0203125
27 0.3015625 0.909375 0.021875 0.021875
27 0.3015625 0.6953125 0.0125 0.0125
27 0.365625 0.7046875 0.0125 0.0125
27 0.415625 0.715625 0.0125 0.0125
27 0.453125 0.7109375 0.0125 0.0125
27 0.4859375 0.7109375 0.0109375 0.0125
27 0.534375 0.6953125 0.0125 0.0125
27 0.596875 0.7046875 0.0125 0.0125
27 0.6484375 0.7140625 0.0125 0.0125
27 0.6859375 0.7109375 0.0125 0.0125
27 0.71875 0.7109375 0.009375 0.0109375
27 0.7171875 0.6296875 0.00625 0.00625
27 0.7171875 0.565625 0.0109375 0.0125
27 0.6859375 0.5640625 0.0125 0.0125
27 0.6859375 0.63125 0.009375 0.0109375
27 0.6484375 0.6265625 0.0140625 0.0140625
27 0.6484375 0.5640625 0.0125 0.0125
27 0.596875 0.6375 0.0203125 0.0203125
27 0.596875 0.55 0.0125 0.0125
27 0.534375 0.6453125 0.0234375 0.0234375
27 0.534375 0.5390625 0.0125 0.0125
27 0.4859375 0.565625 0.009375 0.0109375
27 0.4859375 0.63125 0.00625 0.0078125
27 0.453125 0.63125 0.009375 0.009375
27 0.453125 0.5640625 0.0125 0.0125
27 0.415625 0.628125 0.0125 0.0125
27 0.415625 0.565625 0.0125 0.0125
27 0.365625 0.6375 0.01875 0.0203125
27 0.365625 0.55 0.0125 0.0109375
27 0.3015625 0.5390625 0.0125 0.0125
27 0.3015625 0.6453125 0.021875 0.021875
27 0.7171875 0.365625 0.0078125 0.00625
27 0.6859375 0.3671875 0.009375 0.009375
27 0.646875 0.3625 0.0140625 0.0140625
27 0.596875 0.371875 0.0203125 0.0203125
27 0.534375 0.38125 0.0234375 0.021875
27 0.4859375 0.365625 0.00625 0.00625
27 0.453125 0.3671875 0.009375 0.009375
27 0.415625 0.3625 0.0140625 0.0140625
27 0.365625 0.371875 0.0203125 0.0203125
27 0.3015625 0.38125 0.021875 0.021875
27 0.3015625 0.1671875 0.0125 0.0125
27 0.365625 0.175 0.0125 0.0125
27 0.415625 0.1859375 0.0125 0.0125
27 0.453125 0.18125 0.0125 0.0125
27 0.4859375 0.1828125 0.009375 0.0125
27 0.534375 0.1671875 0.0140625 0.0125
27 0.5984375 0.1765625 0.0125 0.0125
27 0.6484375 0.1859375 0.0125 0.0125
27 0.6859375 0.18125 0.0125 0.0125
27 0.7171875 0.1828125 0.0109375 0.0125
27 0.7171875 0.1015625 0.0078125 0.0078125
27 0.7171875 0.0375 0.0109375 0.0125
27 0.6859375 0.0359375 0.0125 0.0125
27 0.6859375 0.103125 0.009375 0.009375
27 0.6484375 0.0984375 0.0140625 0.0125
27 0.6484375 0.0359375 0.0125 0.0125
27 0.596875 0.1078125 0.0203125 0.01875
27 0.5984375 0.021875 0.0125 0.0125
27 0.534375 0.1171875 0.0234375 0.0234375
27 0.534375 0.0109375 0.0140625 0.0125
27 0.4859375 0.1015625 0.00625 0.0078125
27 0.4859375 0.0375 0.009375 0.0125
27 0.453125 0.103125 0.009375 0.009375
27 0.453125 0.0359375 0.0125 0.0125
27 0.415625 0.0984375 0.0125 0.0140625
27 0.415625 0.0359375 0.0125 0.0140625
27 0.365625 0.1078125 0.01875 0.01875
27 0.365625 0.021875 0.0140625 0.0125
27 0.3015625 0.1171875 0.0234375 0.0234375
27 0.3015625 0.0109375 0.0125 0.0125