18 0.065625 0.2015625 0.04375 0.04375
18 0.5453125 0.2 0.05 0.05
18 0.065625 0.340625 0.04375 0.04375
18 0.5453125 0.340625 0.046875 0.0484375
18 0.0671875 0.4765625 0.046875 0.0453125
18 0.5453125 0.475 0.0453125 0.0484375
18 0.5453125 0.615625 0.046875 0.0453125
18 0.065625 0.615625 0.0546875 0.0453125
18 0.065625 0.753125 0.04375 0.046875
18 0.546875 0.7546875 0.04375 0.0484375
3 0.0640625 0.2578125 0.046875 0.0234375
3 0.0640625 0.39375 0.0484375 0.025
3 0.2125 0.3375 0.2109375 0.0296875
3 0.690625 0.3375 0.2078125 0.0265625
3 0.6890625 0.2 0.1984375 0.03125
3 0.2109375 0.2015625 0.203125 0.03125
3 0.0640625 0.5328125 0.0484375 0.0234375
3 0.0640625 0.671875 0.046875 0.0203125
3 0.065625 0.8109375 0.0484375 0.0234375
3 0.278125 0.753125 0.3421875 0.03125
3 0.7578125 0.7515625 0.340625 0.0328125
3 0.75625 0.6140625 0.3375 0.034375
3 0.7734375 0.4765625 0.371875 0.0359375
3 0.2953125 0.4765625 0.3703125 0.0375