19 0.3859375 0.009375 0.0453125 0.0171875
19 0.45 0.0140625 0.053125 0.028125
19 0.5328125 0.00625 0.01875 0.0125
19 0.621875 0.009375 0.04375 0.01875
19 0.6859375 0.0140625 0.0546875 0.028125
19 0.6875 0.1078125 0.0546875 0.1265625
19 0.621875 0.1078125 0.04375 0.10625
19 0.571875 0.1078125 0.0265625 0.075
19 0.5328125 0.1078125 0.0203125 0.0765625
19 0.5 0.1078125 0.0140625 0.0734375
19 0.4515625 0.1078125 0.0546875 0.1265625
19 0.3859375 0.1078125 0.0453125 0.1046875
19 0.334375 0.1078125 0.0265625 0.075
19 0.2953125 0.1078125 0.0203125 0.078125
19 0.2953125 0.2421875 0.0203125 0.0796875
19 0.334375 0.2421875 0.0265625 0.071875
19 0.3859375 0.2421875 0.04375 0.0921875
19 0.4515625 0.2421875 0.053125 0.1109375
19 0.5 0.2421875 0.0125 0.0796875
19 0.5328125 0.2421875 0.0203125 0.0796875
19 0.571875 0.2421875 0.0265625 0.071875
19 0.621875 0.2421875 0.0453125 0.0921875
19 0.6875 0.2421875 0.053125 0.109375
19 0.6875 0.384375 0.0546875 0.1421875
19 0.621875 0.384375 0.04375 0.121875
19 0.571875 0.384375 0.0265625 0.0921875
19 0.5328125 0.384375 0.0203125 0.09375
19 0.5 0.384375 0.0125 0.0890625
19 0.45 0.384375 0.0546875 0.1421875
19 0.3859375 0.384375 0.04375 0.1203125
19 0.334375 0.384375 0.0265625 0.090625
19 0.2953125 0.384375 0.0203125 0.0921875
19 0.2953125 0.5203125 0.0203125 0.0640625
19 0.334375 0.5203125 0.0265625 0.05625
19 0.3859375 0.51875 0.04375 0.0765625
19 0.45 0.5203125 0.053125 0.09375
19 0.5 0.5203125 0.0125 0.0625
19 0.5328125 0.5203125 0.0203125 0.0640625
19 0.571875 0.5203125 0.0265625 0.05625
19 0.6234375 0.51875 0.04375 0.0765625
19 0.6875 0.51875 0.053125 0.09375
19 0.6875 0.6453125 0.0546875 0.1265625
19 0.6234375 0.6453125 0.04375 0.1046875
19 0.571875 0.6453125 0.0265625 0.075
19 0.5328125 0.6453125 0.0203125 0.0765625
19 0.5 0.6453125 0.0125 0.0734375
19 0.45 0.6453125 0.0546875 0.1265625
19 0.3859375 0.6453125 0.04375 0.1046875
19 0.334375 0.6453125 0.0265625 0.0765625
19 0.2953125 0.6453125 0.01875 0.0765625
19 0.2953125 0.78125 0.01875 0.0796875
19 0.334375 0.78125 0.0265625 0.0734375
19 0.3859375 0.7796875 0.04375 0.0921875
19 0.45 0.7796875 0.0546875 0.109375
19 0.5 0.78125 0.0125 0.0796875
19 0.5328125 0.78125 0.0203125 0.08125
19 0.571875 0.78125 0.0265625 0.071875
19 0.621875 0.7796875 0.04375 0.0921875
19 0.6875 0.78125 0.053125 0.1109375
19 0.6875 0.9234375 0.0546875 0.14375
19 0.6234375 0.9234375 0.04375 0.121875
19 0.571875 0.921875 0.0265625 0.0921875
19 0.5328125 0.9234375 0.0203125 0.09375
19 0.5 0.9234375 0.0125 0.0890625
19 0.45 0.9234375 0.053125 0.1421875
19 0.3859375 0.9234375 0.04375 0.121875
19 0.334375 0.9234375 0.0265625 0.0921875
19 0.2953125 0.921875 0.0203125 0.09375
3 0.4515625 0.009375 0.015625 0.0171875
3 0.6875 0.009375 0.0140625 0.0171875
3 0.6875 0.1234375 0.0140625 0.0734375
3 0.6234375 0.121875 0.0140625 0.05625
3 0.571875 0.1171875 0.009375 0.0359375
3 0.5328125 0.1140625 0.009375 0.04375
3 0.5 0.1109375 0.0078125 0.04375
3 0.4515625 0.1234375 0.015625 0.0734375
3 0.3859375 0.121875 0.0140625 0.05625
3 0.334375 0.1171875 0.0109375 0.0375
3 0.296875 0.1140625 0.009375 0.04375
3 0.296875 0.234375 0.009375 0.04375
3 0.3359375 0.234375 0.009375 0.0359375
3 0.3859375 0.234375 0.0140625 0.05625
3 0.4515625 0.234375 0.015625 0.075
3 0.5 0.234375 0.009375 0.04375
3 0.5328125 0.234375 0.009375 0.0453125
3 0.571875 0.234375 0.009375 0.0359375
3 0.6234375 0.234375 0.0125 0.05625
3 0.6875 0.234375 0.0140625 0.0734375
3 0.6890625 0.3921875 0.015625 0.075
3 0.6234375 0.390625 0.0140625 0.05625
3 0.571875 0.3859375 0.0109375 0.0375
3 0.534375 0.3828125 0.0109375 0.0453125
3 0.5 0.38125 0.0078125 0.0421875
3 0.4515625 0.3921875 0.015625 0.0734375
3 0.3859375 0.390625 0.0140625 0.05625
3 0.334375 0.3859375 0.0109375 0.0359375
3 0.296875 0.3828125 0.009375 0.0453125
3 0.296875 0.5203125 0.009375 0.04375
3 0.334375 0.5203125 0.009375 0.0359375
3 0.3875 0.51875 0.0140625 0.05625
3 0.4515625 0.51875 0.015625 0.0734375
3 0.5 0.51875 0.0078125 0.0453125
3 0.5328125 0.51875 0.009375 0.0453125
3 0.571875 0.5203125 0.0109375 0.0375
3 0.6234375 0.51875 0.0140625 0.05625
3 0.6890625 0.51875 0.015625 0.075
3 0.6890625 0.6609375 0.0171875 0.075
3 0.6234375 0.6609375 0.0140625 0.0578125
3 0.571875 0.6546875 0.009375 0.0375
3 0.5328125 0.6515625 0.0109375 0.0453125
3 0.5 0.65 0.0078125 0.0421875
3 0.4515625 0.6609375 0.015625 0.075
3 0.3859375 0.659375 0.0140625 0.05625
3 0.334375 0.6546875 0.009375 0.0375
3 0.296875 0.6515625 0.009375 0.0453125
3 0.296875 0.771875 0.009375 0.0453125
3 0.334375 0.7734375 0.0109375 0.0359375
3 0.3859375 0.771875 0.0140625 0.05625
3 0.4515625 0.771875 0.0171875 0.075
3 0.5 0.771875 0.0078125 0.0421875
3 0.5328125 0.771875 0.0109375 0.0453125
3 0.571875 0.771875 0.009375 0.0359375
3 0.6234375 0.771875 0.0125 0.05625
3 0.6890625 0.771875 0.0140625 0.075
3 0.6890625 0.93125 0.015625 0.0734375
3 0.6234375 0.928125 0.0140625 0.05625
3 0.571875 0.925 0.0109375 0.0359375
3 0.5328125 0.9203125 0.0109375 0.046875
3 0.5 0.91875 0.0078125 0.04375
3 0.4515625 0.93125 0.015625 0.0734375
3 0.3859375 0.9296875 0.0140625 0.05625
3 0.3359375 0.925 0.009375 0.0375
3 0.296875 0.921875 0.009375 0.0453125
27 0.296875 0.0796875 0.009375 0.009375
27 0.3359375 0.084375 0.0140625 0.0140625
27 0.3859375 0.075 0.0203125 0.0203125
27 0.45 0.065625 0.0234375 0.021875
27 0.5 0.08125 0.0078125 0.0078125
27 0.5328125 0.0796875 0.009375 0.009375
27 0.571875 0.084375 0.0140625 0.0140625
27 0.621875 0.075 0.0203125 0.0203125
27 0.6875 0.065625 0.021875 0.0234375
27 0.6875 0.284375 0.0125 0.0125
27 0.621875 0.275 0.0125 0.0125
27 0.571875 0.2640625 0.0125 0.0125
27 0.5328125 0.26875 0.0125 0.0125
27 0.5 0.26875 0.0109375 0.0125
27 0.4515625 0.284375 0.0125 0.0125
27 0.3859375 0.275 0.0125 0.0125
27 0.334375 0.2640625 0.0125 0.0125
27 0.2953125 0.26875 0.0125 0.0125
27 0.296875 0.4171875 0.0125 0.0140625
27 0.296875 0.35 0.0109375 0.0109375
27 0.334375 0.353125 0.0140625 0.0140625
27 0.334375 0.4171875 0.0125 0.0125
27 0.3859375 0.34375 0.0203125 0.0203125
27 0.3859375 0.4328125 0.0125 0.0125
27 0.4515625 0.334375 0.0234375 0.0234375
27 0.45 0.4421875 0.0125 0.0125
27 0.5 0.415625 0.009375 0.0109375
27 0.5 0.35 0.00625 0.0078125
27 0.5328125 0.35 0.009375 0.009375
27 0.5328125 0.4171875 0.0125 0.0125
27 0.571875 0.353125 0.0140625 0.0140625
27 0.571875 0.4171875 0.0125 0.0125
27 0.6234375 0.34375 0.01875 0.0203125
27 0.621875 0.43125 0.0125 0.0109375
27 0.6875 0.4421875 0.0125 0.0125
27 0.6875 0.334375 0.021875 0.0234375
27 0.2953125 0.61875 0.009375 0.009375
27 0.334375 0.621875 0.0140625 0.0140625
27 0.3859375 0.6125 0.0203125 0.0203125
27 0.4515625 0.603125 0.0234375 0.021875
27 0.5 0.61875 0.00625 0.00625
27 0.5328125 0.61875 0.009375 0.009375
27 0.571875 0.621875 0.0140625 0.0140625
27 0.621875 0.6125 0.0203125 0.0203125
27 0.6875 0.6046875 0.021875 0.021875
27 0.6875 0.821875 0.0125 0.0125
27 0.621875 0.8125 0.0125 0.0125
27 0.571875 0.803125 0.0125 0.0125
27 0.5328125 0.8078125 0.0125 0.0125
27 0.5 0.80625 0.009375 0.0125
27 0.45 0.821875 0.0140625 0.0125
27 0.3859375 0.8125 0.0140625 0.0125
27 0.334375 0.803125 0.0125 0.0125
27 0.296875 0.8078125 0.0125 0.0125
27 0.2953125 0.9546875 0.0125 0.0125
27 0.2953125 0.8875 0.009375 0.009375
27 0.334375 0.8921875 0.0140625 0.0125
27 0.334375 0.9546875 0.0125 0.0125
27 0.3859375 0.88125 0.0203125 0.0203125
27 0.3859375 0.9703125 0.0125 0.0125
27 0.45 0.8734375 0.0234375 0.025
27 0.4515625 0.9796875 0.0140625 0.0125
27 0.5 0.8875 0.00625 0.0078125
27 0.5 0.953125 0.009375 0.0125
27 0.5328125 0.8875 0.009375 0.009375
27 0.5328125 0.9546875 0.0125 0.0140625
27 0.571875 0.8921875 0.0125 0.0140625
27 0.571875 0.9546875 0.0125 0.0140625
27 0.621875 0.88125 0.0203125 0.0203125
27 0.6234375 0.9703125 0.0140625 0.0140625
27 0.6875 0.8734375 0.0234375 0.0234375
27 0.6875 0.98125 0.0125 0.0125