19 0.0578125 0.2953125 0.0578125 0.0109375
3 0.0578125 0.2953125 0.040625 0.0078125
19 0.0578125 0.325 0.0578125 0.0171875
3 0.0578125 0.325 0.040625 0.009375
19 0.05625 0.3609375 0.05 0.0234375
3 0.0578125 0.3609375 0.034375 0.0109375
19 0.0578125 0.4078125 0.06875 0.0390625
3 0.0578125 0.4078125 0.053125 0.0140625
19 0.0578125 0.4671875 0.0859375 0.0484375
3 0.0578125 0.4671875 0.0703125 0.015625
19 0.0578125 0.5125 0.05625 0.0125
3 0.0578125 0.5125 0.0421875 0.0078125
19 0.0578125 0.5421875 0.0578125 0.0171875
3 0.0578125 0.5421875 0.0421875 0.0109375
19 0.0578125 0.578125 0.05 0.0234375
3 0.0578125 0.578125 0.0359375 0.009375
19 0.0578125 0.625 0.06875 0.0390625
3 0.0578125 0.625 0.053125 0.0140625
19 0.0578125 0.684375 0.0859375 0.0484375
3 0.0578125 0.684375 0.06875 0.015625
19 0.1734375 0.684375 0.115625 0.0484375
3 0.1890625 0.684375 0.06875 0.0140625
27 0.1359375 0.6828125 0.0234375 0.0234375
19 0.1734375 0.625 0.096875 0.040625
3 0.1875 0.625 0.053125 0.0140625
27 0.14375 0.625 0.01875 0.01875
19 0.1734375 0.578125 0.06875 0.0234375
3 0.1828125 0.5765625 0.034375 0.0109375
27 0.1515625 0.5765625 0.0125 0.0125
19 0.1734375 0.5421875 0.0703125 0.0171875
3 0.1796875 0.5421875 0.040625 0.009375
27 0.1484375 0.5421875 0.009375 0.009375
19 0.1734375 0.5125 0.065625 0.0109375
3 0.178125 0.5125 0.0421875 0.0078125
27 0.1484375 0.5125 0.00625 0.00625
19 0.1734375 0.4671875 0.115625 0.0484375
3 0.1890625 0.4671875 0.06875 0.0140625
27 0.134375 0.4671875 0.0203125 0.021875
19 0.1734375 0.4078125 0.0953125 0.0390625
3 0.1875 0.4078125 0.0515625 0.0140625
27 0.14375 0.4078125 0.0171875 0.0171875
19 0.1734375 0.3609375 0.06875 0.0234375
3 0.1828125 0.3609375 0.0328125 0.009375
27 0.1515625 0.3609375 0.0125 0.0125
19 0.1734375 0.325 0.0703125 0.0171875
3 0.1796875 0.3265625 0.0421875 0.009375
27 0.1484375 0.325 0.0078125 0.0078125
19 0.1734375 0.2953125 0.065625 0.0109375
3 0.178125 0.2953125 0.0390625 0.0078125
27 0.1484375 0.2953125 0.00625 0.00625
19 0.296875 0.2953125 0.071875 0.0109375
3 0.2890625 0.2953125 0.040625 0.0078125
19 0.296875 0.325 0.0734375 0.0171875
3 0.2890625 0.325 0.040625 0.009375
27 0.3203125 0.325 0.0109375 0.0125
27 0.3203125 0.2953125 0.0109375 0.0109375
19 0.296875 0.3609375 0.065625 0.0234375
3 0.2890625 0.3609375 0.0328125 0.0109375
27 0.3171875 0.3609375 0.0109375 0.0125
19 0.296875 0.4078125 0.084375 0.0390625
3 0.2890625 0.4078125 0.0515625 0.0140625
27 0.3265625 0.4078125 0.0109375 0.0125
19 0.296875 0.4671875 0.1 0.0484375
3 0.2890625 0.4671875 0.06875 0.015625
27 0.334375 0.4671875 0.0125 0.0125
19 0.296875 0.5125 0.071875 0.0109375
3 0.2890625 0.5125 0.0390625 0.0078125
27 0.3203125 0.5125 0.0109375 0.0109375
19 0.296875 0.5421875 0.0734375 0.0171875
3 0.2890625 0.5421875 0.040625 0.009375
27 0.3203125 0.5421875 0.0109375 0.0125
19 0.296875 0.578125 0.065625 0.0234375
3 0.2890625 0.578125 0.0328125 0.009375
27 0.3171875 0.578125 0.0109375 0.0125
19 0.296875 0.625 0.084375 0.0390625
3 0.2890625 0.625 0.0515625 0.0140625
27 0.3265625 0.625 0.0109375 0.0125
19 0.296875 0.684375 0.1015625 0.0484375
3 0.2890625 0.684375 0.06875 0.0140625
27 0.334375 0.684375 0.0109375 0.0125
19 0.428125 0.2953125 0.08125 0.0109375
27 0.3953125 0.2953125 0.00625 0.00625
3 0.4234375 0.2953125 0.0390625 0.0078125
27 0.45625 0.2953125 0.0109375 0.0109375
19 0.4265625 0.325 0.084375 0.0171875
27 0.3953125 0.325 0.0078125 0.009375
3 0.425 0.3265625 0.040625 0.009375
27 0.45625 0.325 0.0109375 0.0109375
19 0.4265625 0.3609375 0.0828125 0.0234375
3 0.4296875 0.3609375 0.034375 0.009375
27 0.3984375 0.3609375 0.0109375 0.0125
27 0.45625 0.3609375 0.0109375 0.0109375
19 0.428125 0.4078125 0.1109375 0.0390625
3 0.4328125 0.4078125 0.0515625 0.0140625
27 0.3890625 0.4078125 0.0171875 0.0171875
19 0.4265625 0.4671875 0.1296875 0.0484375
3 0.434375 0.4671875 0.06875 0.0140625
27 0.38125 0.4671875 0.0203125 0.0203125
27 0.4796875 0.4671875 0.0109375 0.0125
19 0.4265625 0.5125 0.08125 0.0109375
27 0.3953125 0.5125 0.00625 0.00625
3 0.4234375 0.5125 0.040625 0.0078125
27 0.45625 0.5125 0.0109375 0.0109375
19 0.4265625 0.5421875 0.084375 0.0171875
27 0.3953125 0.5421875 0.0078125 0.0078125
3 0.425 0.5421875 0.040625 0.009375
27 0.45625 0.5421875 0.0109375 0.0125
19 0.4265625 0.578125 0.0828125 0.0234375
3 0.428125 0.5765625 0.034375 0.009375
27 0.3984375 0.578125 0.0125 0.0125
27 0.45625 0.578125 0.0109375 0.0109375
19 0.428125 0.625 0.1109375 0.0390625
3 0.4328125 0.625 0.0515625 0.0125
27 0.3890625 0.625 0.0171875 0.0171875
27 0.4703125 0.625 0.0109375 0.0125
19 0.428125 0.684375 0.1296875 0.0484375
3 0.434375 0.684375 0.0671875 0.015625
27 0.38125 0.6828125 0.0203125 0.021875
27 0.4796875 0.684375 0.0125 0.0125
19 0.55 0.2953125 0.0578125 0.0125
3 0.55 0.2953125 0.040625 0.0078125
19 0.5515625 0.325 0.0578125 0.0171875
3 0.55 0.3265625 0.0390625 0.009375
19 0.55 0.3609375 0.0515625 0.0234375
3 0.5515625 0.3609375 0.0328125 0.009375
19 0.55 0.4078125 0.06875 0.040625
3 0.55 0.4078125 0.0515625 0.0125
19 0.55 0.4671875 0.0859375 0.0484375
3 0.55 0.4671875 0.06875 0.0140625
19 0.55 0.5125 0.0578125 0.0109375
3 0.55 0.5125 0.0390625 0.0078125
19 0.5515625 0.5421875 0.059375 0.0171875
3 0.55 0.5421875 0.040625 0.009375
19 0.55 0.578125 0.05 0.0234375
3 0.5515625 0.5765625 0.034375 0.009375
19 0.55 0.625 0.06875 0.0390625
3 0.55 0.625 0.0515625 0.0125
19 0.55 0.684375 0.0859375 0.0484375
3 0.55 0.684375 0.06875 0.0140625
19 0.665625 0.2953125 0.065625 0.0109375
27 0.6421875 0.2953125 0.00625 0.00625
19 0.665625 0.325 0.0703125 0.0171875
3 0.671875 0.3265625 0.040625 0.009375
27 0.640625 0.325 0.0078125 0.009375
19 0.665625 0.3609375 0.06875 0.0234375
27 0.6453125 0.3609375 0.0125 0.0125
3 0.675 0.3609375 0.0328125 0.0109375
19 0.665625 0.4078125 0.096875 0.040625
3 0.6796875 0.4078125 0.0515625 0.0140625
27 0.6359375 0.4078125 0.0171875 0.0171875
19 0.665625 0.4671875 0.1140625 0.0484375
27 0.628125 0.4671875 0.01875 0.0203125
3 0.68125 0.4671875 0.0671875 0.0140625
19 0.665625 0.5125 0.065625 0.0109375
27 0.6421875 0.5125 0.00625 0.00625
3 0.6703125 0.5125 0.040625 0.0078125
19 0.665625 0.5421875 0.0703125 0.0171875
27 0.640625 0.5421875 0.0078125 0.0078125
3 0.671875 0.5421875 0.040625 0.009375
19 0.665625 0.578125 0.06875 0.0234375
27 0.64375 0.578125 0.0109375 0.0125
3 0.675 0.578125 0.0328125 0.009375
19 0.665625 0.625 0.0953125 0.040625
27 0.6359375 0.6234375 0.0171875 0.01875
3 0.6796875 0.625 0.0515625 0.0125
19 0.665625 0.684375 0.115625 0.0484375
27 0.628125 0.6828125 0.0203125 0.0203125
3 0.68125 0.684375 0.06875 0.0140625
19 0.7890625 0.2953125 0.071875 0.0125
3 0.78125 0.2953125 0.040625 0.0078125
27 0.8125 0.2953125 0.0109375 0.0109375
19 0.7890625 0.325 0.0734375 0.0171875
3 0.78125 0.3265625 0.0421875 0.009375
27 0.8140625 0.325 0.0109375 0.0109375
19 0.7890625 0.3609375 0.065625 0.0234375
3 0.7828125 0.3609375 0.0328125 0.009375
27 0.809375 0.3609375 0.0109375 0.0109375
19 0.7890625 0.4078125 0.084375 0.0390625
3 0.78125 0.4078125 0.0515625 0.0140625
27 0.81875 0.4078125 0.0109375 0.0109375
19 0.7890625 0.4671875 0.1 0.0484375
3 0.78125 0.4671875 0.0671875 0.0140625
27 0.8265625 0.4671875 0.0109375 0.0109375
19 0.7890625 0.5125 0.071875 0.0109375
3 0.78125 0.5125 0.040625 0.0078125
27 0.8125 0.5125 0.0109375 0.0109375
19 0.7890625 0.5421875 0.0734375 0.0171875
3 0.7828125 0.5421875 0.040625 0.009375
27 0.8140625 0.5421875 0.0109375 0.0109375
19 0.790625 0.578125 0.065625 0.0234375
3 0.7828125 0.578125 0.034375 0.009375
27 0.809375 0.578125 0.0109375 0.0125
19 0.7890625 0.625 0.084375 0.0390625
3 0.78125 0.625 0.0515625 0.0125
27 0.81875 0.625 0.0109375 0.0109375
19 0.7890625 0.684375 0.1 0.0484375
3 0.78125 0.684375 0.06875 0.0140625
27 0.8265625 0.684375 0.0109375 0.0125
19 0.9203125 0.684375 0.1296875 0.0484375
27 0.8734375 0.6828125 0.0203125 0.0203125
3 0.9265625 0.684375 0.06875 0.0140625
27 0.971875 0.684375 0.0109375 0.0109375
19 0.9203125 0.625 0.1109375 0.0390625
27 0.8828125 0.625 0.0171875 0.0171875
3 0.925 0.625 0.0515625 0.0140625
27 0.9625 0.6234375 0.0109375 0.0109375
19 0.9203125 0.578125 0.0828125 0.0234375
27 0.890625 0.578125 0.0109375 0.0109375
3 0.921875 0.578125 0.0328125 0.009375
27 0.9484375 0.578125 0.0109375 0.0109375
19 0.9203125 0.5421875 0.084375 0.0171875
27 0.8875 0.5421875 0.0078125 0.0078125
3 0.9171875 0.5421875 0.040625 0.009375
27 0.95 0.5421875 0.0109375 0.0109375
19 0.9203125 0.5125 0.08125 0.0109375
27 0.8875 0.5125 0.0046875 0.00625
3 0.9171875 0.5125 0.040625 0.0078125
27 0.9484375 0.5125 0.0109375 0.009375
19 0.9203125 0.4671875 0.1296875 0.0484375
27 0.8734375 0.4671875 0.01875 0.0203125
3 0.9265625 0.46875 0.0703125 0.015625
27 0.971875 0.4671875 0.0109375 0.0125
19 0.9203125 0.4078125 0.1109375 0.0390625
27 0.8828125 0.4078125 0.0171875 0.0171875
3 0.925 0.4078125 0.053125 0.0140625
27 0.9625 0.4078125 0.0109375 0.0125
19 0.9203125 0.3609375 0.084375 0.0234375
27 0.890625 0.3609375 0.0109375 0.0125
3 0.9203125 0.3609375 0.034375 0.009375
27 0.9484375 0.3609375 0.0109375 0.0109375
19 0.9203125 0.325 0.0859375 0.0171875
27 0.8875 0.325 0.0078125 0.009375
3 0.91875 0.325 0.040625 0.0109375
27 0.95 0.325 0.0109375 0.0125
19 0.9203125 0.2953125 0.08125 0.0125
27 0.8875 0.2953125 0.00625 0.00625
27 0.9484375 0.2953125 0.0109375 0.0109375