18 0.94375 0.8296875 0.0453125 0.046875
18 0.4390625 0.83125 0.053125 0.053125
18 0.94375 0.684375 0.046875 0.0453125
18 0.4390625 0.684375 0.0484375 0.05
18 0.94375 0.540625 0.05 0.046875
18 0.4390625 0.5421875 0.0484375 0.0515625
18 0.4390625 0.3953125 0.05 0.046875
18 0.94375 0.39375 0.05625 0.0484375
18 0.94375 0.2484375 0.0453125 0.05
18 0.4375 0.2484375 0.046875 0.05
3 0.9453125 0.771875 0.0484375 0.0234375
3 0.9453125 0.6265625 0.05 0.0265625
3 0.790625 0.6875 0.221875 0.0328125
3 0.2859375 0.6859375 0.21875 0.028125
3 0.2875 0.83125 0.209375 0.034375
3 0.790625 0.8296875 0.2140625 0.0328125
3 0.9453125 0.48125 0.05 0.025
3 0.9453125 0.3359375 0.05 0.021875
3 0.94375 0.1890625 0.0515625 0.025
3 0.7203125 0.2484375 0.3609375 0.0328125
3 0.2140625 0.25 0.359375 0.034375
3 0.2171875 0.3953125 0.3546875 0.0359375
3 0.2 0.540625 0.390625 0.0375
3 0.703125 0.540625 0.390625 0.0390625