19 0.5296875 0.684375 0.0515625 0.1203125
19 0.5921875 0.684375 0.0421875 0.1
19 0.640625 0.684375 0.025 0.071875
19 0.640625 0.4375 0.025 0.0875
19 0.640625 0.303125 0.025 0.0703125
19 0.53125 0.303125 0.05 0.1046875
19 0.640625 0.1765625 0.025 0.0734375
19 0.53125 0.4390625 0.05 0.1328125
19 0.453125 0.4390625 0.01875 0.0890625
19 0.30625 0.4375 0.0515625 0.1359375
19 0.36875 0.303125 0.0421875 0.0875
19 0.5921875 0.303125 0.0421875 0.0875
19 0.53125 0.8109375 0.053125 0.10625
19 0.453125 0.9453125 0.0203125 0.0890625
19 0.640625 0.8125 0.025 0.06875
19 0.640625 0.9453125 0.025 0.0875
19 0.5921875 0.8109375 0.0421875 0.0890625
19 0.5921875 0.94375 0.0421875 0.1125
19 0.53125 0.9390625 0.0515625 0.121875
27 0.640625 0.6625 0.0140625 0.015625
27 0.6390625 0.915625 0.0125 0.015625
27 0.5921875 0.3984375 0.0203125 0.0203125
27 0.53125 0.996875 0.0109375 0.0046875
27 0.5296875 0.1359375 0.0203125 0.021875
27 0.5921875 0.653125 0.0203125 0.0203125
19 0.453125 0.565625 0.01875 0.0609375
3 0.453125 0.565625 0.0109375 0.046875
3 0.5296875 0.6984375 0.015625 0.075
27 0.640625 0.153125 0.0125 0.0125
19 0.5921875 0.565625 0.0421875 0.0734375
3 0.5921875 0.5640625 0.0140625 0.0578125
27 0.640625 0.9765625 0.0125 0.0125
3 0.5296875 0.5671875 0.0140625 0.075
3 0.5296875 0.8046875 0.0140625 0.0734375
3 0.5921875 0.44375 0.0140625 0.0609375
3 0.5296875 0.4453125 0.015625 0.071875
3 0.5921875 0.9515625 0.0140625 0.0625
19 0.6765625 0.9453125 0.01875 0.0890625
3 0.6765625 0.94375 0.0109375 0.0421875
3 0.4171875 0.440625 0.0109375 0.0390625
3 0.453125 0.4359375 0.009375 0.04375
19 0.453125 0.303125 0.01875 0.075
3 0.453125 0.29375 0.009375 0.0453125
27 0.5921875 0.90625 0.01875 0.0203125
3 0.5296875 0.2953125 0.0140625 0.075
3 0.5296875 0.0578125 0.0140625 0.0734375
19 0.453125 0.8125 0.01875 0.0765625
19 0.4171875 0.565625 0.025 0.053125
3 0.4171875 0.565625 0.0109375 0.0390625
19 0.7078125 0.1765625 0.0125 0.06875
3 0.7078125 0.18125 0.0078125 0.0453125
3 0.5296875 0.953125 0.0140625 0.075
19 0.5921875 0.05625 0.0421875 0.071875
3 0.5921875 0.0578125 0.0140625 0.059375
27 0.5296875 0.6453125 0.021875 0.0234375
19 0.453125 0.175 0.01875 0.0734375
3 0.453125 0.18125 0.009375 0.046875
3 0.5921875 0.696875 0.0140625 0.0609375
27 0.53125 0.8984375 0.021875 0.0234375
19 0.484375 0.565625 0.0125 0.0609375
3 0.5921875 0.803125 0.0125 0.0546875
3 0.640625 0.6921875 0.0109375 0.0390625
19 0.4171875 0.684375 0.025 0.071875
19 0.36875 0.684375 0.04375 0.1015625
27 0.5921875 0.14375 0.01875 0.01875
3 0.640625 0.946875 0.0109375 0.0375
19 0.640625 0.565625 0.025 0.053125
3 0.640625 0.565625 0.0109375 0.0390625
19 0.484375 0.946875 0.0125 0.084375
3 0.484375 0.94375 0.0078125 0.0453125
19 0.7078125 0.303125 0.0125 0.075
3 0.7078125 0.2953125 0.0078125 0.046875
3 0.5921875 0.1890625 0.0140625 0.0609375
19 0.7078125 0.8109375 0.0125 0.075
27 0.7078125 0.8359375 0.0109375 0.0109375
19 0.484375 0.684375 0.0125 0.06875
3 0.484375 0.6890625 0.009375 0.04375
19 0.7078125 0.946875 0.0125 0.084375
3 0.7078125 0.9421875 0.0078125 0.0421875
3 0.4171875 0.2953125 0.0109375 0.0390625
19 0.484375 0.8109375 0.0125 0.0765625
27 0.640625 0.46875 0.0109375 0.0125
3 0.4171875 0.6921875 0.0109375 0.0390625
19 0.7078125 0.4375 0.0125 0.084375
3 0.7078125 0.434375 0.0078125 0.046875
19 0.484375 0.1765625 0.0125 0.06875
3 0.484375 0.18125 0.0078125 0.04375
19 0.4171875 0.946875 0.0265625 0.0890625
3 0.640625 0.8046875 0.0109375 0.040625
19 0.4171875 0.303125 0.025 0.06875
19 0.6765625 0.565625 0.01875 0.059375
3 0.6765625 0.565625 0.009375 0.046875
19 0.6765625 0.175 0.01875 0.0734375
3 0.6765625 0.1828125 0.009375 0.0484375
19 0.484375 0.4375 0.0125 0.084375
3 0.484375 0.434375 0.0078125 0.04375
19 0.4171875 0.05625 0.025 0.053125
3 0.4171875 0.05625 0.0109375 0.040625
3 0.640625 0.4390625 0.0109375 0.0390625
3 0.5921875 0.2953125 0.0140625 0.05625
19 0.6765625 0.05625 0.0203125 0.0609375
3 0.6765625 0.05625 0.009375 0.046875
27 0.7078125 0.9125 0.0078125 0.0078125
19 0.7078125 0.684375 0.0140625 0.0703125
3 0.7078125 0.6890625 0.0078125 0.0453125
19 0.4171875 0.4375 0.025 0.0859375
19 0.6765625 0.4375 0.01875 0.0875
3 0.6765625 0.4359375 0.009375 0.0484375
19 0.7078125 0.05625 0.0125 0.059375
3 0.7078125 0.05625 0.0078125 0.0453125
19 0.484375 0.303125 0.0125 0.075
19 0.453125 0.05625 0.01875 0.0609375
3 0.4171875 0.946875 0.0109375 0.0375
19 0.36875 0.8125 0.0421875 0.0875
19 0.6765625 0.8125 0.01875 0.0765625
3 0.6765625 0.803125 0.0109375 0.0453125
3 0.7078125 0.803125 0.0078125 0.0453125
19 0.453125 0.684375 0.01875 0.0734375
3 0.453125 0.690625 0.0109375 0.0453125
19 0.30625 0.684375 0.0515625 0.121875
19 0.4171875 0.8125 0.025 0.0703125
3 0.5296875 0.190625 0.0140625 0.075
3 0.4171875 0.1859375 0.0109375 0.0390625
19 0.36875 0.94375 0.0421875 0.1125
3 0.640625 0.2953125 0.0109375 0.0390625
19 0.6765625 0.303125 0.01875 0.075
3 0.6765625 0.2953125 0.009375 0.0453125
3 0.4546875 0.94375 0.009375 0.0453125
19 0.36875 0.175 0.0421875 0.1
27 0.484375 0.975 0.0078125 0.009375
19 0.30625 0.9390625 0.053125 0.121875
27 0.5921875 0.990625 0.0109375 0.0125
3 0.4171875 0.8046875 0.0109375 0.0390625
19 0.36875 0.4375 0.0421875 0.1140625
27 0.7078125 0.4671875 0.0109375 0.0125
19 0.4171875 0.1765625 0.025 0.075
27 0.6765625 0.8359375 0.0109375 0.0109375
27 0.640625 0.3234375 0.0125 0.0125
19 0.3078125 0.8109375 0.05 0.1046875
27 0.640625 0.8328125 0.0125 0.0125
27 0.590625 0.8421875 0.0125 0.0125
27 0.7078125 0.328125 0.0109375 0.0125
27 0.5921875 0.334375 0.0109375 0.0125
19 0.640625 0.05625 0.025 0.053125
3 0.640625 0.05625 0.0109375 0.040625
3 0.640625 0.184375 0.0109375 0.0390625
27 0.6765625 0.978125 0.0109375 0.0125
3 0.36875 0.5640625 0.0125 0.0578125
3 0.30625 0.4453125 0.0140625 0.071875
19 0.6765625 0.684375 0.0203125 0.0734375
3 0.6765625 0.690625 0.0109375 0.046875
3 0.30625 0.0578125 0.0140625 0.075
19 0.36875 0.565625 0.04375 0.075
27 0.5296875 0.4921875 0.0109375 0.0125
27 0.5296875 0.85 0.0109375 0.0125
3 0.36875 0.2953125 0.0125 0.0546875
27 0.6765625 0.46875 0.0125 0.0125
3 0.36875 0.05625 0.0125 0.0578125
19 0.484375 0.05625 0.0125 0.0609375
3 0.484375 0.05625 0.0078125 0.0484375
3 0.36875 0.696875 0.0140625 0.059375
3 0.30625 0.953125 0.0140625 0.075
27 0.7078125 0.975 0.009375 0.0109375
19 0.36875 0.05625 0.0421875 0.071875
3 0.30625 0.190625 0.015625 0.0765625
3 0.36875 0.953125 0.0125 0.0609375
19 0.3078125 0.565625 0.0515625 0.0890625
3 0.30625 0.565625 0.015625 0.075
3 0.36875 0.1875 0.0125 0.059375
19 0.30625 0.1765625 0.0515625 0.1203125
27 0.53125 0.3421875 0.0125 0.0125
3 0.36875 0.803125 0.0125 0.0578125
27 0.36875 0.334375 0.0109375 0.0125
27 0.4171875 0.8328125 0.0109375 0.0125
3 0.36875 0.44375 0.0125 0.0578125
27 0.6765625 0.9125 0.009375 0.0109375
3 0.30625 0.803125 0.0140625 0.0734375
19 0.3078125 0.05625 0.0515625 0.090625
19 0.30625 0.303125 0.0515625 0.1046875
3 0.30625 0.2953125 0.0140625 0.0734375
27 0.6765625 0.6578125 0.0109375 0.0109375
27 0.6765625 0.328125 0.0109375 0.0125
27 0.36875 0.90625 0.01875 0.0203125
27 0.453125 0.46875 0.0109375 0.0109375
27 0.36875 0.6515625 0.01875 0.01875
3 0.30625 0.696875 0.015625 0.0765625
27 0.30625 0.8984375 0.0203125 0.021875
27 0.453125 0.328125 0.0109375 0.0109375
27 0.36875 0.8421875 0.0109375 0.0109375
27 0.36875 0.3984375 0.01875 0.0203125
27 0.30625 0.1359375 0.0203125 0.021875
27 0.30625 0.6453125 0.0203125 0.021875
27 0.3078125 0.996875 0.0109375 0.00625
27 0.30625 0.4921875 0.0109375 0.0125
27 0.453125 0.9765625 0.0109375 0.0109375
27 0.453125 0.8375 0.0109375 0.0125
27 0.36875 0.990625 0.0109375 0.0125
27 0.484375 0.328125 0.0109375 0.0125
27 0.36875 0.1453125 0.01875 0.01875
27 0.3078125 0.390625 0.0203125 0.0234375
27 0.415625 0.9765625 0.0109375 0.0109375
27 0.30625 0.3421875 0.0109375 0.0109375
27 0.484375 0.8359375 0.009375 0.0109375
27 0.30625 0.85 0.0109375 0.0109375
19 0.7078125 0.5640625 0.0125 0.0609375
27 0.484375 0.4671875 0.009375 0.009375
19 0.5921875 0.4375 0.040625 0.115625
27 0.453125 0.9125 0.009375 0.009375
19 0.5921875 0.1765625 0.040625 0.1
19 0.53125 0.1765625 0.0515625 0.1171875
19 0.53125 0.05625 0.0515625 0.090625
19 0.53125 0.5640625 0.0515625 0.090625
3 0.484375 0.803125 0.0078125 0.04375
3 0.453125 0.803125 0.009375 0.04375
27 0.4171875 0.9171875 0.0125 0.0140625
3 0.453125 0.05625 0.009375 0.0421875
3 0.484375 0.2953125 0.0078125 0.0421875
3 0.7078125 0.5640625 0.0078125 0.04375
3 0.484375 0.5640625 0.0078125 0.04375
27 0.7078125 0.15 0.0078125 0.00625
27 0.6765625 0.15 0.009375 0.009375
27 0.484375 0.15 0.00625 0.00625
27 0.453125 0.15 0.009375 0.009375
27 0.4171875 0.1546875 0.0125 0.0125
27 0.4171875 0.3234375 0.0125 0.0125
27 0.7078125 0.4046875 0.0078125 0.00625
27 0.6765625 0.4046875 0.009375 0.009375
27 0.640625 0.4078125 0.0140625 0.0140625
27 0.5921875 0.4828125 0.0125 0.0125
27 0.5296875 0.390625 0.021875 0.0234375
27 0.484375 0.4046875 0.00625 0.0078125
27 0.453125 0.4046875 0.009375 0.009375
27 0.4171875 0.46875 0.0125 0.0109375
27 0.4171875 0.4078125 0.0125 0.0140625
27 0.36875 0.4828125 0.0125 0.0109375
27 0.7078125 0.659375 0.0078125 0.0078125
27 0.484375 0.659375 0.00625 0.0078125
27 0.453125 0.659375 0.009375 0.0078125
27 0.4171875 0.6625 0.0125 0.0140625
27 0.484375 0.9125 0.00625 0.009375