19 0.70625 0.053125 0.0125 0.059375
3 0.70625 0.053125 0.0078125 0.0421875
19 0.6765625 0.053125 0.0171875 0.059375
3 0.6765625 0.053125 0.009375 0.0421875
19 0.6390625 0.0515625 0.0234375 0.0515625
3 0.6390625 0.053125 0.0109375 0.034375
19 0.5921875 0.053125 0.040625 0.0703125
3 0.5921875 0.053125 0.0140625 0.0546875
19 0.53125 0.053125 0.0484375 0.0890625
3 0.5296875 0.053125 0.015625 0.071875
19 0.484375 0.053125 0.0125 0.059375
3 0.484375 0.053125 0.0078125 0.0421875
19 0.453125 0.053125 0.0171875 0.059375
3 0.453125 0.053125 0.0109375 0.04375
19 0.4171875 0.053125 0.025 0.0515625
3 0.4171875 0.053125 0.0109375 0.0359375
19 0.36875 0.053125 0.040625 0.071875
3 0.36875 0.053125 0.0140625 0.0546875
19 0.3078125 0.053125 0.05 0.0875
3 0.3078125 0.053125 0.015625 0.0703125
19 0.3078125 0.171875 0.05 0.11875
3 0.3078125 0.1875 0.015625 0.0703125
27 0.3078125 0.1328125 0.0234375 0.0234375
19 0.36875 0.171875 0.040625 0.1
3 0.36875 0.1859375 0.0140625 0.0546875
27 0.36875 0.140625 0.01875 0.01875
19 0.4171875 0.171875 0.0234375 0.0703125
3 0.4171875 0.18125 0.0109375 0.034375
27 0.4171875 0.15 0.0125 0.0125
19 0.453125 0.171875 0.01875 0.071875
3 0.453125 0.178125 0.009375 0.0421875
27 0.4546875 0.146875 0.009375 0.009375
19 0.484375 0.171875 0.0125 0.06875
3 0.484375 0.1765625 0.0078125 0.04375
27 0.484375 0.146875 0.00625 0.00625
19 0.53125 0.171875 0.05 0.11875
3 0.5296875 0.1875 0.015625 0.0703125
27 0.53125 0.1328125 0.021875 0.021875
19 0.5921875 0.171875 0.040625 0.0984375
3 0.5921875 0.1859375 0.015625 0.053125
27 0.5921875 0.140625 0.01875 0.0171875
19 0.640625 0.171875 0.0234375 0.0703125
3 0.640625 0.18125 0.009375 0.034375
27 0.6390625 0.15 0.0125 0.0125
19 0.6765625 0.171875 0.0171875 0.071875
3 0.675 0.178125 0.009375 0.0421875
27 0.6765625 0.146875 0.0078125 0.0078125
19 0.70625 0.171875 0.0125 0.06875
3 0.70625 0.1765625 0.0078125 0.040625
27 0.70625 0.146875 0.00625 0.00625
19 0.70625 0.2984375 0.0109375 0.0734375
3 0.70625 0.290625 0.0078125 0.0421875
19 0.6765625 0.2984375 0.01875 0.075
3 0.6765625 0.290625 0.0109375 0.0421875
27 0.6765625 0.3234375 0.0125 0.0125
27 0.70625 0.3234375 0.0109375 0.0109375
19 0.6390625 0.2984375 0.0234375 0.0671875
3 0.6390625 0.290625 0.0109375 0.034375
27 0.640625 0.31875 0.0125 0.0125
19 0.5921875 0.2984375 0.040625 0.0875
3 0.590625 0.290625 0.0140625 0.053125
27 0.5921875 0.3296875 0.0125 0.0125
19 0.53125 0.3 0.05 0.103125
3 0.5296875 0.290625 0.015625 0.0703125
27 0.53125 0.3375 0.0125 0.0125
19 0.484375 0.2984375 0.0125 0.0734375
3 0.484375 0.290625 0.0078125 0.040625
27 0.484375 0.3234375 0.0109375 0.0109375
19 0.453125 0.2984375 0.0171875 0.075
3 0.453125 0.290625 0.009375 0.040625
27 0.453125 0.3234375 0.0125 0.0109375
19 0.4171875 0.2984375 0.0234375 0.0671875
3 0.4171875 0.290625 0.009375 0.034375
27 0.4171875 0.31875 0.0125 0.0125
19 0.36875 0.2984375 0.040625 0.0859375
3 0.36875 0.290625 0.0140625 0.053125
27 0.36875 0.3296875 0.0125 0.0125
19 0.3078125 0.2984375 0.05 0.103125
3 0.3078125 0.290625 0.015625 0.0703125
27 0.3078125 0.3375 0.0125 0.0109375
19 0.70625 0.4328125 0.0125 0.0828125
27 0.7078125 0.4 0.00625 0.00625
3 0.70625 0.4296875 0.0078125 0.040625
27 0.70625 0.4625 0.0109375 0.0109375
19 0.6765625 0.4328125 0.0171875 0.0859375
27 0.6765625 0.4 0.009375 0.0078125
3 0.675 0.43125 0.009375 0.0421875
27 0.6765625 0.4640625 0.0125 0.0125
19 0.6390625 0.4328125 0.0234375 0.0859375
3 0.6390625 0.434375 0.009375 0.0359375
27 0.6390625 0.403125 0.0125 0.0125
27 0.6390625 0.4625 0.0125 0.0109375
19 0.5921875 0.4328125 0.040625 0.1140625
3 0.590625 0.4390625 0.0140625 0.053125
27 0.5921875 0.39375 0.01875 0.01875
19 0.53125 0.4328125 0.05 0.1328125
3 0.5296875 0.440625 0.0140625 0.0703125
27 0.53125 0.3859375 0.0203125 0.0203125
27 0.53125 0.4875 0.0125 0.0109375
19 0.484375 0.4328125 0.0125 0.084375
27 0.484375 0.4 0.00625 0.00625
3 0.484375 0.4296875 0.0078125 0.0421875
27 0.484375 0.4625 0.0109375 0.0109375
19 0.453125 0.4328125 0.0171875 0.0875
27 0.453125 0.4 0.009375 0.0078125
3 0.453125 0.43125 0.009375 0.040625
27 0.453125 0.4640625 0.0125 0.0125
19 0.4171875 0.4328125 0.0234375 0.084375
3 0.4171875 0.434375 0.009375 0.034375
27 0.4171875 0.403125 0.0125 0.0125
27 0.4171875 0.4625 0.0125 0.0109375
19 0.36875 0.4328125 0.040625 0.1140625
3 0.36875 0.4390625 0.0125 0.053125
27 0.36875 0.39375 0.01875 0.01875
27 0.36875 0.4765625 0.0125 0.0125
19 0.3078125 0.4328125 0.05 0.134375
3 0.3078125 0.440625 0.015625 0.0703125
27 0.3078125 0.3859375 0.021875 0.021875
27 0.3078125 0.4875 0.0125 0.0125
19 0.70625 0.559375 0.0125 0.059375
3 0.70625 0.559375 0.0078125 0.040625
19 0.6765625 0.559375 0.01875 0.0609375
3 0.675 0.559375 0.009375 0.040625
19 0.6390625 0.559375 0.025 0.053125
3 0.640625 0.5609375 0.009375 0.034375
19 0.5921875 0.559375 0.040625 0.0703125
3 0.590625 0.559375 0.0125 0.053125
19 0.53125 0.559375 0.05 0.0875
3 0.5296875 0.559375 0.0140625 0.0703125
19 0.484375 0.559375 0.0125 0.059375
3 0.484375 0.559375 0.0078125 0.040625
19 0.453125 0.559375 0.0171875 0.0609375
3 0.453125 0.559375 0.009375 0.0421875
19 0.4171875 0.559375 0.0234375 0.0515625
3 0.4171875 0.559375 0.009375 0.034375
19 0.36875 0.559375 0.040625 0.071875
3 0.36875 0.559375 0.0140625 0.053125
19 0.3078125 0.559375 0.05 0.0875
3 0.3078125 0.559375 0.015625 0.071875
19 0.70625 0.678125 0.0109375 0.06875
27 0.70625 0.653125 0.00625 0.00625
19 0.6765625 0.678125 0.01875 0.071875
3 0.675 0.684375 0.009375 0.040625
27 0.6765625 0.653125 0.009375 0.0078125
19 0.6390625 0.678125 0.025 0.0703125
27 0.6390625 0.65625 0.0125 0.0125
3 0.6390625 0.6875 0.0109375 0.034375
19 0.5921875 0.678125 0.040625 0.0984375
3 0.590625 0.6921875 0.0140625 0.053125
27 0.5921875 0.646875 0.0171875 0.0171875
19 0.53125 0.678125 0.05 0.11875
27 0.53125 0.6390625 0.0203125 0.0203125
3 0.5296875 0.69375 0.0140625 0.06875
19 0.484375 0.678125 0.0109375 0.0671875
27 0.484375 0.653125 0.00625 0.00625
3 0.484375 0.6828125 0.0078125 0.0421875
19 0.453125 0.678125 0.0171875 0.071875
27 0.453125 0.6515625 0.009375 0.0078125
3 0.453125 0.684375 0.009375 0.0421875
19 0.4171875 0.678125 0.0234375 0.0703125
27 0.4171875 0.65625 0.0125 0.0109375
3 0.4171875 0.6875 0.009375 0.034375
19 0.36875 0.678125 0.040625 0.0984375
27 0.36875 0.646875 0.01875 0.0171875
3 0.36875 0.6921875 0.0140625 0.053125
19 0.3078125 0.678125 0.05 0.11875
27 0.3078125 0.6390625 0.021875 0.0203125
3 0.3078125 0.69375 0.0140625 0.0703125
19 0.70625 0.8046875 0.0125 0.075
3 0.70625 0.796875 0.0078125 0.0421875
27 0.70625 0.8296875 0.0109375 0.0109375
19 0.6765625 0.8046875 0.01875 0.075
3 0.675 0.796875 0.009375 0.0421875
27 0.6765625 0.8296875 0.0125 0.0109375
19 0.6390625 0.8046875 0.0234375 0.0671875
3 0.6390625 0.7984375 0.009375 0.034375
27 0.6390625 0.8265625 0.0125 0.0125
19 0.5921875 0.8046875 0.040625 0.0859375
3 0.590625 0.796875 0.0140625 0.053125
27 0.5921875 0.8359375 0.0109375 0.0109375
19 0.53125 0.8046875 0.05 0.103125
3 0.5296875 0.796875 0.0140625 0.0703125
27 0.53125 0.84375 0.0125 0.0109375
19 0.484375 0.8046875 0.0125 0.075
3 0.484375 0.796875 0.0078125 0.0421875
27 0.484375 0.8296875 0.0109375 0.0109375
19 0.453125 0.8046875 0.0171875 0.075
3 0.453125 0.796875 0.009375 0.040625
27 0.453125 0.8296875 0.0125 0.0125
19 0.4171875 0.8046875 0.0234375 0.0671875
3 0.4171875 0.7984375 0.009375 0.034375
27 0.4171875 0.8265625 0.0125 0.0125
19 0.36875 0.8046875 0.040625 0.0859375
3 0.36875 0.796875 0.0125 0.053125
27 0.36875 0.8359375 0.0109375 0.0125
19 0.3078125 0.8046875 0.05 0.103125
3 0.3078125 0.796875 0.0140625 0.0703125
27 0.3078125 0.84375 0.0125 0.0109375
19 0.3078125 0.9359375 0.05 0.128125
27 0.3078125 0.8921875 0.021875 0.0203125
3 0.3078125 0.946875 0.0140625 0.0703125
27 0.3078125 0.99375 0.0109375 0.0109375
19 0.36875 0.9390625 0.040625 0.1140625
27 0.36875 0.9 0.01875 0.0171875
3 0.36875 0.9453125 0.0140625 0.053125
27 0.36875 0.9828125 0.0109375 0.0109375
19 0.4171875 0.9390625 0.0234375 0.0859375
27 0.4171875 0.909375 0.0125 0.0125
3 0.4171875 0.940625 0.009375 0.034375
27 0.4171875 0.96875 0.0125 0.0109375
19 0.453125 0.9390625 0.0171875 0.0875
27 0.453125 0.9046875 0.0078125 0.0078125
3 0.453125 0.9375 0.009375 0.0421875
27 0.453125 0.96875 0.0125 0.0125
19 0.484375 0.9390625 0.0125 0.0828125
27 0.484375 0.90625 0.00625 0.0046875
3 0.484375 0.9359375 0.0078125 0.040625
27 0.484375 0.96875 0.0109375 0.0109375
19 0.53125 0.9359375 0.05 0.1265625
27 0.53125 0.8921875 0.0203125 0.0203125
3 0.5296875 0.946875 0.015625 0.071875
27 0.53125 0.9921875 0.0125 0.0109375
19 0.5921875 0.9390625 0.040625 0.1140625
27 0.5921875 0.9 0.01875 0.0171875
3 0.5921875 0.9453125 0.0140625 0.0546875
27 0.5921875 0.9828125 0.0125 0.0109375
19 0.6390625 0.9390625 0.025 0.0859375
27 0.640625 0.909375 0.0125 0.0109375
3 0.6390625 0.940625 0.0109375 0.0359375
27 0.6390625 0.96875 0.0125 0.0109375
19 0.6765625 0.9390625 0.01875 0.0875
27 0.6765625 0.9046875 0.009375 0.0078125
3 0.6765625 0.9375 0.0109375 0.0421875
27 0.6765625 0.96875 0.0125 0.0109375
19 0.70625 0.9390625 0.0125 0.084375
27 0.70625 0.90625 0.00625 0.00625
27 0.70625 0.96875 0.0109375 0.0109375