19 0.6859375 0.5328125 0.1203125 0.0515625
19 0.6859375 0.5953125 0.1 0.0421875
19 0.684375 0.64375 0.071875 0.025
19 0.4375 0.64375 0.0875 0.025
19 0.3046875 0.64375 0.0703125 0.025
19 0.303125 0.534375 0.1046875 0.05
19 0.178125 0.64375 0.0734375 0.025
19 0.4390625 0.534375 0.1328125 0.05
19 0.4390625 0.45625 0.0890625 0.01875
19 0.4390625 0.309375 0.1359375 0.0515625
19 0.3046875 0.371875 0.0875 0.0421875
19 0.3046875 0.5953125 0.0875 0.0421875
19 0.8125 0.534375 0.10625 0.053125
19 0.946875 0.45625 0.0890625 0.0203125
19 0.8125 0.64375 0.06875 0.025
19 0.946875 0.64375 0.0875 0.025
19 0.8125 0.5953125 0.0890625 0.0421875
19 0.94375 0.5953125 0.1109375 0.0421875
19 0.9390625 0.534375 0.121875 0.0515625
27 0.6625 0.64375 0.015625 0.0140625
27 0.9171875 0.6421875 0.015625 0.0125
27 0.3984375 0.5953125 0.0203125 0.0203125
27 0.996875 0.534375 0.0046875 0.0109375
27 0.1375 0.5328125 0.021875 0.0203125
27 0.653125 0.5953125 0.0203125 0.0203125
19 0.565625 0.45625 0.0609375 0.01875
3 0.565625 0.45625 0.046875 0.0109375
3 0.7 0.5328125 0.075 0.015625
27 0.1546875 0.64375 0.0125 0.0125
19 0.565625 0.5953125 0.0734375 0.0421875
3 0.5640625 0.5953125 0.0578125 0.0140625
27 0.9765625 0.64375 0.0125 0.0125
3 0.5671875 0.5328125 0.075 0.0140625
3 0.8046875 0.5328125 0.0734375 0.0140625
3 0.44375 0.5953125 0.0609375 0.0140625
3 0.4453125 0.5328125 0.071875 0.015625
3 0.9515625 0.5953125 0.0625 0.0140625
19 0.946875 0.6796875 0.0890625 0.01875
3 0.9453125 0.6796875 0.0421875 0.0109375
3 0.440625 0.4203125 0.0390625 0.0109375
3 0.4375 0.45625 0.04375 0.009375
19 0.303125 0.45625 0.075 0.01875
3 0.2953125 0.45625 0.0453125 0.009375
27 0.90625 0.5953125 0.0203125 0.01875
3 0.296875 0.5328125 0.075 0.0140625
3 0.059375 0.5328125 0.0734375 0.0140625
19 0.8125 0.45625 0.0765625 0.01875
19 0.565625 0.4203125 0.053125 0.025
3 0.565625 0.4203125 0.0390625 0.0109375
19 0.1765625 0.7109375 0.06875 0.0125
3 0.18125 0.7109375 0.0453125 0.0078125
3 0.9546875 0.5328125 0.075 0.0140625
19 0.0578125 0.5953125 0.071875 0.0421875
3 0.0578125 0.5953125 0.059375 0.0140625
27 0.6453125 0.5328125 0.0234375 0.021875
19 0.1765625 0.45625 0.0734375 0.01875
3 0.1828125 0.45625 0.046875 0.009375
3 0.696875 0.5953125 0.0609375 0.0140625
27 0.9 0.534375 0.0234375 0.021875
19 0.565625 0.4875 0.0609375 0.0125
3 0.8046875 0.59375 0.0546875 0.0125
3 0.69375 0.64375 0.0390625 0.0109375
19 0.684375 0.4203125 0.071875 0.025
19 0.6859375 0.3703125 0.1015625 0.04375
27 0.1453125 0.5953125 0.01875 0.01875
3 0.9484375 0.64375 0.0375 0.0109375
19 0.565625 0.64375 0.053125 0.025
3 0.565625 0.64375 0.0390625 0.0109375
19 0.946875 0.4875 0.084375 0.0125
3 0.94375 0.4875 0.0453125 0.0078125
19 0.3046875 0.7109375 0.075 0.0125
3 0.2953125 0.7109375 0.046875 0.0078125
3 0.190625 0.5953125 0.0609375 0.0140625
19 0.8125 0.7109375 0.075 0.0125
27 0.8375 0.7109375 0.0109375 0.0109375
19 0.684375 0.4875 0.06875 0.0125
3 0.6890625 0.4875 0.04375 0.009375
19 0.946875 0.7109375 0.084375 0.0125
3 0.94375 0.7109375 0.0421875 0.0078125
3 0.296875 0.4203125 0.0390625 0.0109375
19 0.8109375 0.4875 0.0765625 0.0125
27 0.46875 0.6421875 0.0125 0.0109375
3 0.69375 0.4203125 0.0390625 0.0109375
19 0.4390625 0.7109375 0.084375 0.0125
3 0.4359375 0.7109375 0.046875 0.0078125
19 0.1765625 0.4875 0.06875 0.0125
3 0.18125 0.4875 0.04375 0.0078125
19 0.946875 0.4203125 0.0890625 0.0265625
3 0.8046875 0.64375 0.040625 0.0109375
19 0.303125 0.4203125 0.06875 0.025
19 0.565625 0.6796875 0.059375 0.01875
3 0.565625 0.6796875 0.046875 0.009375
19 0.1765625 0.6796875 0.0734375 0.01875
3 0.1828125 0.6796875 0.0484375 0.009375
19 0.4390625 0.4875 0.084375 0.0125
3 0.434375 0.4875 0.04375 0.0078125
19 0.05625 0.4203125 0.053125 0.025
3 0.05625 0.4203125 0.040625 0.0109375
3 0.440625 0.64375 0.0390625 0.0109375
3 0.296875 0.5953125 0.05625 0.0140625
19 0.0578125 0.6796875 0.0609375 0.0203125
3 0.05625 0.6796875 0.046875 0.009375
27 0.9140625 0.7109375 0.0078125 0.0078125
19 0.6859375 0.7109375 0.0703125 0.0140625
3 0.690625 0.7109375 0.0453125 0.0078125
19 0.4390625 0.4203125 0.0859375 0.025
19 0.4375 0.6796875 0.0875 0.01875
3 0.4359375 0.6796875 0.0484375 0.009375
19 0.0578125 0.7109375 0.059375 0.0125
3 0.05625 0.7109375 0.0453125 0.0078125
19 0.3046875 0.4875 0.075 0.0125
19 0.05625 0.45625 0.0609375 0.01875
3 0.946875 0.4203125 0.0375 0.0109375
19 0.8125 0.371875 0.0875 0.0421875
19 0.8125 0.6796875 0.0765625 0.01875
3 0.803125 0.6796875 0.0453125 0.0109375
3 0.803125 0.7109375 0.0453125 0.0078125
19 0.684375 0.45625 0.0734375 0.01875
3 0.690625 0.45625 0.0453125 0.0109375
19 0.684375 0.309375 0.121875 0.0515625
19 0.8125 0.4203125 0.0703125 0.025
3 0.190625 0.5328125 0.075 0.0140625
3 0.1859375 0.4203125 0.0390625 0.0109375
19 0.94375 0.371875 0.1109375 0.0421875
3 0.296875 0.64375 0.0390625 0.0109375
19 0.303125 0.6796875 0.075 0.01875
3 0.2953125 0.6796875 0.0453125 0.009375
3 0.9453125 0.4578125 0.0453125 0.009375
19 0.1765625 0.371875 0.1 0.0421875
27 0.9765625 0.4875 0.009375 0.0078125
19 0.9390625 0.309375 0.121875 0.053125
27 0.9921875 0.5953125 0.0125 0.0109375
3 0.8046875 0.4203125 0.0390625 0.0109375
19 0.4390625 0.371875 0.1140625 0.0421875
27 0.4671875 0.7109375 0.0125 0.0109375
19 0.178125 0.4203125 0.075 0.025
27 0.8375 0.6796875 0.0109375 0.0109375
27 0.325 0.64375 0.0125 0.0125
19 0.8125 0.3109375 0.1046875 0.05
27 0.834375 0.64375 0.0125 0.0125
27 0.8421875 0.59375 0.0125 0.0125
27 0.328125 0.7109375 0.0125 0.0109375
27 0.334375 0.5953125 0.0125 0.0109375
19 0.0578125 0.64375 0.053125 0.025
3 0.05625 0.64375 0.040625 0.0109375
3 0.1859375 0.64375 0.0390625 0.0109375
27 0.978125 0.6796875 0.0125 0.0109375
3 0.565625 0.371875 0.0578125 0.0125
3 0.4453125 0.309375 0.071875 0.0140625
19 0.684375 0.6796875 0.0734375 0.0203125
3 0.690625 0.6796875 0.046875 0.0109375
3 0.0578125 0.309375 0.075 0.0140625
19 0.565625 0.371875 0.075 0.04375
27 0.49375 0.5328125 0.0125 0.0109375
27 0.8515625 0.5328125 0.0125 0.0109375
3 0.296875 0.371875 0.0546875 0.0125
27 0.4703125 0.6796875 0.0125 0.0125
3 0.0578125 0.371875 0.0578125 0.0125
19 0.0578125 0.4875 0.0609375 0.0125
3 0.0578125 0.4875 0.0484375 0.0078125
3 0.6984375 0.371875 0.059375 0.0140625
3 0.953125 0.309375 0.075 0.0140625
27 0.9765625 0.7109375 0.0109375 0.009375
19 0.0578125 0.371875 0.071875 0.0421875
3 0.190625 0.309375 0.0765625 0.015625
3 0.953125 0.371875 0.0609375 0.0125
19 0.565625 0.3109375 0.0890625 0.0515625
3 0.5671875 0.309375 0.075 0.015625
3 0.1890625 0.371875 0.059375 0.0125
19 0.1765625 0.309375 0.1203125 0.0515625
27 0.34375 0.534375 0.0125 0.0125
3 0.8046875 0.3703125 0.0578125 0.0125
27 0.334375 0.371875 0.0125 0.0109375
27 0.834375 0.4203125 0.0125 0.0109375
3 0.44375 0.371875 0.0578125 0.0125
27 0.9125 0.6796875 0.0109375 0.009375
3 0.8046875 0.309375 0.0734375 0.0140625
19 0.05625 0.3109375 0.090625 0.0515625
19 0.3046875 0.309375 0.1046875 0.0515625
3 0.2953125 0.309375 0.0734375 0.0140625
27 0.659375 0.6796875 0.0109375 0.0109375
27 0.328125 0.6796875 0.0125 0.0109375
27 0.9078125 0.371875 0.0203125 0.01875
27 0.46875 0.45625 0.0109375 0.0109375
27 0.653125 0.371875 0.01875 0.01875
3 0.6984375 0.309375 0.0765625 0.015625
27 0.9 0.309375 0.021875 0.0203125
27 0.328125 0.45625 0.0109375 0.0109375
27 0.8421875 0.371875 0.0109375 0.0109375
27 0.4 0.371875 0.0203125 0.01875
27 0.1375 0.309375 0.021875 0.0203125
27 0.6453125 0.309375 0.021875 0.0203125
27 0.996875 0.309375 0.0046875 0.0109375
27 0.49375 0.309375 0.0125 0.0109375
27 0.978125 0.45625 0.0109375 0.0109375
27 0.8375 0.45625 0.0125 0.0109375
27 0.9921875 0.371875 0.0125 0.0109375
27 0.3296875 0.4875 0.0125 0.0109375
27 0.1453125 0.371875 0.01875 0.01875
27 0.390625 0.3109375 0.0234375 0.0203125
27 0.9765625 0.41875 0.0109375 0.0109375
27 0.34375 0.309375 0.0109375 0.0109375
27 0.8375 0.4875 0.0109375 0.009375
27 0.8515625 0.309375 0.0109375 0.0109375
19 0.565625 0.7109375 0.0609375 0.0125
27 0.46875 0.4875 0.009375 0.009375
19 0.4390625 0.5953125 0.115625 0.040625
27 0.9140625 0.45625 0.009375 0.009375
19 0.1765625 0.5953125 0.1 0.040625
19 0.1765625 0.534375 0.1171875 0.0515625
19 0.05625 0.534375 0.090625 0.0515625
19 0.565625 0.5328125 0.090625 0.0515625
3 0.803125 0.4875 0.04375 0.0078125
3 0.8046875 0.45625 0.04375 0.009375
27 0.9171875 0.4203125 0.0140625 0.0125
3 0.05625 0.45625 0.0421875 0.009375
3 0.2953125 0.4875 0.0421875 0.0078125
3 0.565625 0.7109375 0.04375 0.0078125
3 0.565625 0.4875 0.04375 0.0078125
27 0.1515625 0.7109375 0.00625 0.0078125
27 0.1515625 0.6796875 0.009375 0.009375
27 0.1515625 0.4875 0.00625 0.00625
27 0.1515625 0.45625 0.009375 0.009375
27 0.1546875 0.4203125 0.0125 0.0125
27 0.325 0.4203125 0.0125 0.0125
27 0.40625 0.7109375 0.00625 0.0078125
27 0.4046875 0.6796875 0.009375 0.009375
27 0.409375 0.64375 0.0140625 0.0140625
27 0.4828125 0.5953125 0.0125 0.0125
27 0.390625 0.5328125 0.0234375 0.021875
27 0.40625 0.4875 0.0078125 0.00625
27 0.4046875 0.45625 0.009375 0.009375
27 0.46875 0.4203125 0.0109375 0.0125
27 0.409375 0.4203125 0.0140625 0.0125
27 0.4828125 0.371875 0.0109375 0.0125
27 0.659375 0.7109375 0.0078125 0.0078125
27 0.659375 0.4875 0.0078125 0.00625
27 0.659375 0.45625 0.0078125 0.009375
27 0.6625 0.4203125 0.0140625 0.0125
27 0.9140625 0.4875 0.009375 0.00625