19 0.9390625 0.29375 0.0625 0.0125
3 0.9390625 0.29375 0.04375 0.009375
19 0.940625 0.3265625 0.0625 0.01875
3 0.9390625 0.3265625 0.0453125 0.009375
19 0.940625 0.3640625 0.0546875 0.025
3 0.9390625 0.3640625 0.0375 0.0125
19 0.9390625 0.415625 0.0734375 0.0421875
3 0.9390625 0.415625 0.05625 0.0140625
19 0.9390625 0.478125 0.09375 0.0515625
3 0.9390625 0.4796875 0.075 0.0171875
19 0.9390625 0.528125 0.0609375 0.0125
3 0.9390625 0.528125 0.0453125 0.0078125
19 0.940625 0.559375 0.0625 0.01875
3 0.9390625 0.559375 0.0453125 0.0125
19 0.9390625 0.5984375 0.0546875 0.025
3 0.9390625 0.5984375 0.0375 0.0109375
19 0.9390625 0.6484375 0.075 0.0421875
3 0.940625 0.6484375 0.05625 0.0140625
19 0.9390625 0.7046875 0.0921875 0.0390625
3 0.9390625 0.7140625 0.075 0.0171875
19 0.8140625 0.7046875 0.1234375 0.0390625
3 0.7984375 0.7125 0.0734375 0.015625
27 0.85625 0.7125 0.025 0.025
19 0.8140625 0.6484375 0.1046875 0.04375
3 0.8 0.6484375 0.0578125 0.015625
27 0.846875 0.6484375 0.01875 0.0203125
19 0.815625 0.5984375 0.0734375 0.025
3 0.8046875 0.5984375 0.0375 0.0109375
27 0.8375 0.5984375 0.0125 0.0140625
19 0.8140625 0.559375 0.075 0.01875
3 0.8078125 0.5609375 0.04375 0.0109375
27 0.8421875 0.559375 0.009375 0.0109375
19 0.8140625 0.528125 0.071875 0.0125
3 0.809375 0.528125 0.0453125 0.0078125
27 0.840625 0.528125 0.0078125 0.0078125
19 0.8140625 0.478125 0.125 0.053125
3 0.7984375 0.4796875 0.075 0.015625
27 0.85625 0.478125 0.0234375 0.0234375
19 0.8140625 0.415625 0.103125 0.0421875
3 0.8 0.4140625 0.05625 0.015625
27 0.846875 0.4140625 0.01875 0.01875
19 0.8140625 0.3640625 0.0734375 0.025
3 0.8046875 0.3640625 0.0359375 0.009375
27 0.8375 0.3640625 0.0140625 0.0140625
19 0.8140625 0.3265625 0.075 0.01875
3 0.8078125 0.3265625 0.0453125 0.0109375
27 0.8421875 0.3265625 0.0078125 0.0078125
19 0.8140625 0.29375 0.071875 0.0125
3 0.809375 0.29375 0.0421875 0.0078125
27 0.840625 0.29375 0.00625 0.00625
19 0.68125 0.29375 0.078125 0.0125
3 0.690625 0.29375 0.04375 0.009375
19 0.68125 0.3265625 0.0796875 0.01875
3 0.690625 0.3265625 0.04375 0.0109375
27 0.65625 0.3265625 0.0125 0.0125
27 0.65625 0.29375 0.0109375 0.0109375
19 0.68125 0.3640625 0.0703125 0.025
3 0.6890625 0.3640625 0.0359375 0.0109375
27 0.659375 0.3640625 0.0125 0.0140625
19 0.68125 0.4140625 0.090625 0.0421875
3 0.6890625 0.415625 0.0546875 0.0140625
27 0.65 0.4140625 0.0125 0.0125
19 0.68125 0.4796875 0.1078125 0.0515625
3 0.690625 0.4796875 0.0734375 0.015625
27 0.640625 0.478125 0.0140625 0.0140625
19 0.68125 0.528125 0.078125 0.0125
3 0.6890625 0.528125 0.0421875 0.0078125
27 0.65625 0.528125 0.0125 0.0125
19 0.68125 0.559375 0.078125 0.01875
3 0.690625 0.5609375 0.04375 0.0109375
27 0.65625 0.559375 0.0125 0.0125
19 0.6828125 0.5984375 0.0703125 0.025
3 0.6890625 0.5984375 0.0359375 0.0109375
27 0.659375 0.5984375 0.0125 0.0125
19 0.68125 0.6484375 0.090625 0.0421875
3 0.6890625 0.6484375 0.05625 0.0140625
27 0.65 0.6484375 0.0125 0.0125
19 0.68125 0.7046875 0.109375 0.0390625
3 0.6890625 0.7140625 0.0734375 0.015625
27 0.640625 0.7125 0.0125 0.0125
19 0.540625 0.29375 0.0875 0.0125
27 0.575 0.29375 0.00625 0.00625
3 0.54375 0.29375 0.0421875 0.0078125
27 0.5109375 0.29375 0.0109375 0.0125
19 0.540625 0.3265625 0.090625 0.01875
27 0.5765625 0.3265625 0.009375 0.009375
3 0.54375 0.3265625 0.04375 0.009375
27 0.509375 0.3265625 0.0125 0.0125
19 0.540625 0.3640625 0.0890625 0.025
3 0.5390625 0.3640625 0.0375 0.0109375
27 0.571875 0.3640625 0.0125 0.0125
27 0.509375 0.3640625 0.0125 0.0125
19 0.540625 0.415625 0.11875 0.0421875
3 0.534375 0.415625 0.0546875 0.015625
27 0.58125 0.415625 0.01875 0.01875
19 0.540625 0.4796875 0.140625 0.053125
3 0.5328125 0.4796875 0.0734375 0.015625
27 0.590625 0.478125 0.021875 0.021875
27 0.484375 0.478125 0.0125 0.0125
19 0.540625 0.528125 0.0875 0.0125
27 0.575 0.528125 0.00625 0.00625
3 0.54375 0.528125 0.04375 0.0078125
27 0.5109375 0.528125 0.0125 0.0109375
19 0.540625 0.559375 0.0921875 0.01875
27 0.5765625 0.559375 0.009375 0.009375
3 0.54375 0.5609375 0.04375 0.009375
27 0.509375 0.559375 0.0125 0.0125
19 0.540625 0.5984375 0.0890625 0.025
3 0.5390625 0.5984375 0.0375 0.009375
27 0.571875 0.5984375 0.0125 0.0125
27 0.509375 0.5984375 0.0125 0.0125
19 0.540625 0.6484375 0.1203125 0.0421875
3 0.534375 0.6484375 0.05625 0.0140625
27 0.58125 0.6484375 0.01875 0.01875
27 0.49375 0.6484375 0.0125 0.0125
19 0.540625 0.7046875 0.140625 0.0390625
3 0.5328125 0.7140625 0.0734375 0.0171875
27 0.590625 0.7125 0.021875 0.0234375
27 0.484375 0.7125 0.0140625 0.0140625
19 0.4078125 0.29375 0.0625 0.0125
3 0.409375 0.29375 0.04375 0.0078125
19 0.4078125 0.3265625 0.0625 0.01875
3 0.4078125 0.3265625 0.0421875 0.0109375
19 0.4078125 0.3640625 0.0546875 0.025
3 0.4078125 0.3640625 0.0359375 0.0109375
19 0.4078125 0.415625 0.075 0.04375
3 0.4078125 0.415625 0.05625 0.0140625
19 0.4078125 0.4796875 0.0921875 0.053125
3 0.4078125 0.4796875 0.0734375 0.015625
19 0.4078125 0.528125 0.0625 0.0125
3 0.409375 0.528125 0.0421875 0.0078125
19 0.4078125 0.559375 0.0640625 0.01875
3 0.4078125 0.5609375 0.04375 0.009375
19 0.4078125 0.5984375 0.0546875 0.025
3 0.4078125 0.5984375 0.0359375 0.009375
19 0.4078125 0.6484375 0.075 0.0421875
3 0.4078125 0.6484375 0.05625 0.0140625
19 0.4078125 0.7046875 0.0921875 0.0390625
3 0.4078125 0.7125 0.075 0.015625
19 0.2828125 0.29375 0.071875 0.0125
27 0.309375 0.29375 0.00625 0.00625
19 0.284375 0.3265625 0.075 0.01875
3 0.2765625 0.3265625 0.04375 0.0109375
27 0.3109375 0.3265625 0.009375 0.009375
19 0.284375 0.3640625 0.075 0.025
27 0.30625 0.3640625 0.0125 0.0125
3 0.2734375 0.3640625 0.0359375 0.0109375
19 0.2828125 0.415625 0.1046875 0.04375
3 0.26875 0.415625 0.05625 0.015625
27 0.315625 0.4140625 0.01875 0.01875
19 0.2828125 0.4796875 0.1234375 0.053125
27 0.325 0.4796875 0.0203125 0.021875
3 0.2671875 0.4796875 0.0734375 0.015625
19 0.2828125 0.528125 0.071875 0.0125
27 0.309375 0.528125 0.00625 0.0078125
3 0.278125 0.528125 0.04375 0.0078125
19 0.2828125 0.559375 0.075 0.01875
27 0.3109375 0.559375 0.009375 0.009375
3 0.278125 0.5609375 0.04375 0.0109375
19 0.284375 0.5984375 0.0734375 0.025
27 0.30625 0.5984375 0.0125 0.0125
3 0.2734375 0.5984375 0.0359375 0.009375
19 0.2828125 0.6484375 0.103125 0.04375
27 0.315625 0.6484375 0.01875 0.01875
3 0.26875 0.6484375 0.05625 0.0140625
19 0.284375 0.7046875 0.125 0.0390625
27 0.325 0.7125 0.021875 0.021875
3 0.2671875 0.7125 0.0734375 0.015625
19 0.15 0.29375 0.078125 0.0125
3 0.159375 0.29375 0.04375 0.009375
27 0.125 0.29375 0.0125 0.0125
19 0.15 0.3265625 0.078125 0.01875
3 0.1578125 0.3265625 0.0453125 0.0109375
27 0.1234375 0.3265625 0.0125 0.0125
19 0.15 0.3640625 0.0703125 0.025
3 0.1578125 0.3640625 0.0359375 0.0109375
27 0.128125 0.3640625 0.0125 0.0125
19 0.15 0.4140625 0.090625 0.0421875
3 0.1578125 0.415625 0.05625 0.0140625
27 0.11875 0.4140625 0.0125 0.0125
19 0.15 0.478125 0.1078125 0.0515625
3 0.159375 0.4796875 0.0734375 0.015625
27 0.109375 0.478125 0.0125 0.0125
19 0.15 0.528125 0.078125 0.0125
3 0.1578125 0.528125 0.04375 0.0078125
27 0.125 0.528125 0.0125 0.0109375
19 0.15 0.559375 0.078125 0.01875
3 0.1578125 0.5609375 0.04375 0.009375
27 0.125 0.559375 0.0125 0.0125
19 0.15 0.5984375 0.0703125 0.025
3 0.1578125 0.5984375 0.0359375 0.0109375
27 0.128125 0.5984375 0.0125 0.0125
19 0.15 0.6484375 0.090625 0.0421875
3 0.159375 0.6484375 0.05625 0.0125
27 0.11875 0.6484375 0.0125 0.0125
19 0.1515625 0.7046875 0.109375 0.0390625
3 0.159375 0.7140625 0.0734375 0.015625
27 0.109375 0.7125 0.0125 0.0125
19 0.040625 0.7046875 0.0796875 0.0390625
27 0.059375 0.7125 0.021875 0.021875
3 0.0203125 0.7125 0.0390625 0.015625
19 0.0359375 0.6484375 0.0703125 0.04375
27 0.05 0.6484375 0.01875 0.01875
3 0.015625 0.6484375 0.03125 0.0140625
19 0.028125 0.5984375 0.0546875 0.025
27 0.040625 0.5984375 0.0125 0.0125
3 0.0140625 0.5984375 0.0265625 0.009375
19 0.028125 0.559375 0.05625 0.01875
27 0.0453125 0.559375 0.009375 0.009375
3 0.0171875 0.559375 0.034375 0.0109375
19 0.0265625 0.528125 0.053125 0.0125
27 0.04375 0.528125 0.00625 0.00625
3 0.0171875 0.528125 0.034375 0.0078125
19 0.040625 0.478125 0.0796875 0.053125
27 0.059375 0.478125 0.0203125 0.021875
3 0.0203125 0.4796875 0.0390625 0.015625
19 0.0359375 0.4140625 0.0703125 0.0421875
27 0.05 0.4140625 0.01875 0.01875
3 0.015625 0.4140625 0.03125 0.0140625
19 0.028125 0.3640625 0.0546875 0.025
27 0.040625 0.3640625 0.0125 0.0125
3 0.0140625 0.3640625 0.0265625 0.0109375
19 0.028125 0.325 0.05625 0.01875
27 0.0453125 0.3265625 0.009375 0.009375
3 0.0171875 0.325 0.034375 0.0125
19 0.0265625 0.29375 0.053125 0.0125
27 0.04375 0.29375 0.00625 0.00625