19 0.053125 0.70625 0.0625 0.01875
3 0.053125 0.70625 0.0484375 0.009375
19 0.3125 0.70625 0.0796875 0.0203125
3 0.3046875 0.70625 0.05 0.009375
19 0.9703125 0.70625 0.0578125 0.0203125
3 0.9796875 0.70625 0.0390625 0.0109375
19 0.178125 0.70625 0.0765625 0.0203125
3 0.184375 0.70625 0.05 0.009375
19 0.5875 0.70625 0.0640625 0.0203125
3 0.5875 0.70625 0.0484375 0.0109375
19 0.453125 0.70625 0.0921875 0.01875
3 0.453125 0.70625 0.0484375 0.0109375
19 0.7125 0.70625 0.078125 0.0203125
3 0.71875 0.70625 0.0484375 0.0109375
19 0.846875 0.70625 0.0796875 0.0203125
3 0.8390625 0.70625 0.05 0.009375
19 0.178125 0.615625 0.1046875 0.04375
3 0.1921875 0.6171875 0.0625 0.0140625
19 0.053125 0.6171875 0.075 0.04375
3 0.053125 0.615625 0.0609375 0.0140625
19 0.9640625 0.6171875 0.071875 0.0453125
3 0.9796875 0.6171875 0.0390625 0.0140625
19 0.7140625 0.6171875 0.10625 0.0453125
3 0.7265625 0.6171875 0.0625 0.0140625
19 0.4546875 0.615625 0.121875 0.0453125
3 0.459375 0.615625 0.0625 0.0140625
19 0.9703125 0.6671875 0.0578125 0.0265625
3 0.984375 0.6671875 0.03125 0.0109375
19 0.3125 0.6671875 0.0703125 0.0265625
3 0.3046875 0.6671875 0.0421875 0.0109375
19 0.846875 0.6171875 0.09375 0.0453125
3 0.8390625 0.615625 0.0609375 0.0140625
19 0.178125 0.6671875 0.075 0.0265625
3 0.1875 0.6671875 0.040625 0.0109375
19 0.3125 0.615625 0.0921875 0.04375
3 0.303125 0.615625 0.059375 0.0140625
19 0.9703125 0.4703125 0.059375 0.0203125
3 0.9796875 0.471875 0.040625 0.009375
19 0.5875 0.615625 0.0765625 0.0453125
3 0.5875 0.615625 0.0609375 0.0140625
19 0.846875 0.6671875 0.071875 0.0265625
3 0.840625 0.6671875 0.04375 0.0109375
19 0.453125 0.6671875 0.090625 0.0265625
3 0.45625 0.6671875 0.040625 0.0109375
19 0.5890625 0.6671875 0.05625 0.0265625
3 0.5875 0.6671875 0.0421875 0.0109375
19 0.7125 0.6671875 0.0765625 0.0265625
3 0.721875 0.6671875 0.0421875 0.0109375
19 0.5890625 0.4703125 0.0640625 0.0203125
3 0.5875 0.4703125 0.0484375 0.0109375
19 0.3125 0.4703125 0.0796875 0.0203125
3 0.3046875 0.4703125 0.0484375 0.009375
19 0.178125 0.4703125 0.0765625 0.0203125
3 0.184375 0.4703125 0.0484375 0.009375
19 0.846875 0.4703125 0.08125 0.0203125
3 0.8390625 0.4703125 0.0484375 0.009375
19 0.453125 0.4703125 0.0921875 0.0203125
3 0.4515625 0.4703125 0.0484375 0.009375
19 0.7125 0.4703125 0.0765625 0.0203125
3 0.71875 0.4703125 0.0484375 0.009375
19 0.053125 0.6671875 0.05625 0.0265625
3 0.053125 0.6671875 0.0421875 0.0109375
19 0.0515625 0.4703125 0.0640625 0.0203125
3 0.0515625 0.4703125 0.0484375 0.009375
19 0.053125 0.38125 0.0765625 0.0453125
3 0.053125 0.38125 0.0609375 0.0140625
19 0.3125 0.503125 0.0796875 0.0140625
3 0.303125 0.503125 0.05 0.0078125
19 0.846875 0.503125 0.0796875 0.0140625
3 0.8390625 0.503125 0.0515625 0.0078125
19 0.178125 0.5515625 0.125 0.053125
3 0.19375 0.5515625 0.078125 0.015625
19 0.053125 0.5515625 0.09375 0.053125
3 0.0546875 0.5515625 0.078125 0.015625
19 0.178125 0.503125 0.071875 0.0140625
3 0.1828125 0.503125 0.05 0.0078125
19 0.7125 0.503125 0.0734375 0.0140625
3 0.7171875 0.503125 0.05 0.0078125
19 0.4546875 0.5515625 0.1421875 0.0546875
3 0.4609375 0.5515625 0.08125 0.015625
19 0.3125 0.5515625 0.109375 0.053125
3 0.3046875 0.55 0.075 0.015625
19 0.453125 0.503125 0.0890625 0.0140625
3 0.4515625 0.503125 0.0484375 0.0078125
19 0.5875 0.503125 0.0640625 0.0140625
3 0.5875 0.503125 0.0515625 0.0078125
19 0.5875 0.5515625 0.09375 0.0546875
3 0.5890625 0.5515625 0.0796875 0.015625
19 0.178125 0.38125 0.1046875 0.0453125
3 0.190625 0.38125 0.0609375 0.0140625
19 0.7125 0.5515625 0.1265625 0.0546875
3 0.7265625 0.5515625 0.0796875 0.0171875
19 0.3125 0.38125 0.09375 0.0453125
3 0.3046875 0.38125 0.0640625 0.0140625
19 0.5875 0.38125 0.0765625 0.04375
3 0.5875 0.38125 0.0609375 0.0140625
19 0.846875 0.5515625 0.1109375 0.0546875
3 0.8390625 0.5515625 0.0765625 0.015625
19 0.971875 0.503125 0.05625 0.0140625
3 0.9796875 0.503125 0.0390625 0.0078125
19 0.9578125 0.5515625 0.0828125 0.0546875
3 0.978125 0.5515625 0.0421875 0.015625
19 0.053125 0.503125 0.0640625 0.0140625
3 0.053125 0.503125 0.05 0.0078125
19 0.4546875 0.38125 0.1203125 0.0453125
3 0.459375 0.38125 0.0625 0.0140625
19 0.9640625 0.3828125 0.071875 0.0453125
3 0.98125 0.38125 0.0375 0.0140625
19 0.846875 0.38125 0.0921875 0.0453125
3 0.840625 0.38125 0.0625 0.0140625
19 0.053125 0.3171875 0.0953125 0.0546875
3 0.0546875 0.3171875 0.078125 0.015625
19 0.7140625 0.38125 0.10625 0.0453125
3 0.7265625 0.38125 0.0625 0.0140625
19 0.8484375 0.43125 0.071875 0.0265625
3 0.8390625 0.4328125 0.040625 0.0109375
19 0.178125 0.4328125 0.075 0.0265625
3 0.1875 0.4328125 0.040625 0.0109375
19 0.3125 0.3171875 0.1109375 0.0546875
3 0.3046875 0.3171875 0.08125 0.015625
19 0.453125 0.4328125 0.0921875 0.0265625
3 0.4546875 0.4328125 0.0390625 0.0109375
19 0.7125 0.4328125 0.0765625 0.0265625
3 0.721875 0.4328125 0.040625 0.0109375
19 0.1796875 0.3171875 0.1265625 0.0546875
3 0.19375 0.3171875 0.08125 0.015625
19 0.9703125 0.4328125 0.0578125 0.028125
3 0.984375 0.4328125 0.03125 0.0109375
19 0.3125 0.4328125 0.071875 0.0265625
3 0.3046875 0.4328125 0.040625 0.0109375
19 0.5875 0.4328125 0.05625 0.0265625
3 0.5875 0.4328125 0.040625 0.0109375
19 0.053125 0.4328125 0.05625 0.0265625
3 0.0515625 0.4328125 0.0421875 0.0109375
19 0.846875 0.3171875 0.1109375 0.0546875
3 0.8390625 0.3171875 0.078125 0.015625
19 0.5875 0.3171875 0.09375 0.0546875
3 0.5875 0.3171875 0.0796875 0.015625
19 0.9578125 0.3171875 0.0828125 0.0546875
3 0.9765625 0.3171875 0.0453125 0.015625
19 0.453125 0.3171875 0.1421875 0.0546875
3 0.4609375 0.3171875 0.078125 0.0171875
19 0.7140625 0.3171875 0.1265625 0.0546875
3 0.728125 0.315625 0.075 0.0140625
27 0.1515625 0.7046875 0.009375 0.009375
27 0.15625 0.6671875 0.0140625 0.0140625
27 0.1453125 0.615625 0.0203125 0.0203125
27 0.1375 0.5515625 0.021875 0.021875
27 0.1515625 0.503125 0.0078125 0.0078125
27 0.1515625 0.4703125 0.009375 0.009375
27 0.15625 0.43125 0.0140625 0.0140625
27 0.1453125 0.38125 0.0203125 0.0203125
27 0.1375 0.3171875 0.0234375 0.021875
27 0.353125 0.3171875 0.0125 0.0125
27 0.3453125 0.38125 0.0125 0.0140625
27 0.334375 0.4328125 0.0125 0.0125
27 0.3390625 0.4703125 0.0125 0.0125
27 0.3390625 0.503125 0.0109375 0.0109375
27 0.353125 0.5515625 0.0125 0.0140625
27 0.3453125 0.615625 0.0140625 0.0125
27 0.334375 0.6671875 0.0125 0.0125
27 0.3390625 0.70625 0.0125 0.0140625
27 0.41875 0.7046875 0.009375 0.009375
27 0.4859375 0.70625 0.0125 0.0125
27 0.421875 0.6671875 0.0140625 0.0140625
27 0.4859375 0.6671875 0.0125 0.0125
27 0.4140625 0.615625 0.0203125 0.0203125
27 0.5015625 0.615625 0.0125 0.0125
27 0.4046875 0.5515625 0.021875 0.0234375
27 0.5109375 0.5515625 0.0125 0.0125
27 0.41875 0.503125 0.00625 0.0078125
27 0.484375 0.503125 0.0125 0.0109375
27 0.4859375 0.4703125 0.0125 0.0125
27 0.41875 0.4703125 0.009375 0.009375
27 0.421875 0.43125 0.0125 0.0125
27 0.4859375 0.4328125 0.0125 0.0125
27 0.4125 0.38125 0.0203125 0.0203125
27 0.5 0.38125 0.0125 0.0125
27 0.4046875 0.3171875 0.0234375 0.021875
27 0.5109375 0.3171875 0.0109375 0.0125
27 0.6859375 0.70625 0.009375 0.009375
27 0.690625 0.6671875 0.0140625 0.0140625
27 0.6796875 0.615625 0.0203125 0.0203125
27 0.671875 0.5515625 0.0234375 0.025
27 0.6859375 0.503125 0.00625 0.0078125
27 0.6859375 0.4703125 0.009375 0.0109375
27 0.690625 0.43125 0.0140625 0.0140625
27 0.6796875 0.38125 0.0203125 0.0203125
27 0.671875 0.3171875 0.021875 0.021875
27 0.8875 0.3171875 0.0125 0.0125
27 0.8796875 0.38125 0.0125 0.0140625
27 0.8703125 0.43125 0.0125 0.0125
27 0.8734375 0.4703125 0.0125 0.0125
27 0.8734375 0.503125 0.0109375 0.0109375
27 0.8875 0.5515625 0.0125 0.0125
27 0.8796875 0.615625 0.0125 0.0125
27 0.8703125 0.6671875 0.0125 0.0125
27 0.8734375 0.70625 0.0125 0.0125
27 0.953125 0.70625 0.0109375 0.009375
27 0.9578125 0.6671875 0.0125 0.0140625
27 0.9484375 0.615625 0.0203125 0.0203125
27 0.9390625 0.5515625 0.0234375 0.025
27 0.9546875 0.503125 0.00625 0.0078125
27 0.953125 0.4703125 0.009375 0.0078125
27 0.9578125 0.43125 0.0140625 0.0125
27 0.9484375 0.38125 0.0203125 0.0203125
27 0.9390625 0.3171875 0.021875 0.021875