18 0.0359375 0.2015625 0.0484375 0.0484375
18 0.565625 0.2015625 0.05625 0.05625
18 0.0359375 0.35625 0.0484375 0.046875
18 0.5671875 0.3546875 0.0515625 0.053125
18 0.0359375 0.50625 0.0515625 0.05
18 0.565625 0.5046875 0.0515625 0.0546875
18 0.5671875 0.659375 0.0515625 0.05
18 0.0359375 0.659375 0.059375 0.05
18 0.0359375 0.8125 0.0484375 0.0515625
18 0.5671875 0.8125 0.0484375 0.053125
3 0.034375 0.2640625 0.0515625 0.025
3 0.034375 0.415625 0.053125 0.028125
3 0.196875 0.3515625 0.2328125 0.034375
3 0.728125 0.353125 0.2296875 0.0296875
3 0.725 0.2015625 0.2203125 0.0359375
3 0.196875 0.2015625 0.225 0.0359375
3 0.034375 0.56875 0.053125 0.0265625
3 0.034375 0.721875 0.053125 0.0234375
3 0.2703125 0.8125 0.3796875 0.034375
3 0.8015625 0.8109375 0.378125 0.0359375
3 0.7984375 0.659375 0.3734375 0.0375
3 0.80625 0.50625 0.3875 0.0390625
3 0.2890625 0.50625 0.4109375 0.040625