25 0.4 0.925 0.0390625 0.1484375
25 0.4515625 0.925 0.040625 0.1484375
25 0.5046875 0.925 0.040625 0.1484375
25 0.5578125 0.925 0.040625 0.1484375
25 0.6109375 0.925 0.040625 0.1484375
25 0.6109375 0.7625 0.040625 0.1609375
25 0.5578125 0.7609375 0.040625 0.1609375
25 0.50625 0.7609375 0.0421875 0.1609375
25 0.4515625 0.7609375 0.040625 0.1609375
25 0.4 0.7609375 0.0390625 0.1609375
25 0.4 0.5921875 0.0390625 0.1609375
25 0.4515625 0.5921875 0.0390625 0.1609375
25 0.5046875 0.5921875 0.0390625 0.1609375
25 0.5578125 0.5921875 0.0390625 0.1609375
25 0.6109375 0.5921875 0.040625 0.1609375
25 0.3953125 0.3921875 0.0296875 0.1609375
25 0.446875 0.3921875 0.03125 0.1609375
25 0.5 0.3921875 0.03125 0.1609375
25 0.553125 0.3921875 0.03125 0.1609375
25 0.60625 0.3921875 0.03125 0.1609375
25 0.3953125 0.221875 0.0296875 0.1609375
25 0.446875 0.221875 0.03125 0.1609375
25 0.5 0.221875 0.03125 0.1609375
25 0.553125 0.221875 0.03125 0.1609375
25 0.60625 0.221875 0.03125 0.1609375
25 0.60625 0.0671875 0.03125 0.1328125
25 0.553125 0.0671875 0.0296875 0.1328125
25 0.5 0.0671875 0.0328125 0.1328125
25 0.446875 0.0671875 0.03125 0.1328125
25 0.3953125 0.0671875 0.0296875 0.1328125