25 0.0875 0.3984375 0.140625 0.025
25 0.2375 0.3984375 0.1421875 0.0265625
25 0.3859375 0.3984375 0.140625 0.025
25 0.5609375 0.3953125 0.140625 0.01875
25 0.7109375 0.3953125 0.140625 0.01875
25 0.859375 0.39375 0.140625 0.01875
25 0.0875 0.44375 0.140625 0.0265625
25 0.2375 0.44375 0.140625 0.0265625
25 0.0875 0.490625 0.140625 0.0265625
25 0.2359375 0.490625 0.1421875 0.0265625
25 0.0875 0.5375 0.140625 0.0265625
25 0.2359375 0.5375 0.140625 0.0265625
25 0.3859375 0.5359375 0.140625 0.0265625
25 0.0875 0.5828125 0.1421875 0.0265625
25 0.2375 0.5828125 0.1421875 0.028125
25 0.3859375 0.584375 0.1421875 0.028125
25 0.3859375 0.44375 0.140625 0.0265625
25 0.3859375 0.490625 0.140625 0.0265625
25 0.5609375 0.440625 0.140625 0.0203125
25 0.5609375 0.4875 0.1421875 0.0203125
25 0.5609375 0.5328125 0.140625 0.0203125
25 0.5609375 0.5796875 0.140625 0.0203125
25 0.7109375 0.440625 0.1421875 0.0203125
25 0.7109375 0.4875 0.140625 0.0203125
25 0.7109375 0.5328125 0.140625 0.0203125
25 0.7109375 0.5796875 0.1421875 0.0203125
25 0.859375 0.440625 0.140625 0.0203125
25 0.859375 0.4875 0.140625 0.01875
25 0.859375 0.534375 0.140625 0.0203125
25 0.859375 0.5796875 0.140625 0.0203125