25 0.3921875 0.0859375 0.0265625 0.1484375
25 0.3921875 0.2421875 0.028125 0.15
25 0.3921875 0.4 0.0265625 0.1484375
25 0.3890625 0.584375 0.01875 0.1484375
25 0.3890625 0.7421875 0.0203125 0.1484375
25 0.3890625 0.9 0.0203125 0.1484375
25 0.440625 0.0859375 0.028125 0.1484375
25 0.440625 0.2421875 0.028125 0.1484375
25 0.4890625 0.0859375 0.028125 0.1484375
25 0.4890625 0.2421875 0.028125 0.15
25 0.5390625 0.0859375 0.028125 0.1484375
25 0.5390625 0.2421875 0.028125 0.1484375
25 0.5390625 0.4 0.028125 0.1484375
25 0.5875 0.0859375 0.028125 0.15
25 0.5875 0.2421875 0.028125 0.15
25 0.5890625 0.4 0.028125 0.15
25 0.440625 0.4 0.028125 0.1484375
25 0.4890625 0.4 0.028125 0.1484375
25 0.4375 0.584375 0.021875 0.1484375
25 0.4859375 0.584375 0.0203125 0.15
25 0.534375 0.584375 0.021875 0.1484375
25 0.584375 0.584375 0.0203125 0.1484375
25 0.4375 0.7421875 0.021875 0.15
25 0.4859375 0.7421875 0.0203125 0.1484375
25 0.5359375 0.7421875 0.021875 0.1484375
25 0.584375 0.7421875 0.021875 0.15
25 0.4375 0.9 0.0203125 0.1484375
25 0.4859375 0.9 0.0203125 0.1484375
25 0.5359375 0.9 0.0203125 0.1484375
25 0.584375 0.9 0.021875 0.1484375