25 0.0875 0.621875 0.153125 0.0375
25 0.0875 0.571875 0.153125 0.0375
25 0.0875 0.521875 0.153125 0.0375
25 0.0875 0.471875 0.153125 0.0375
25 0.0875 0.4203125 0.153125 0.0375
25 0.2484375 0.6203125 0.153125 0.0390625
25 0.2484375 0.571875 0.153125 0.0375
25 0.2484375 0.521875 0.153125 0.0375
25 0.2484375 0.471875 0.153125 0.0359375
25 0.2484375 0.4203125 0.153125 0.0375
25 0.409375 0.621875 0.153125 0.0375
25 0.409375 0.571875 0.1515625 0.0375
25 0.409375 0.5203125 0.153125 0.0375
25 0.409375 0.471875 0.153125 0.0375
25 0.409375 0.4203125 0.153125 0.0375
25 0.5984375 0.625 0.1515625 0.028125
25 0.5984375 0.575 0.153125 0.0296875
25 0.759375 0.625 0.1515625 0.028125
25 0.9203125 0.625 0.153125 0.0296875
25 0.759375 0.575 0.153125 0.028125
25 0.9203125 0.575 0.1515625 0.0296875
25 0.5984375 0.525 0.153125 0.028125
25 0.759375 0.525 0.1515625 0.028125
25 0.9203125 0.525 0.153125 0.0296875
25 0.5984375 0.475 0.153125 0.028125
25 0.759375 0.475 0.1515625 0.028125
25 0.5984375 0.425 0.1515625 0.0296875
25 0.759375 0.425 0.1515625 0.028125
25 0.9203125 0.425 0.1515625 0.0296875
25 0.9203125 0.475 0.153125 0.028125