25 0.9125 0.3921875 0.14375 0.0265625
25 0.759375 0.3921875 0.1453125 0.0265625
25 0.60625 0.3921875 0.1453125 0.0265625
25 0.425 0.3890625 0.1453125 0.01875
25 0.271875 0.3890625 0.14375 0.01875
25 0.1203125 0.3890625 0.1453125 0.01875
25 0.9125 0.4390625 0.14375 0.028125
25 0.759375 0.4390625 0.1453125 0.028125
25 0.9109375 0.4859375 0.1453125 0.0265625
25 0.759375 0.4859375 0.1453125 0.028125
25 0.9109375 0.534375 0.1453125 0.0265625
25 0.759375 0.534375 0.1453125 0.028125
25 0.60625 0.534375 0.1453125 0.0265625
25 0.9109375 0.5828125 0.1453125 0.0265625
25 0.759375 0.5828125 0.1453125 0.028125
25 0.60625 0.5828125 0.1453125 0.028125
25 0.60625 0.4390625 0.1453125 0.0265625
25 0.60625 0.4859375 0.1453125 0.0265625
25 0.425 0.4359375 0.1453125 0.0203125
25 0.425 0.4828125 0.1453125 0.0203125
25 0.425 0.53125 0.1453125 0.0203125
25 0.425 0.578125 0.1453125 0.0203125
25 0.271875 0.4359375 0.1453125 0.0203125
25 0.271875 0.4828125 0.1453125 0.0203125
25 0.2734375 0.53125 0.1453125 0.0203125
25 0.2734375 0.578125 0.1453125 0.0203125
25 0.1203125 0.4359375 0.1453125 0.0203125
25 0.1203125 0.4828125 0.1453125 0.0203125
25 0.1203125 0.53125 0.1453125 0.0203125
25 0.1203125 0.5796875 0.1453125 0.0203125