29 0.2953125 0.0671875 0.0390625 0.1328125
29 0.346875 0.0671875 0.0390625 0.1328125
29 0.2953125 0.221875 0.040625 0.159375
29 0.29375 0.3890625 0.0390625 0.1609375
29 0.346875 0.3890625 0.0390625 0.1609375
29 0.346875 0.2203125 0.0390625 0.1609375
29 0.4 0.065625 0.040625 0.13125
29 0.4 0.221875 0.040625 0.159375
29 0.4 0.3890625 0.0390625 0.1578125
29 0.4515625 0.0671875 0.040625 0.134375
29 0.4515625 0.221875 0.040625 0.159375
29 0.4515625 0.3890625 0.0390625 0.159375
29 0.503125 0.0671875 0.0375 0.1328125
29 0.5046875 0.221875 0.040625 0.159375
29 0.5046875 0.3890625 0.040625 0.159375
29 0.55625 0.0671875 0.0390625 0.1328125
29 0.55625 0.221875 0.0390625 0.159375
29 0.5578125 0.3890625 0.040625 0.159375
29 0.609375 0.3890625 0.0390625 0.159375
29 0.6109375 0.221875 0.0390625 0.1578125
29 0.609375 0.0671875 0.0390625 0.1328125
29 0.6609375 0.0671875 0.0375 0.1328125
29 0.6625 0.2203125 0.040625 0.159375
29 0.6625 0.3890625 0.040625 0.1578125
29 0.7125 0.0671875 0.0390625 0.1328125
29 0.7140625 0.221875 0.0390625 0.159375
29 0.7140625 0.3890625 0.0390625 0.159375
29 0.290625 0.5875 0.028125 0.1609375
29 0.290625 0.7546875 0.0296875 0.159375
29 0.290625 0.921875 0.0296875 0.15625
29 0.3421875 0.5875 0.0296875 0.159375
29 0.3421875 0.7546875 0.03125 0.159375
29 0.3421875 0.921875 0.03125 0.15625
29 0.3953125 0.5875 0.0296875 0.1609375
29 0.3953125 0.7546875 0.03125 0.159375
29 0.3953125 0.921875 0.03125 0.15625
29 0.446875 0.5875 0.0296875 0.159375
29 0.446875 0.7546875 0.0296875 0.1609375
29 0.4484375 0.9203125 0.0296875 0.1578125
29 0.5 0.5875 0.0296875 0.1609375
29 0.5 0.7546875 0.028125 0.159375
29 0.5 0.9203125 0.0296875 0.1578125
29 0.5515625 0.5859375 0.028125 0.159375
29 0.5515625 0.7546875 0.03125 0.1609375
29 0.5515625 0.921875 0.0296875 0.15625
29 0.6046875 0.5875 0.0296875 0.159375
29 0.6046875 0.7546875 0.0296875 0.159375
29 0.6046875 0.921875 0.0296875 0.15625
29 0.65625 0.5875 0.028125 0.1609375
29 0.65625 0.7546875 0.0296875 0.159375
29 0.65625 0.921875 0.0296875 0.15625
29 0.709375 0.5859375 0.028125 0.159375
29 0.709375 0.7546875 0.0296875 0.159375
29 0.709375 0.9203125 0.0296875 0.1578125