29 0.0890625 0.309375 0.14375 0.0359375
29 0.0890625 0.35625 0.1453125 0.0359375
29 0.0890625 0.4046875 0.14375 0.0375
29 0.0890625 0.4515625 0.1453125 0.0359375
29 0.0890625 0.4984375 0.14375 0.0359375
29 0.0890625 0.5453125 0.14375 0.0375
29 0.0890625 0.59375 0.14375 0.0359375
29 0.0890625 0.640625 0.1453125 0.0359375
29 0.0890625 0.6875 0.1453125 0.0359375
29 0.240625 0.3109375 0.1453125 0.0359375
29 0.240625 0.35625 0.1453125 0.0359375
29 0.240625 0.4046875 0.1453125 0.0359375
29 0.240625 0.45 0.14375 0.0375
29 0.240625 0.4984375 0.14375 0.034375
29 0.240625 0.5453125 0.1453125 0.0359375
29 0.240625 0.59375 0.14375 0.0359375
29 0.240625 0.640625 0.14375 0.0359375
29 0.240625 0.6875 0.1453125 0.0375
29 0.3921875 0.309375 0.14375 0.034375
29 0.3921875 0.35625 0.14375 0.0359375
29 0.39375 0.4046875 0.14375 0.0375
29 0.3921875 0.4515625 0.1453125 0.0375
29 0.3921875 0.4984375 0.1453125 0.0359375
29 0.3921875 0.5453125 0.1453125 0.0359375
29 0.39375 0.59375 0.14375 0.0359375
29 0.3921875 0.640625 0.1453125 0.0359375
29 0.3921875 0.6890625 0.1453125 0.0359375
29 0.571875 0.3046875 0.14375 0.028125
29 0.7234375 0.30625 0.1453125 0.028125
29 0.875 0.30625 0.14375 0.0265625
29 0.571875 0.353125 0.14375 0.028125
29 0.7234375 0.3515625 0.1453125 0.0296875
29 0.875 0.353125 0.14375 0.0296875
29 0.5703125 0.4 0.1453125 0.028125
29 0.7234375 0.4 0.14375 0.028125
29 0.875 0.4 0.14375 0.028125
29 0.571875 0.446875 0.1453125 0.028125
29 0.7234375 0.446875 0.14375 0.028125
29 0.875 0.446875 0.14375 0.028125
29 0.571875 0.49375 0.14375 0.028125
29 0.7234375 0.4953125 0.1453125 0.0265625
29 0.875 0.49375 0.1453125 0.0296875
29 0.571875 0.5421875 0.1453125 0.0265625
29 0.7234375 0.5421875 0.1453125 0.0265625
29 0.875 0.5421875 0.1453125 0.028125
29 0.571875 0.5890625 0.14375 0.028125
29 0.7234375 0.5890625 0.14375 0.028125
29 0.875 0.5890625 0.14375 0.0265625
29 0.571875 0.6359375 0.1453125 0.028125
29 0.7234375 0.6359375 0.14375 0.028125
29 0.875 0.6359375 0.14375 0.028125
29 0.571875 0.6828125 0.14375 0.028125
29 0.7234375 0.684375 0.1453125 0.0296875
29 0.875 0.684375 0.14375 0.0296875