29 0.3 0.065625 0.0390625 0.1296875
29 0.3484375 0.065625 0.0390625 0.1296875
29 0.4 0.065625 0.040625 0.1296875
29 0.4515625 0.065625 0.0375 0.1296875
29 0.5015625 0.065625 0.0390625 0.1296875
29 0.5515625 0.065625 0.040625 0.1296875
29 0.603125 0.065625 0.0390625 0.1296875
29 0.6546875 0.065625 0.0375 0.1296875
29 0.7046875 0.065625 0.0390625 0.1296875
29 0.3 0.215625 0.0390625 0.15625
29 0.35 0.215625 0.0375 0.1546875
29 0.4 0.215625 0.0390625 0.1546875
29 0.45 0.215625 0.0390625 0.1546875
29 0.5015625 0.215625 0.0375 0.1546875
29 0.553125 0.215625 0.0390625 0.1546875
29 0.603125 0.215625 0.0390625 0.1546875
29 0.6546875 0.215625 0.0375 0.1546875
29 0.7046875 0.215625 0.0390625 0.15625
29 0.2984375 0.378125 0.0375 0.1546875
29 0.35 0.378125 0.0375 0.1546875
29 0.4 0.3796875 0.0390625 0.1546875
29 0.4515625 0.378125 0.0390625 0.1546875
29 0.5015625 0.378125 0.0390625 0.1546875
29 0.553125 0.378125 0.0390625 0.15625
29 0.603125 0.3796875 0.0390625 0.1546875
29 0.6546875 0.378125 0.0375 0.15625
29 0.70625 0.378125 0.0390625 0.1546875
29 0.2953125 0.5703125 0.0296875 0.1546875
29 0.2953125 0.7328125 0.0296875 0.1546875
29 0.2953125 0.896875 0.028125 0.1546875
29 0.3453125 0.5703125 0.0296875 0.1546875
29 0.3453125 0.7328125 0.03125 0.1546875
29 0.3453125 0.896875 0.03125 0.1546875
29 0.396875 0.5703125 0.0296875 0.15625
29 0.3953125 0.7328125 0.0296875 0.1546875
29 0.3953125 0.8953125 0.0296875 0.1546875
29 0.446875 0.5703125 0.0296875 0.1546875
29 0.446875 0.7328125 0.0296875 0.1546875
29 0.446875 0.896875 0.0296875 0.1546875
29 0.496875 0.5703125 0.0296875 0.1546875
29 0.4984375 0.7328125 0.0296875 0.1546875
29 0.496875 0.8953125 0.03125 0.15625
29 0.5484375 0.5703125 0.0296875 0.1546875
29 0.5484375 0.7328125 0.0296875 0.15625
29 0.5484375 0.896875 0.0296875 0.1546875
29 0.6 0.5703125 0.0296875 0.1546875
29 0.6 0.7328125 0.0296875 0.1546875
29 0.6 0.896875 0.0296875 0.1546875
29 0.65 0.5703125 0.0296875 0.15625
29 0.65 0.7328125 0.0296875 0.1546875
29 0.65 0.8953125 0.03125 0.1546875
29 0.7 0.5703125 0.03125 0.1546875
29 0.7 0.7328125 0.03125 0.15625
29 0.7 0.8953125 0.03125 0.1546875