29 0.3015625 0.89375 0.0375 0.1484375
29 0.35 0.89375 0.0375 0.15
29 0.3015625 0.7359375 0.0375 0.15
29 0.3015625 0.5796875 0.0375 0.15
29 0.35 0.5796875 0.0359375 0.1515625
29 0.35 0.7375 0.0375 0.15
29 0.4 0.89375 0.0375 0.1484375
29 0.4 0.7359375 0.0375 0.15
29 0.3984375 0.5796875 0.0375 0.1484375
29 0.4484375 0.89375 0.0375 0.15
29 0.4484375 0.7359375 0.0375 0.15
29 0.4484375 0.5796875 0.0375 0.1484375
29 0.496875 0.89375 0.034375 0.1484375
29 0.496875 0.7359375 0.0375 0.1484375
29 0.496875 0.5796875 0.0375 0.1484375
29 0.5453125 0.89375 0.0359375 0.15
29 0.546875 0.7359375 0.0359375 0.1484375
29 0.546875 0.5796875 0.0375 0.15
29 0.5953125 0.5796875 0.0359375 0.15
29 0.596875 0.7359375 0.0375 0.1484375
29 0.5953125 0.89375 0.0359375 0.1484375
29 0.64375 0.89375 0.0359375 0.15
29 0.64375 0.7375 0.0375 0.15
29 0.6453125 0.5796875 0.0375 0.1484375
29 0.6921875 0.89375 0.0359375 0.1484375
29 0.6921875 0.7359375 0.0359375 0.15
29 0.69375 0.5796875 0.0359375 0.1484375
29 0.296875 0.39375 0.0265625 0.15
29 0.296875 0.2375 0.028125 0.15
29 0.296875 0.0796875 0.028125 0.15
29 0.3453125 0.39375 0.028125 0.1484375
29 0.346875 0.2375 0.028125 0.15
29 0.3453125 0.0796875 0.028125 0.15
29 0.3953125 0.3953125 0.028125 0.1515625
29 0.39375 0.2375 0.028125 0.15
29 0.3953125 0.08125 0.028125 0.1484375
29 0.44375 0.39375 0.028125 0.1484375
29 0.44375 0.2375 0.028125 0.15
29 0.4453125 0.08125 0.028125 0.15
29 0.4921875 0.3953125 0.028125 0.15
29 0.4921875 0.2375 0.0265625 0.15
29 0.49375 0.08125 0.028125 0.15
29 0.5421875 0.3953125 0.0265625 0.1484375
29 0.5421875 0.2375 0.028125 0.15
29 0.5421875 0.0796875 0.028125 0.15
29 0.590625 0.39375 0.028125 0.15
29 0.590625 0.2375 0.028125 0.1484375
29 0.590625 0.08125 0.028125 0.15
29 0.640625 0.3953125 0.0265625 0.15
29 0.640625 0.2375 0.028125 0.15
29 0.6390625 0.0796875 0.028125 0.15
29 0.6890625 0.3953125 0.0265625 0.15
29 0.6890625 0.2375 0.028125 0.15
29 0.6890625 0.08125 0.028125 0.15