29 0.10625 0.3078125 0.14375 0.025
29 0.2578125 0.3078125 0.14375 0.0265625
29 0.10625 0.3546875 0.14375 0.0265625
29 0.10625 0.4015625 0.14375 0.028125
29 0.2578125 0.4015625 0.14375 0.0265625
29 0.2578125 0.3546875 0.14375 0.028125
29 0.10625 0.4484375 0.14375 0.0265625
29 0.10625 0.496875 0.14375 0.0265625
29 0.2578125 0.45 0.14375 0.028125
29 0.2578125 0.496875 0.14375 0.028125
29 0.10625 0.54375 0.14375 0.0265625
29 0.2578125 0.54375 0.14375 0.028125
29 0.2578125 0.590625 0.14375 0.028125
29 0.10625 0.590625 0.14375 0.0265625
29 0.10625 0.6375 0.14375 0.0265625
29 0.10625 0.684375 0.14375 0.025
29 0.2578125 0.6859375 0.14375 0.028125
29 0.2578125 0.6390625 0.14375 0.028125
29 0.409375 0.3078125 0.14375 0.0265625
29 0.409375 0.3546875 0.14375 0.028125
29 0.409375 0.4015625 0.14375 0.0265625
29 0.409375 0.4484375 0.14375 0.0265625
29 0.409375 0.496875 0.14375 0.0265625
29 0.409375 0.54375 0.14375 0.0265625
29 0.409375 0.590625 0.14375 0.0265625
29 0.409375 0.6375 0.14375 0.0265625
29 0.409375 0.6859375 0.14375 0.028125
29 0.5875 0.3046875 0.1421875 0.01875
29 0.7390625 0.3046875 0.14375 0.01875
29 0.890625 0.3046875 0.14375 0.0203125
29 0.5859375 0.3515625 0.14375 0.0203125
29 0.7390625 0.3515625 0.14375 0.0203125
29 0.890625 0.3515625 0.14375 0.0203125
29 0.5875 0.3984375 0.1453125 0.0203125
29 0.7390625 0.3984375 0.14375 0.0203125
29 0.8890625 0.3984375 0.14375 0.0203125
29 0.5875 0.4453125 0.14375 0.0203125
29 0.7390625 0.4453125 0.14375 0.0203125
29 0.890625 0.4453125 0.14375 0.0203125
29 0.5875 0.49375 0.14375 0.0203125
29 0.7390625 0.49375 0.14375 0.0203125
29 0.890625 0.49375 0.14375 0.021875
29 0.5875 0.540625 0.14375 0.0203125
29 0.7390625 0.540625 0.14375 0.0203125
29 0.890625 0.540625 0.14375 0.0203125
29 0.5859375 0.5875 0.14375 0.0203125
29 0.7390625 0.5875 0.14375 0.021875
29 0.890625 0.5875 0.14375 0.0203125
29 0.5875 0.634375 0.14375 0.0203125
29 0.7390625 0.634375 0.14375 0.0203125
29 0.890625 0.634375 0.14375 0.0203125
29 0.5875 0.68125 0.14375 0.0203125
29 0.7390625 0.68125 0.14375 0.0203125
29 0.890625 0.68125 0.14375 0.021875