20 0.0546875 0.2375 0.046875 0.2375
20 0.05625 0.7359375 0.04375 0.2375
20 0.1296875 0.2375 0.0453125 0.2375
20 0.0546875 0.4875 0.0421875 0.2390625
20 0.13125 0.7359375 0.0453125 0.2375
20 0.209375 0.2375 0.0421875 0.2359375
20 0.13125 0.4875 0.0484375 0.2390625
20 0.2078125 0.7359375 0.0453125 0.2375
20 0.209375 0.4890625 0.0421875 0.2375
20 0.284375 0.2375 0.0453125 0.2375
20 0.284375 0.7359375 0.0453125 0.2390625
20 0.3609375 0.2375 0.0484375 0.2359375
20 0.4390625 0.2375 0.0453125 0.2375
20 0.2859375 0.4875 0.0453125 0.240625
20 0.4390625 0.7359375 0.046875 0.2375
20 0.6703125 0.7359375 0.0453125 0.2375
20 0.3625 0.4859375 0.046875 0.2390625
20 0.4390625 0.4875 0.046875 0.240625
20 0.6703125 0.2375 0.046875 0.2375
20 0.59375 0.4875 0.0484375 0.2390625
20 0.59375 0.7359375 0.0453125 0.2375
20 0.5921875 0.2375 0.0484375 0.2375
20 0.909375 0.2375 0.046875 0.2375
20 0.6703125 0.4859375 0.046875 0.2375
20 0.3625 0.7359375 0.05 0.2390625
20 0.9109375 0.7359375 0.0484375 0.2390625
20 0.515625 0.4875 0.046875 0.2375
20 0.746875 0.7359375 0.0453125 0.2375
20 0.746875 0.2375 0.046875 0.2375
20 0.8234375 0.7359375 0.046875 0.2390625
20 0.98125 0.2375 0.0359375 0.2375
20 0.746875 0.4859375 0.046875 0.2375
20 0.909375 0.4875 0.0484375 0.2390625
20 0.98125 0.7359375 0.0359375 0.2375
20 0.8171875 0.2375 0.034375 0.2375
20 0.81875 0.4859375 0.0359375 0.2375
20 0.515625 0.7359375 0.0484375 0.2390625
20 0.98125 0.4859375 0.0359375 0.2390625
20 0.515625 0.2375 0.05 0.2375