20 0.771875 0.028125 0.2109375 0.05625
20 0.278125 0.8984375 0.240625 0.0578125
20 0.771875 0.6609375 0.2109375 0.0578125
20 0.278125 0.028125 0.240625 0.05625
20 0.278125 0.9734375 0.240625 0.0515625
20 0.5328125 0.184375 0.240625 0.0578125
20 0.771875 0.1859375 0.2125 0.059375
20 0.771875 0.81875 0.2109375 0.0578125
20 0.5328125 0.7390625 0.240625 0.059375
20 0.2796875 0.1859375 0.240625 0.0578125
20 0.771875 0.740625 0.2109375 0.0578125
20 0.2796875 0.10625 0.240625 0.0578125
20 0.771875 0.8984375 0.2109375 0.0578125
20 0.2796875 0.2640625 0.240625 0.0578125
20 0.771875 0.9734375 0.2109375 0.0515625
20 0.278125 0.4234375 0.240625 0.0578125
20 0.5328125 0.10625 0.2421875 0.0578125
20 0.771875 0.10625 0.2109375 0.0578125
20 0.5328125 0.028125 0.240625 0.05625
20 0.2796875 0.58125 0.240625 0.0578125
20 0.771875 0.265625 0.2109375 0.0578125
20 0.5328125 0.9734375 0.2421875 0.0515625
20 0.2796875 0.6609375 0.240625 0.0578125
20 0.5328125 0.8984375 0.240625 0.0578125
20 0.278125 0.81875 0.2421875 0.0578125
20 0.771875 0.34375 0.2109375 0.05625
20 0.2796875 0.7390625 0.2421875 0.0578125
20 0.5328125 0.6609375 0.2421875 0.059375
20 0.5328125 0.81875 0.2421875 0.0671875
20 0.5328125 0.2640625 0.240625 0.0578125
20 0.771875 0.4234375 0.2109375 0.0578125
20 0.5328125 0.4234375 0.240625 0.0578125
20 0.2796875 0.5015625 0.2421875 0.0578125
20 0.5328125 0.58125 0.240625 0.059375
20 0.5328125 0.5015625 0.240625 0.0578125
20 0.5328125 0.34375 0.240625 0.0578125
20 0.771875 0.503125 0.2109375 0.0578125
20 0.771875 0.58125 0.2109375 0.059375
20 0.278125 0.34375 0.240625 0.0578125