20 0.96875 0.7421875 0.0453125 0.23125
20 0.9671875 0.2578125 0.0421875 0.2296875
20 0.8953125 0.74375 0.04375 0.2328125
20 0.96875 0.5 0.040625 0.23125
20 0.89375 0.259375 0.04375 0.2296875
20 0.8171875 0.7421875 0.040625 0.2296875
20 0.89375 0.5 0.046875 0.2328125
20 0.81875 0.2578125 0.04375 0.23125
20 0.81875 0.4984375 0.040625 0.2296875
20 0.74375 0.7421875 0.04375 0.23125
20 0.7453125 0.2578125 0.04375 0.23125
20 0.6703125 0.7421875 0.046875 0.2296875
20 0.5953125 0.74375 0.04375 0.23125
20 0.74375 0.5 0.04375 0.2328125
20 0.59375 0.2578125 0.0453125 0.23125
20 0.3703125 0.2578125 0.04375 0.2296875
20 0.66875 0.5015625 0.0453125 0.2328125
20 0.5953125 0.5 0.0453125 0.2328125
20 0.3703125 0.7421875 0.0453125 0.2328125
20 0.4453125 0.5 0.046875 0.23125
20 0.4453125 0.2578125 0.0453125 0.23125
20 0.4453125 0.7421875 0.046875 0.23125
20 0.1375 0.7421875 0.0453125 0.23125
20 0.3703125 0.5 0.0453125 0.23125
20 0.6703125 0.2578125 0.0484375 0.23125
20 0.1375 0.2578125 0.046875 0.23125
20 0.5203125 0.5 0.0453125 0.2296875
20 0.2953125 0.2578125 0.04375 0.23125
20 0.2953125 0.7421875 0.0453125 0.23125
20 0.2203125 0.2578125 0.0453125 0.23125
20 0.0625 0.7421875 0.046875 0.23125
20 0.2953125 0.5 0.0453125 0.23125
20 0.1375 0.5 0.046875 0.23125
20 0.0625 0.2578125 0.0453125 0.23125
20 0.2265625 0.7421875 0.034375 0.23125
20 0.2265625 0.5 0.034375 0.23125
20 0.5203125 0.2578125 0.046875 0.2328125
20 0.0625 0.5 0.0453125 0.2328125
20 0.5203125 0.7421875 0.0484375 0.23125