20 0.2734375 0.075 0.2171875 0.040625
20 0.7296875 0.075 0.2171875 0.040625
20 0.2734375 0.146875 0.2171875 0.040625
20 0.5015625 0.075 0.2171875 0.0390625
20 0.728125 0.1453125 0.215625 0.040625
20 0.2734375 0.5734375 0.2171875 0.040625
20 0.7296875 0.2171875 0.2171875 0.040625
20 0.7296875 0.5734375 0.2171875 0.040625
20 0.2734375 0.2171875 0.2171875 0.040625
20 0.2734375 0.5015625 0.21875 0.0421875
20 0.7296875 0.5015625 0.215625 0.040625
20 0.2734375 0.2890625 0.215625 0.040625
20 0.5015625 0.146875 0.2171875 0.040625
20 0.271875 0.715625 0.2171875 0.0421875
20 0.5015625 0.5734375 0.2171875 0.040625
20 0.7296875 0.64375 0.2171875 0.040625
20 0.5015625 0.2171875 0.2171875 0.040625
20 0.2734375 0.43125 0.2171875 0.040625
20 0.2734375 0.8578125 0.2171875 0.040625
20 0.7296875 0.359375 0.21875 0.0421875
20 0.7296875 0.2890625 0.2171875 0.040625
20 0.2734375 0.359375 0.215625 0.040625
20 0.5015625 0.2890625 0.2171875 0.040625
20 0.5015625 0.64375 0.2171875 0.040625
20 0.5015625 0.5015625 0.2171875 0.0421875
20 0.5015625 0.4296875 0.2171875 0.040625
20 0.2734375 0.7875 0.2171875 0.040625
20 0.7296875 0.8578125 0.215625 0.0390625
20 0.5015625 0.715625 0.2171875 0.0421875
20 0.7296875 0.715625 0.215625 0.0390625
20 0.7296875 0.7859375 0.2171875 0.040625
20 0.5015625 0.7859375 0.2171875 0.040625
20 0.5015625 0.8578125 0.2171875 0.0390625
20 0.5015625 0.359375 0.2171875 0.040625
20 0.2734375 0.9296875 0.2171875 0.0421875
20 0.7296875 0.928125 0.2171875 0.040625
20 0.5015625 0.928125 0.2171875 0.040625
20 0.7296875 0.4296875 0.215625 0.040625
20 0.2734375 0.64375 0.2171875 0.0421875