20 0.259375 0.0640625 0.2203125 0.04375
20 0.721875 0.065625 0.2203125 0.040625
20 0.259375 0.134375 0.221875 0.0421875
20 0.490625 0.0640625 0.221875 0.0390625
20 0.7203125 0.134375 0.21875 0.0421875
20 0.259375 0.2078125 0.21875 0.0390625
20 0.490625 0.134375 0.221875 0.04375
20 0.721875 0.20625 0.2203125 0.0421875
20 0.4921875 0.20625 0.2203125 0.0390625
20 0.259375 0.278125 0.2203125 0.0421875
20 0.721875 0.278125 0.2203125 0.0421875
20 0.259375 0.3484375 0.2203125 0.04375
20 0.259375 0.4203125 0.2203125 0.0421875
20 0.490625 0.278125 0.221875 0.0421875
20 0.7203125 0.4203125 0.2203125 0.04375
20 0.721875 0.634375 0.2203125 0.0421875
20 0.4890625 0.35 0.221875 0.04375
20 0.490625 0.4203125 0.221875 0.04375
20 0.259375 0.634375 0.221875 0.04375
20 0.490625 0.5640625 0.221875 0.04375
20 0.7203125 0.5625 0.2203125 0.0421875
20 0.259375 0.5625 0.2203125 0.0453125
20 0.259375 0.85625 0.2203125 0.04375
20 0.490625 0.634375 0.2203125 0.04375
20 0.721875 0.3484375 0.2203125 0.0453125
20 0.721875 0.8578125 0.221875 0.0453125
20 0.490625 0.4921875 0.2203125 0.04375
20 0.721875 0.70625 0.2203125 0.0421875
20 0.259375 0.70625 0.2203125 0.04375
20 0.721875 0.7765625 0.2203125 0.04375
20 0.259375 0.928125 0.2203125 0.04375
20 0.490625 0.70625 0.2203125 0.04375
20 0.490625 0.85625 0.221875 0.04375
20 0.721875 0.928125 0.2203125 0.04375
20 0.259375 0.771875 0.2203125 0.0328125
20 0.490625 0.771875 0.2203125 0.0328125
20 0.7203125 0.4921875 0.221875 0.0453125
20 0.490625 0.928125 0.221875 0.04375
20 0.259375 0.490625 0.2203125 0.0453125