20 0.05625 0.209375 0.0375 0.1984375
20 0.540625 0.209375 0.0359375 0.1984375
20 0.05625 0.70625 0.0359375 0.25
20 0.1359375 0.209375 0.0375 0.1984375
20 0.1375 0.70625 0.0375 0.2484375
20 0.2171875 0.2078125 0.0359375 0.196875
20 0.2171875 0.70625 0.034375 0.2484375
20 0.540625 0.70625 0.034375 0.2484375
20 0.378125 0.209375 0.0375 0.1984375
20 0.378125 0.70625 0.0359375 0.2484375
20 0.6203125 0.209375 0.0359375 0.1984375
20 0.621875 0.70625 0.0359375 0.25
20 0.4609375 0.70625 0.034375 0.25
20 0.871875 0.209375 0.0359375 0.1984375
20 0.7015625 0.209375 0.0359375 0.1984375
20 0.7015625 0.70625 0.0359375 0.25
20 0.8734375 0.70625 0.034375 0.2484375
20 0.7828125 0.209375 0.0328125 0.1984375
20 0.784375 0.70625 0.034375 0.25
20 0.953125 0.209375 0.034375 0.1984375
20 0.953125 0.70625 0.0375 0.25
20 0.7015625 0.4453125 0.0359375 0.2515625
20 0.8734375 0.4453125 0.0359375 0.2484375
20 0.459375 0.2078125 0.0359375 0.196875
20 0.7828125 0.4453125 0.0328125 0.25
20 0.621875 0.4453125 0.0359375 0.25
20 0.21875 0.4453125 0.0359375 0.2484375
20 0.3796875 0.4453125 0.0359375 0.2484375
20 0.3 0.209375 0.03125 0.1984375
20 0.1375 0.4453125 0.0375 0.25
20 0.2984375 0.4453125 0.0359375 0.25
20 0.953125 0.4453125 0.0359375 0.25
20 0.540625 0.4453125 0.0359375 0.25
20 0.05625 0.4453125 0.0359375 0.25
20 0.459375 0.4453125 0.034375 0.2484375
20 0.2984375 0.70625 0.0359375 0.2484375