20 0.7484375 0.065625 0.2234375 0.0453125
20 0.25625 0.065625 0.2359375 0.0453125
20 0.7484375 0.14375 0.2234375 0.0453125
20 0.5046875 0.065625 0.2390625 0.04375
20 0.25625 0.1421875 0.2359375 0.0453125
20 0.7484375 0.6125 0.225 0.0453125
20 0.25625 0.2203125 0.2359375 0.04375
20 0.25625 0.6125 0.2359375 0.04375
20 0.7484375 0.2203125 0.2234375 0.0453125
20 0.7484375 0.5328125 0.225 0.0453125
20 0.25625 0.5328125 0.234375 0.04375
20 0.7484375 0.3 0.2234375 0.0453125
20 0.5046875 0.14375 0.2390625 0.0453125
20 0.7484375 0.7671875 0.2234375 0.046875
20 0.5046875 0.6125 0.2390625 0.0453125
20 0.25625 0.6890625 0.2359375 0.0453125
20 0.5046875 0.2203125 0.2390625 0.04375
20 0.7484375 0.4546875 0.2234375 0.0453125
20 0.7484375 0.925 0.2234375 0.04375
20 0.25625 0.3765625 0.2359375 0.0453125
20 0.25625 0.3 0.2359375 0.0453125
20 0.7484375 0.3765625 0.2234375 0.04375
20 0.5046875 0.3 0.2375 0.0453125
20 0.5046875 0.690625 0.2390625 0.04375
20 0.5046875 0.534375 0.2390625 0.046875
20 0.5046875 0.4546875 0.2390625 0.0453125
20 0.7484375 0.846875 0.2234375 0.0453125
20 0.25625 0.925 0.234375 0.04375
20 0.5046875 0.76875 0.2390625 0.046875
20 0.25625 0.7671875 0.234375 0.04375
20 0.25625 0.846875 0.2359375 0.0453125
20 0.5046875 0.846875 0.2390625 0.0453125
20 0.5046875 0.925 0.2375 0.04375
20 0.5046875 0.378125 0.2390625 0.0453125
20 0.7484375 0.9890625 0.2234375 0.0203125
20 0.25625 0.990625 0.234375 0.01875
20 0.5046875 0.990625 0.2375 0.01875
20 0.25625 0.4546875 0.234375 0.0453125
20 0.7484375 0.6890625 0.225 0.046875