20 0.25 0.059375 0.221875 0.0296875
20 0.71875 0.0609375 0.2234375 0.0296875
20 0.25 0.13125 0.2234375 0.0328125
20 0.25 0.565625 0.2234375 0.0328125
20 0.7171875 0.13125 0.2234375 0.0328125
20 0.25 0.203125 0.221875 0.0328125
20 0.7171875 0.203125 0.221875 0.0328125
20 0.25 0.275 0.221875 0.03125
20 0.7171875 0.2765625 0.221875 0.03125
20 0.7171875 0.565625 0.221875 0.0296875
20 0.25 0.4203125 0.2234375 0.0328125
20 0.7171875 0.4203125 0.221875 0.03125
20 0.25 0.6359375 0.2234375 0.03125
20 0.71875 0.6375 0.2234375 0.0328125
20 0.7171875 0.4921875 0.2234375 0.03125
20 0.25 0.8609375 0.221875 0.03125
20 0.25 0.709375 0.2234375 0.03125
20 0.7171875 0.709375 0.2234375 0.03125
20 0.7171875 0.8625 0.221875 0.03125
20 0.25 0.78125 0.221875 0.028125
20 0.7171875 0.78125 0.2234375 0.03125
20 0.25 0.934375 0.221875 0.0296875
20 0.7171875 0.934375 0.2234375 0.0328125
20 0.484375 0.709375 0.225 0.0328125
20 0.484375 0.8625 0.221875 0.0328125
20 0.25 0.4921875 0.221875 0.03125
20 0.484375 0.78125 0.2234375 0.0296875
20 0.484375 0.6375 0.2234375 0.03125
20 0.484375 0.2765625 0.221875 0.03125
20 0.484375 0.4203125 0.221875 0.0328125
20 0.25 0.3484375 0.221875 0.028125
20 0.484375 0.203125 0.2234375 0.0328125
20 0.484375 0.3484375 0.2234375 0.03125
20 0.4828125 0.934375 0.2234375 0.0328125
20 0.484375 0.565625 0.2234375 0.0328125
20 0.484375 0.13125 0.2234375 0.0328125
20 0.484375 0.059375 0.2234375 0.028125
20 0.4828125 0.4921875 0.221875 0.03125
20 0.7171875 0.3484375 0.221875 0.0328125