20 0.7484375 0.94375 0.21875 0.0515625
20 0.2859375 0.1515625 0.21875 0.053125
20 0.7484375 0.36875 0.21875 0.053125
20 0.2859375 0.9453125 0.2203125 0.0515625
20 0.2859375 0.0796875 0.2203125 0.053125
20 0.5171875 0.8015625 0.21875 0.053125
20 0.7484375 0.8015625 0.2203125 0.053125
20 0.7484375 0.2234375 0.21875 0.053125
20 0.5171875 0.296875 0.21875 0.0546875
20 0.2859375 0.8 0.21875 0.0515625
20 0.7484375 0.2953125 0.21875 0.053125
20 0.2859375 0.871875 0.21875 0.0515625
20 0.7484375 0.1515625 0.21875 0.053125
20 0.2859375 0.728125 0.21875 0.053125
20 0.7484375 0.0796875 0.2203125 0.053125
20 0.2859375 0.584375 0.21875 0.053125
20 0.5171875 0.8734375 0.2203125 0.053125
20 0.7484375 0.8734375 0.2203125 0.053125
20 0.5171875 0.9453125 0.21875 0.053125
20 0.2859375 0.440625 0.21875 0.053125
20 0.7484375 0.728125 0.21875 0.0515625
20 0.5171875 0.0796875 0.2203125 0.053125
20 0.2859375 0.36875 0.21875 0.053125
20 0.5171875 0.1515625 0.21875 0.053125
20 0.2859375 0.2234375 0.2203125 0.053125
20 0.7484375 0.65625 0.21875 0.0515625
20 0.2859375 0.296875 0.2203125 0.053125
20 0.5171875 0.36875 0.2203125 0.053125
20 0.5171875 0.2234375 0.2203125 0.0609375
20 0.5171875 0.728125 0.21875 0.053125
20 0.7484375 0.584375 0.2203125 0.053125
20 0.5171875 0.584375 0.21875 0.0515625
20 0.2859375 0.5125 0.2203125 0.053125
20 0.5171875 0.440625 0.21875 0.053125
20 0.5171875 0.5125 0.21875 0.053125
20 0.5171875 0.65625 0.21875 0.053125
20 0.7484375 0.5125 0.21875 0.053125
20 0.7484375 0.440625 0.21875 0.0546875
20 0.2859375 0.65625 0.21875 0.0515625