35 0.5015625 0.7 0.8921875 0.0796875
35 0.5015625 0.6015625 0.89375 0.078125
35 0.5015625 0.503125 0.8921875 0.078125
35 0.5 0.31875 0.89375 0.121875
3 0.4359375 0.6015625 0.14375 0.01875
3 0.790625 0.6015625 0.1921875 0.0203125
3 0.790625 0.7 0.1921875 0.021875
3 0.7921875 0.5015625 0.19375 0.01875
3 0.4359375 0.5015625 0.1453125 0.0203125
3 0.4359375 0.7 0.14375 0.01875
3 0.1296875 0.7 0.096875 0.0171875
3 0.128125 0.6015625 0.0953125 0.0140625
3 0.1296875 0.503125 0.096875 0.015625
3 0.1140625 0.3015625 0.06875 0.0171875
3 0.3890625 0.3 0.1328125 0.0296875
3 0.659375 0.3015625 0.0625 0.0171875
3 0.8921875 0.3 0.059375 0.0171875
23 0.7765625 0.3203125 0.15625 0.0046875
23 0.5421875 0.3203125 0.1578125 0.0046875
23 0.2359375 0.3203125 0.159375 0.0046875
23 0.2859375 0.503125 0.1359375 0.0046875
23 0.61875 0.503125 0.1390625 0.0046875
22 0.61875 0.6015625 0.1359375 0.0046875
22 0.2875 0.6015625 0.134375 0.0046875
22 0.2875 0.7 0.1359375 0.0046875
22 0.61875 0.7 0.1375 0.0046875