35 0.5 0.33125 0.8796875 0.0796875
35 0.4984375 0.50625 0.878125 0.10625
35 0.4984375 0.6375 0.8796875 0.1171875
3 0.1734375 0.33125 0.115625 0.0203125
3 0.515625 0.33125 0.115625 0.0171875
3 0.853125 0.33125 0.115625 0.01875
3 0.8609375 0.5234375 0.0984375 0.01875
3 0.5046875 0.5234375 0.0640625 0.0140625
3 0.5046875 0.6546875 0.0625 0.0296875
3 0.8625 0.65625 0.1 0.0171875
3 0.1421875 0.5234375 0.10625 0.015625
3 0.1421875 0.6546875 0.10625 0.0171875
23 0.328125 0.3296875 0.175 0.00625
23 0.334375 0.5046875 0.2609375 0.0046875
23 0.6671875 0.33125 0.175 0.003125
23 0.6734375 0.5046875 0.2609375 0.003125
23 0.6734375 0.6359375 0.2609375 0.0046875
23 0.334375 0.6359375 0.259375 0.003125