35 0.675 0.53125 0.0875 0.9375
35 0.496875 0.53125 0.0921875 0.9375
35 0.265625 0.53125 0.0875 0.9359375
3 0.675 0.859375 0.021875 0.2078125
3 0.4984375 0.9015625 0.01875 0.121875
3 0.675 0.4765625 0.0203125 0.15625
3 0.496875 0.503125 0.0328125 0.1109375
3 0.6765625 0.1453125 0.01875 0.1046875
3 0.4984375 0.128125 0.01875 0.0703125
23 0.6765625 0.315625 0.00625 0.146875
23 0.4984375 0.3234375 0.00625 0.2296875
23 0.6765625 0.6734375 0.0046875 0.146875
23 0.4984375 0.71875 0.00625 0.23125
23 0.2671875 0.6703125 0.0046875 0.146875
23 0.2671875 0.3140625 0.0046875 0.1453125