35 0.7046875 0.4890625 0.0875 0.978125
35 0.5953125 0.490625 0.0859375 0.9796875
35 0.4859375 0.4890625 0.0859375 0.978125
35 0.2828125 0.4890625 0.134375 0.9765625
3 0.5953125 0.4125 0.021875 0.159375
3 0.5953125 0.8046875 0.021875 0.2140625
3 0.703125 0.8046875 0.0234375 0.2125
3 0.4859375 0.8046875 0.021875 0.2140625
3 0.4859375 0.4109375 0.021875 0.1609375
3 0.703125 0.4109375 0.0203125 0.159375
3 0.7046875 0.0734375 0.01875 0.1078125
3 0.596875 0.071875 0.015625 0.10625
3 0.4875 0.0734375 0.0171875 0.1078125
3 0.2640625 0.05625 0.01875 0.075
3 0.2625 0.359375 0.034375 0.146875
3 0.2625 0.659375 0.01875 0.06875
3 0.2625 0.915625 0.0203125 0.065625
23 0.284375 0.7875 0.0046875 0.1734375
23 0.284375 0.5296875 0.0046875 0.1734375
23 0.284375 0.190625 0.00625 0.1765625
23 0.4875 0.246875 0.0046875 0.15
23 0.4875 0.6140625 0.0046875 0.153125
22 0.5953125 0.6140625 0.0046875 0.1515625
22 0.5953125 0.2484375 0.00625 0.1484375
22 0.7046875 0.2484375 0.0046875 0.1515625
22 0.7046875 0.6140625 0.00625 0.1515625