35 0.490625 0.31875 0.884375 0.08125
35 0.490625 0.48125 0.8859375 0.084375
35 0.4890625 0.69375 0.8859375 0.0796875
3 0.203125 0.31875 0.190625 0.01875
3 0.1640625 0.4796875 0.1109375 0.0171875
3 0.553125 0.31875 0.14375 0.01875
3 0.5296875 0.48125 0.1015625 0.0296875
3 0.8578125 0.3171875 0.096875 0.0171875
3 0.8734375 0.4796875 0.065625 0.0171875
23 0.7015625 0.3171875 0.134375 0.0046875
23 0.69375 0.4796875 0.2109375 0.0046875
23 0.3734375 0.315625 0.134375 0.0046875
23 0.3328125 0.4796875 0.2109375 0.0046875
23 0.3765625 0.6921875 0.134375 0.0046875
23 0.7015625 0.6921875 0.1328125 0.003125