35 0.4875 0.31875 0.90625 0.0828125
35 0.4875 0.5 0.90625 0.109375
35 0.4859375 0.6359375 0.90625 0.121875
3 0.1515625 0.3203125 0.11875 0.021875
3 0.5046875 0.3203125 0.1203125 0.0171875
3 0.853125 0.31875 0.11875 0.01875
3 0.8609375 0.51875 0.1015625 0.01875
3 0.4921875 0.5171875 0.065625 0.015625
3 0.4921875 0.653125 0.0640625 0.0296875
3 0.8625 0.6546875 0.103125 0.0171875
3 0.1203125 0.5171875 0.109375 0.015625
3 0.11875 0.653125 0.109375 0.0171875
23 0.3125 0.31875 0.18125 0.00625
23 0.3171875 0.4984375 0.26875 0.0046875
23 0.6609375 0.31875 0.1796875 0.003125
23 0.66875 0.4984375 0.26875 0.0046875
23 0.6671875 0.634375 0.26875 0.0046875
23 0.3171875 0.634375 0.26875 0.003125