35 0.5859375 0.5265625 0.0859375 0.890625
35 0.6921875 0.515625 0.059375 0.86875
35 0.421875 0.5109375 0.078125 0.8671875
35 0.3125 0.5140625 0.1015625 0.865625
3 0.6921875 0.2125 0.0234375 0.1484375
3 0.6921875 0.4328125 0.0234375 0.146875
3 0.6921875 0.6546875 0.0234375 0.1484375
3 0.690625 0.8671875 0.0234375 0.128125
3 0.5625 0.1921875 0.0234375 0.1484375
3 0.5625 0.4125 0.0234375 0.1453125
3 0.5625 0.6328125 0.0234375 0.146875
3 0.5625 0.8453125 0.0234375 0.13125
3 0.4234375 0.2125 0.0390625 0.1484375
3 0.4234375 0.4328125 0.0390625 0.1453125
3 0.4234375 0.6546875 0.0390625 0.146875
3 0.4234375 0.8671875 0.0390625 0.1296875
3 0.2890625 0.1921875 0.0390625 0.146875
3 0.290625 0.4140625 0.0375 0.146875
3 0.290625 0.634375 0.0375 0.1484375
3 0.2875 0.8484375 0.0375 0.1328125