35 0.490625 0.4078125 0.8546875 0.0828125
35 0.5015625 0.3078125 0.8328125 0.05625
35 0.50625 0.565625 0.83125 0.075
35 0.503125 0.671875 0.8296875 0.096875
3 0.7921875 0.3078125 0.1421875 0.021875
3 0.58125 0.30625 0.140625 0.0234375
3 0.36875 0.30625 0.1421875 0.021875
3 0.165625 0.3078125 0.1234375 0.021875
3 0.8109375 0.43125 0.1421875 0.021875
3 0.6 0.4296875 0.1390625 0.0234375
3 0.3890625 0.43125 0.140625 0.021875
3 0.1859375 0.43125 0.1265625 0.0234375
3 0.7921875 0.5640625 0.1421875 0.0375
3 0.58125 0.5640625 0.1390625 0.0375
3 0.36875 0.5640625 0.140625 0.0375
3 0.165625 0.5640625 0.125 0.0375
3 0.8109375 0.6921875 0.140625 0.0375
3 0.6 0.6921875 0.140625 0.0359375
3 0.3890625 0.6921875 0.1421875 0.0359375
3 0.184375 0.69375 0.1265625 0.0359375