35 0.3078125 0.5296875 0.0890625 0.940625
35 0.5 0.5296875 0.1171875 0.940625
35 0.6453125 0.528125 0.1296875 0.9421875
3 0.3078125 0.184375 0.0234375 0.128125
3 0.3078125 0.5625 0.01875 0.128125
3 0.30625 0.9359375 0.0203125 0.1265625
3 0.5203125 0.9453125 0.0203125 0.109375
3 0.5203125 0.55 0.0171875 0.0703125
3 0.665625 0.55 0.0328125 0.06875
3 0.665625 0.9453125 0.01875 0.109375
3 0.5203125 0.15 0.0171875 0.1171875
3 0.665625 0.15 0.01875 0.1171875
23 0.30625 0.35625 0.00625 0.19375
23 0.4984375 0.3625 0.0046875 0.2890625
23 0.30625 0.73125 0.0046875 0.19375
23 0.5 0.7390625 0.0046875 0.2875
23 0.6453125 0.7375 0.0046875 0.2890625
23 0.6453125 0.3625 0.0046875 0.2875