37 0.421875 0.3578125 0.803125 0.059375
37 0.4859375 0.45625 0.921875 0.0671875
37 0.4765625 0.5578125 0.9046875 0.0640625
37 0.5015625 0.6578125 0.9 0.065625
3 0.0828125 0.35 0.065625 0.021875
3 0.2359375 0.65 0.065625 0.01875
3 0.1984375 0.3484375 0.0703125 0.0203125
3 0.309375 0.35 0.06875 0.0203125
3 0.421875 0.3484375 0.0640625 0.0171875
3 0.1859375 0.55 0.06875 0.01875
3 0.275 0.45 0.0671875 0.0171875
3 0.3859375 0.45 0.0625 0.0171875
3 0.5 0.65 0.0640625 0.0171875
3 0.1609375 0.45 0.0640625 0.0171875
3 0.534375 0.3484375 0.06875 0.0203125
3 0.646875 0.3484375 0.0671875 0.0203125
3 0.759375 0.35 0.0671875 0.021875
3 0.7609375 0.6515625 0.0640625 0.0171875
3 0.5 0.45 0.0671875 0.0203125
3 0.6125 0.45 0.06875 0.021875
3 0.7234375 0.45 0.06875 0.0203125
3 0.8375 0.45 0.0671875 0.01875
3 0.5 0.5515625 0.06875 0.01875
3 0.8125 0.55 0.06875 0.0203125
27 0.93125 0.45 0.015625 0.0203125
27 0.0671875 0.45 0.0140625 0.0203125
27 0.06875 0.6515625 0.015625 0.0203125
27 0.93125 0.6515625 0.0140625 0.01875