37 0.6484375 0.5421875 0.065625 0.878125
37 0.540625 0.4890625 0.0734375 0.978125
37 0.4296875 0.4890625 0.06875 0.978125
37 0.3203125 0.475 0.0703125 0.9484375
3 0.6578125 0.9140625 0.0234375 0.071875
3 0.328125 0.7453125 0.0203125 0.071875
3 0.6578125 0.7890625 0.021875 0.078125
3 0.6578125 0.665625 0.021875 0.075
3 0.6578125 0.54375 0.0203125 0.0703125
3 0.4375 0.8015625 0.0203125 0.075
3 0.5484375 0.703125 0.01875 0.0734375
3 0.5484375 0.5828125 0.01875 0.06875
3 0.328125 0.4578125 0.01875 0.0703125
3 0.5484375 0.828125 0.01875 0.0703125
3 0.6578125 0.4203125 0.021875 0.075
3 0.6578125 0.296875 0.021875 0.0734375
3 0.6578125 0.1734375 0.0234375 0.0734375
3 0.328125 0.1734375 0.01875 0.06875
3 0.5484375 0.4578125 0.0234375 0.075
3 0.546875 0.3359375 0.0234375 0.075
3 0.5484375 0.2125 0.0234375 0.0765625
3 0.546875 0.0890625 0.021875 0.0734375
3 0.4375 0.4578125 0.021875 0.075
3 0.4375 0.115625 0.021875 0.075
27 0.546875 0.93125 0.021875 0.015625
27 0.3265625 0.9296875 0.021875 0.0171875