2 0.2703125 0.50703125 0.1453125 0.0421875
2 0.23359375 0.7546875 0.2078125 0.05
2 0.72421875 0.85625 0.0859375 0.0296875
2 0.73203125 0.82421875 0.21875 0.0546875
2 0.12734375 0.865625 0.2546875 0.0625
2 0.76484375 0.5765625 0.1453125 0.04375
2 0.75859375 0.61015625 0.1734375 0.0453125
2 0.25625 0.9578125 0.1890625 0.0515625
2 0.22890625 0.7875 0.1609375 0.0453125
2 0.265625 0.53984375 0.1578125 0.040625
24 0.07734375 0.93203125 0.1171875 0.0421875
11 0.46640625 0.9390625 0.9328125 0.121875
5 0.53203125 0.071875 0.9359375 0.14375
2 0.584375 0.0375 0.1984375 0.053125
11 0.27265625 0.46875 0.4828125 0.2859375
11 0.7328125 0.78515625 0.4875 0.2921875
11 0.2390625 0.71953125 0.478125 0.2890625
11 0.7609375 0.5359375 0.478125 0.290625
24 0.990625 0.0984375 0.01875 0.059375
2 0.45390625 0.10703125 0.2796875 0.0734375
2 0.71484375 0.1453125 0.225 0.0625
24 0.27890625 0.42890625 0.1859375 0.1140625
24 0.77421875 0.5 0.184375 0.1140625
24 0.24453125 0.67578125 0.178125 0.109375
24 0.74296875 0.746875 0.178125 0.109375
24 0.5328125 0.265625 0.934375 0.346875