5 0.5 0.03671875 1 0.0734375
5 0.4921875 0.0375 0.1890625 0.02421875
24 0.93984375 0.0359375 0.1203125 0.046875
11 0.25625 0.31796875 0.44140625 0.1015625
11 0.73359375 0.31953125 0.4484375 0.103125
11 0.25703125 0.43828125 0.43984375 0.1015625
11 0.7328125 0.4375 0.44296875 0.10078125
11 0.4953125 0.609375 0.92265625 0.0984375
11 0.49609375 0.721875 0.93515625 0.1015625
11 0.49765625 0.83359375 0.92734375 0.10234375
11 0.496875 0.94375 0.9234375 0.1015625
2 0.30078125 0.33359375 0.1453125 0.0203125
2 0.2859375 0.303125 0.11953125 0.02109375
2 0.7875 0.33359375 0.1671875 0.01953125
2 0.75859375 0.303125 0.1109375 0.01640625
2 0.31015625 0.42109375 0.16484375 0.0171875
2 0.74375 0.4515625 0.08359375 0.01953125
2 0.79296875 0.42109375 0.17265625 0.01875
2 0.2984375 0.45234375 0.15078125 0.01953125
2 0.81640625 0.62578125 0.18984375 0.0171875
2 0.815625 0.7359375 0.18984375 0.0171875
2 0.815625 0.846875 0.190625 0.01796875
2 0.8171875 0.9578125 0.1921875 0.01796875
2 0.3671875 0.84765625 0.30859375 0.0203125
2 0.36640625 0.62578125 0.31015625 0.02109375
2 0.365625 0.73671875 0.31015625 0.02109375
2 0.36875 0.95859375 0.30859375 0.021875
2 0.30625 0.59375 0.18671875 0.02578125
2 0.3046875 0.7046875 0.18125 0.021875
2 0.30390625 0.815625 0.18125 0.021875
2 0.3046875 0.9265625 0.17890625 0.021875
2 0.1609375 0.52890625 0.26171875 0.0203125
2 0.8328125 0.59609375 0.1546875 0.01953125
2 0.8359375 0.70625 0.15234375 0.01875
2 0.83671875 0.8171875 0.15234375 0.01875
2 0.8375 0.928125 0.153125 0.01953125
24 0.13203125 0.6078125 0.109375 0.05546875
24 0.134375 0.71953125 0.1125 0.05390625
24 0.134375 0.83046875 0.11171875 0.05390625
24 0.13359375 0.94140625 0.109375 0.053125
24 0.1453125 0.3171875 0.1109375 0.05625
24 0.62109375 0.31796875 0.11484375 0.0546875
24 0.1453125 0.43515625 0.10703125 0.05390625
24 0.62109375 0.43671875 0.11328125 0.05703125
24 0.49375 0.1734375 0.90859375 0.153125