11 0.49921875 0.90625 0.90625 0.0984375
2 0.31171875 0.89140625 0.178125 0.02265625
2 0.81640625 0.92265625 0.1890625 0.01796875
2 0.83515625 0.8921875 0.14921875 0.01875
2 0.378125 0.92265625 0.3 0.0203125
11 0.2640625 0.4859375 0.434375 0.10234375
11 0.73359375 0.48515625 0.434375 0.10234375
2 0.12734375 0.8265625 0.1625 0.0234375
11 0.85703125 0.690625 0.2859375 0.165625
2 0.8765625 0.6421875 0.246875 0.02109375
11 0.36796875 0.690625 0.6359375 0.165625
2 0.36015625 0.7390625 0.5296875 0.0203125
2 0.87890625 0.7390625 0.2421875 0.01796875
24 0.62421875 0.4828125 0.11015625 0.05234375
5 0.5 0.034375 1 0.06796875
2 0.496875 0.034375 0.18125 0.0234375
2 0.27109375 0.64296875 0.36328125 0.0234375
2 0.29765625 0.46953125 0.12421875 0.02109375
2 0.28125 0.57890625 0.484375 0.0234375
2 0.74375 0.49921875 0.071875 0.01953125
2 0.7671875 0.46953125 0.12265625 0.02109375
24 0.1453125 0.90625 0.11015625 0.0546875
24 0.15546875 0.48359375 0.109375 0.053125
24 0.93671875 0.034375 0.12578125 0.0484375
2 0.275 0.49921875 0.07265625 0.01875
32 0.49921875 0.12421875 0.8984375 0.06015625
2 0.87890625 0.71171875 0.2421875 0.015625
2 0.31640625 0.71171875 0.43515625 0.01953125
2 0.878125 0.68203125 0.24375 0.0171875
2 0.325 0.6828125 0.4625 0.01953125
12 0.5 0.2953125 0.89921875 0.2453125
11 0.4984375 0.9828125 0.8984375 0.034375
24 0.14453125 0.99375 0.1046875 0.0125
2 0.31328125 0.99375 0.1828125 0.0125
2 0.834375 0.99453125 0.140625 0.01015625