2 0.0421875 0.16328125 0.021875 0.184375
2 0.49296875 0.73125 0.025 0.1375
2 0.07421875 0.14375 0.021875 0.1484375
2 0.03359375 0.609375 0.0265625 0.2984375
2 0.2546875 0.72890625 0.025 0.196875
2 0.23203125 0.2515625 0.0203125 0.0796875
2 0.26328125 0.25 0.0265625 0.20625
2 0.1328125 0.82109375 0.028125 0.259375
2 0.5015625 0.25546875 0.025 0.1375
2 0.46875 0.25625 0.025 0.1640625
2 0.06640625 0.6765625 0.0265625 0.1796875
2 0.2234375 0.728125 0.025 0.1515625
2 0.4625 0.73046875 0.021875 0.1484375
24 0.0484375 0.8484375 0.0578125 0.1109375
11 0.05859375 0.48828125 0.1171875 0.9171875
5 0.96796875 0.50390625 0.0640625 0.9921875
2 0.9828125 0.50546875 0.028125 0.1875
11 0.5296875 0.73515625 0.2234375 0.4375
11 0.3 0.25078125 0.2265625 0.44375
11 0.28828125 0.73125 0.225 0.4375
11 0.53828125 0.25625 0.2265625 0.446875
24 0.98359375 0.0640625 0.0328125 0.1125
2 0.89765625 0.61796875 0.0375 0.2640625
2 0.9015625 0.3671875 0.03125 0.2125
24 0.56953125 0.73515625 0.090625 0.16875
24 0.57578125 0.2578125 0.090625 0.1671875
24 0.33125 0.73046875 0.0875 0.1609375
24 0.33828125 0.25 0.0875 0.1609375
24 0.7625 0.49609375 0.21875 0.91875