5 0.9546875 0.5078125 0.090625 0.984375
5 0.9640625 0.52109375 0.034375 0.2078125
24 0.978125 0.05859375 0.04375 0.0859375
11 0.65 0.7625 0.128125 0.475
11 0.66796875 0.25 0.128125 0.4921875
11 0.52109375 0.76015625 0.1265625 0.4796875
11 0.53984375 0.24453125 0.1265625 0.484375
11 0.34453125 0.49765625 0.1421875 0.9953125
11 0.22265625 0.49609375 0.1453125 0.9921875
11 0.10078125 0.49375 0.1453125 0.9875
11 0.028125 0.49140625 0.05625 0.9828125
2 0.6359375 0.71640625 0.028125 0.1578125
2 0.66875 0.734375 0.028125 0.1296875
2 0.6546875 0.1890625 0.028125 0.18125
2 0.68671875 0.22109375 0.0234375 0.1203125
2 0.54140625 0.70390625 0.025 0.178125
2 0.525 0.23203125 0.025 0.090625
2 0.559375 0.17890625 0.0265625 0.1875
2 0.50703125 0.71484375 0.028125 0.1640625
2 0.33984375 0.14609375 0.0265625 0.20625
2 0.21953125 0.1421875 0.0265625 0.20625
2 0.09921875 0.13828125 0.0265625 0.20625
2 0.08125 0.62578125 0.0328125 0.3359375
2 0.321875 0.63515625 0.034375 0.3375
2 0.2015625 0.63203125 0.034375 0.3375
2 0.3546875 0.7015625 0.0359375 0.2046875
2 0.23359375 0.69921875 0.0296875 0.196875
2 0.11328125 0.6953125 0.0296875 0.196875
2 0.00390625 0.6921875 0.0078125 0.19375
2 0.41953125 0.86015625 0.03125 0.275
2 0.371875 0.12890625 0.028125 0.16875
2 0.253125 0.121875 0.0265625 0.165625
2 0.1328125 0.11640625 0.0265625 0.165625
2 0.01796875 0.11328125 0.015625 0.165625
24 0.33203125 0.88984375 0.0640625 0.1203125
24 0.21171875 0.8828125 0.0640625 0.1234375
24 0.09140625 0.87890625 0.0640625 0.1234375
24 0.6484375 0.88671875 0.065625 0.1234375
24 0.665625 0.36953125 0.0640625 0.1265625
24 0.5203125 0.88203125 0.0640625 0.1171875
24 0.53671875 0.365625 0.0671875 0.125
24 0.8171875 0.50859375 0.2 0.9828125