2 0.81640625 0.96015625 0.18046875 0.01796875
2 0.26640625 0.50703125 0.134375 0.02109375
2 0.8359375 0.92890625 0.1453125 0.01953125
2 0.37890625 0.96015625 0.2921875 0.02109375
2 0.26484375 0.74140625 0.19296875 0.02109375
2 0.73359375 0.771875 0.078125 0.01875
2 0.7359375 0.74140625 0.20390625 0.0234375
2 0.171875 0.86015625 0.25390625 0.02265625
2 0.73359375 0.50703125 0.1359375 0.021875
2 0.73203125 0.5390625 0.1609375 0.0203125
2 0.3125 0.92734375 0.17578125 0.02265625
2 0.26484375 0.77265625 0.14921875 0.021875
2 0.26640625 0.5375 0.14609375 0.01796875
24 0.14375 0.9421875 0.1078125 0.05625
11 0.4984375 0.94375 0.896875 0.10546875
5 0.5 0.034375 0.99921875 0.06875
2 0.496875 0.0296875 0.18515625 0.025
11 0.26328125 0.47109375 0.42734375 0.21171875
11 0.734375 0.70546875 0.4328125 0.21484375
11 0.2625 0.709375 0.42734375 0.21328125
11 0.73359375 0.4703125 0.43671875 0.21484375
24 0.93828125 0.03046875 0.1234375 0.046875
2 0.384375 0.11171875 0.26015625 0.0328125
2 0.63125 0.1125 0.209375 0.028125
24 0.2640625 0.4328125 0.1640625 0.08515625
24 0.73359375 0.434375 0.1625 0.0859375
24 0.2640625 0.6671875 0.15625 0.0828125
24 0.7359375 0.66875 0.15625 0.08203125
24 0.50234375 0.24609375 0.8984375 0.20078125