5 0.5 0.03515625 1 0.06875
24 0.93828125 0.03515625 0.11953125 0.04765625
2 0.49453125 0.03515625 0.21328125 0.0328125
11 0.50078125 0.6140625 0.9078125 0.10234375
2 0.175 0.5359375 0.26015625 0.02734375
11 0.5015625 0.72734375 0.91640625 0.1015625
11 0.503125 0.8390625 0.9125 0.10234375
11 0.50234375 0.9484375 0.9125 0.10234375
11 0.26875 0.32265625 0.4328125 0.103125
11 0.7328125 0.3234375 0.44375 0.128125
11 0.2640625 0.44296875 0.43046875 0.103125
11 0.73359375 0.44140625 0.43515625 0.10234375
2 0.29140625 0.30703125 0.12109375 0.02421875
2 0.790625 0.3375 0.1640625 0.02421875
2 0.7609375 0.3078125 0.11015625 0.0171875
2 0.31640625 0.4265625 0.16015625 0.0171875
2 0.74609375 0.4578125 0.08203125 0.01875
2 0.7953125 0.4265625 0.16875 0.01796875
2 0.8171875 0.63046875 0.18515625 0.0171875
2 0.81640625 0.7421875 0.18671875 0.0171875
2 0.81796875 0.9640625 0.18984375 0.01875
2 0.81796875 0.853125 0.18828125 0.01796875
2 0.3078125 0.4578125 0.15390625 0.0203125
2 0.3078125 0.3375 0.14921875 0.01640625
2 0.375 0.63125 0.30859375 0.02109375
2 0.37578125 0.853125 0.31015625 0.02109375
2 0.375 0.7421875 0.30859375 0.02109375
2 0.3765625 0.965625 0.30859375 0.02109375
2 0.31328125 0.6015625 0.18828125 0.0234375
2 0.31328125 0.7109375 0.1796875 0.02265625
2 0.31328125 0.821875 0.1796875 0.02265625
2 0.3140625 0.9328125 0.17890625 0.0234375
2 0.83671875 0.60078125 0.1546875 0.02421875
2 0.83671875 0.71171875 0.15078125 0.01875
2 0.83671875 0.82265625 0.14921875 0.01875
2 0.8375 0.934375 0.15078125 0.01875
24 0.146875 0.6140625 0.11328125 0.05546875
24 0.1453125 0.72578125 0.1109375 0.05546875
24 0.14453125 0.83671875 0.11015625 0.05625
24 0.14453125 0.94765625 0.1078125 0.05546875
24 0.1546875 0.321875 0.109375 0.0546875
24 0.625 0.321875 0.1125 0.05546875
24 0.625 0.440625 0.11015625 0.05234375
24 0.1546875 0.440625 0.109375 0.05625
24 0.50078125 0.17421875 0.90390625 0.159375