11 0.1 0.4546875 0.2 0.909375
2 0.08671875 0.63828125 0.0453125 0.1828125
2 0.1171875 0.125 0.0421875 0.1953125
2 0.15078125 0.109375 0.0375 0.1546875
2 0.0625 0.5671875 0.059375 0.3046875
11 0.48984375 0.7375 0.15625 0.4515625
11 0.5484375 0.2625 0.15625 0.4515625
2 0.1296875 0.8328125 0.04375 0.1671875
11 0.35703125 0.134375 0.2015625 0.26875
2 0.4078125 0.1125 0.05 0.225
11 0.29609375 0.60625 0.246875 0.6625
2 0.246875 0.60859375 0.0859375 0.5375
2 0.3109375 0.1046875 0.046875 0.209375
24 0.5375 0.3734375 0.0671875 0.11875
5 0.9390625 0.52890625 0.121875 0.9421875
2 0.975 0.5578125 0.0453125 0.1859375
2 0.3328125 0.7109375 0.0703125 0.36875
2 0.51015625 0.7046875 0.0375 0.128125
2 0.3984375 0.7078125 0.0828125 0.4921875
2 0.5359375 0.25078125 0.028125 0.075
2 0.56875 0.23046875 0.0375 0.1265625
24 0.05078125 0.8046875 0.0703125 0.11875
24 0.47890625 0.846875 0.0671875 0.11875
2 0.478125 0.725 0.028125 0.0765625
32 0.884375 0.54296875 0.171875 0.9140625
2 0.3390625 0.10625 0.04375 0.2125
2 0.26875 0.65546875 0.0734375 0.4421875
2 0.3671875 0.1078125 0.046875 0.215625
2 0.2984375 0.65078125 0.078125 0.4703125
12 0.71171875 0.521875 0.359375 0.9390625
11 0.0453125 0.44765625 0.090625 0.8953125
2 0.04921875 0.09921875 0.025 0.1421875