11 0.12734375 0.56171875 0.2546875 0.8765625
2 0.15859375 0.76953125 0.0640625 0.18125
2 0.02109375 0.2734375 0.0421875 0.19375
2 0.0375 0.24765625 0.053125 0.153125
2 0.1125 0.7109375 0.090625 0.303125
11 0.57421875 0.72421875 0.2015625 0.45625
11 0.4671875 0.25625 0.2015625 0.45625
2 0.265625 0.92734375 0.059375 0.1453125
11 0.23671875 0.18984375 0.228125 0.30625
2 0.2796875 0.1578125 0.0734375 0.2328125
11 0.34609375 0.665625 0.3109375 0.66875
2 0.3 0.68671875 0.1421875 0.5328125
2 0.184375 0.17890625 0.06875 0.23125
24 0.49375 0.3640625 0.0765625 0.121875
5 0.91171875 0.44296875 0.1765625 0.8859375
2 0.96796875 0.3875 0.0640625 0.1875
2 0.415625 0.75390625 0.1078125 0.3671875
2 0.58203125 0.6859375 0.05 0.128125
2 0.47734375 0.728125 0.1359375 0.4890625
2 0.45 0.24921875 0.034375 0.075
2 0.47421875 0.21875 0.05 0.1265625
24 0.1828125 0.9390625 0.0796875 0.121875
24 0.6015625 0.83203125 0.0765625 0.121875
2 0.5578125 0.71640625 0.034375 0.0765625
32 0.8734375 0.43046875 0.253125 0.8609375
2 0.21171875 0.17265625 0.06875 0.23125
2 0.3375 0.7234375 0.1203125 0.4390625
2 0.23984375 0.16640625 0.0703125 0.23125
2 0.3640625 0.70859375 0.1265625 0.465625
12 0.709375 0.4609375 0.45 0.921875
11 0.0734375 0.5765625 0.146875 0.846875
24 0.09765625 0.953125 0.0328125 0.09375
2 0.06015625 0.7921875 0.05 0.18125