5 0.903125 0.44453125 0.19375 0.8890625
2 0.9515625 0.38984375 0.0796875 0.2140625
11 0.3890625 0.5265625 0.3046875 0.9078125
2 0.3921875 0.19140625 0.0859375 0.259375
11 0.27890625 0.546875 0.3046875 0.90625
11 0.1703125 0.56171875 0.30625 0.8765625
11 0.1078125 0.5734375 0.215625 0.853125
11 0.62109375 0.23515625 0.1984375 0.4453125
11 0.72421875 0.6875 0.225 0.4609375
11 0.50234375 0.25703125 0.196875 0.44375
11 0.609375 0.7140625 0.1984375 0.446875
2 0.64140625 0.253125 0.0515625 0.125
2 0.7234375 0.746875 0.0609375 0.165625
2 0.74609375 0.7109375 0.040625 0.1109375
2 0.53046875 0.3046875 0.053125 0.159375
2 0.59609375 0.73046875 0.0359375 0.0828125
2 0.63828125 0.77109375 0.05625 0.16875
2 0.44453125 0.83828125 0.0578125 0.1828125
2 0.33515625 0.8625 0.059375 0.1859375
2 0.11953125 0.909375 0.0609375 0.18125
2 0.22734375 0.8890625 0.0609375 0.1890625
2 0.49765625 0.303125 0.0546875 0.153125
2 0.61484375 0.2765625 0.0484375 0.15
2 0.34375 0.4078125 0.090625 0.30625
2 0.128125 0.45859375 0.090625 0.30625
2 0.2359375 0.4328125 0.090625 0.30625
2 0.03203125 0.484375 0.0640625 0.30625
2 0.359375 0.340625 0.065625 0.1875
2 0.25234375 0.365625 0.0625 0.1796875
2 0.14453125 0.390625 0.0625 0.1796875
2 0.03671875 0.41640625 0.0625 0.178125
2 0.47734375 0.85078125 0.059375 0.15625
2 0.36953125 0.87578125 0.0515625 0.15
2 0.26171875 0.90078125 0.0515625 0.15
2 0.15234375 0.92578125 0.0515625 0.1484375
24 0.309375 0.18125 0.0796875 0.121875
24 0.2 0.20546875 0.0796875 0.1203125
24 0.0921875 0.2296875 0.0796875 0.11875
24 0.01171875 0.25390625 0.0234375 0.1171875
24 0.59609375 0.1234375 0.078125 0.11875
24 0.7015625 0.58203125 0.0796875 0.121875
24 0.5859375 0.60859375 0.0765625 0.11875
24 0.48046875 0.15 0.0796875 0.11875
24 0.81796875 0.4421875 0.3578125 0.884375