11 0.23828125 0.7390625 0.45625 0.1359375
11 0.74453125 0.709375 0.4953125 0.1375
11 0.23125 0.60859375 0.45625 0.134375
11 0.73828125 0.58125 0.4890625 0.1359375
11 0.4875 0.40546875 0.975 0.1609375
11 0.48671875 0.28359375 0.9734375 0.1640625
11 0.48203125 0.16171875 0.9640625 0.1640625
11 0.478125 0.06171875 0.95625 0.1234375
2 0.27265625 0.71875 0.1609375 0.0296875
2 0.25859375 0.753125 0.1328125 0.0296875
2 0.803125 0.69140625 0.184375 0.03125
2 0.7734375 0.7265625 0.1234375 0.025
2 0.27734375 0.62265625 0.1796875 0.028125
2 0.7484375 0.56484375 0.0921875 0.0265625
2 0.8046875 0.5953125 0.1890625 0.0296875
2 0.26328125 0.5890625 0.1671875 0.03125
2 0.81875 0.3703125 0.20625 0.0296875
2 0.81171875 0.25 0.2078125 0.0296875
2 0.80546875 0.12890625 0.209375 0.03125
2 0.79921875 0.01171875 0.2109375 0.0234375
2 0.31484375 0.15390625 0.3375 0.0390625
2 0.32734375 0.3953125 0.3390625 0.0390625
2 0.3203125 0.275 0.3390625 0.0390625
2 0.31015625 0.03203125 0.3390625 0.0421875
2 0.26328125 0.43515625 0.2046875 0.0390625
2 0.2546875 0.31328125 0.2 0.0359375
2 0.2484375 0.19140625 0.2 0.034375
2 0.24296875 0.0703125 0.1984375 0.0359375
2 0.12421875 0.5125 0.2484375 0.034375
2 0.83828125 0.40234375 0.1703125 0.03125
2 0.83515625 0.28125 0.1671875 0.0296875
2 0.8296875 0.16015625 0.1671875 0.03125
2 0.82421875 0.03828125 0.1703125 0.03125
24 0.07265625 0.4296875 0.1234375 0.065625
24 0.06796875 0.3078125 0.125 0.065625
24 0.06171875 0.1859375 0.1234375 0.065625
24 0.0578125 0.0640625 0.115625 0.065625
24 0.103125 0.74609375 0.125 0.06875
24 0.62265625 0.71796875 0.128125 0.065625
24 0.09609375 0.6171875 0.1203125 0.065625
24 0.615625 0.58828125 0.128125 0.06875
24 0.503125 0.88359375 0.9734375 0.2171875