22 0.43828125 0.88203125 0.8765625 0.2359375
10 0.421875 0.89140625 0.84375 0.2171875
2 0.3609375 0.9421875 0.35 0.1140625
11 0.525 0.3265625 0.95 0.35
11 0.553125 0.14375 0.89375 0.2875
11 0.5390625 0.2171875 0.921875 0.353125
5 0.56875 0.0890625 0.8625 0.178125
23 0.1859375 0.01484375 0.1 0.0296875
23 0.1296875 0.21484375 0.0875 0.0578125
23 0.15703125 0.10625 0.0828125 0.05625
2 0.41953125 0.05859375 0.3078125 0.1125
2 0.3609375 0.2765625 0.29375 0.1015625
2 0.3859375 0.16953125 0.29375 0.1046875
2 0.75859375 0.15 0.109375 0.0546875
2 0.703125 0.36953125 0.1 0.046875
2 0.73046875 0.26015625 0.15 0.06875
23 0.97421875 0.2109375 0.0515625 0.03125
23 0.95 0.31953125 0.0625 0.0296875
23 0.92109375 0.42734375 0.065625 0.028125
2 0.596875 0.021875 0.2 0.04375