22 0.0953125 0.53359375 0.190625 0.9328125
10 0.0828125 0.53515625 0.165625 0.9296875
2 0.053125 0.54765625 0.078125 0.359375
11 0.7 0.478125 0.25625 0.95625
11 0.8984375 0.46171875 0.203125 0.9234375
11 0.8140625 0.4703125 0.25625 0.940625
23 0.86015625 0.02265625 0.0578125 0.0453125
23 0.634375 0.0375 0.05 0.075
23 0.7453125 0.0265625 0.05 0.053125
2 0.9 0.23671875 0.0828125 0.315625
2 0.67265625 0.271875 0.071875 0.303125
2 0.7828125 0.25 0.075 0.3015625
2 0.9546875 0.58828125 0.046875 0.1125
2 0.728125 0.628125 0.0375 0.1015625
2 0.840625 0.6078125 0.05625 0.153125
23 0.98828125 0.81953125 0.0234375 0.0640625
23 0.8765625 0.8375 0.025 0.0640625
23 0.7640625 0.85546875 0.021875 0.0671875