32 0.88046875 0.5390625 0.2390625 0.921875
32 0.6359375 0.51015625 0.340625 0.9796875
13 0.76640625 0.65703125 0.1984375 0.6859375
15 0.3984375 0.7171875 0.246875 0.496875
15 0.49453125 0.2390625 0.2484375 0.478125
10 0.25546875 0.46328125 0.3109375 0.9265625
2 0.25390625 0.4390625 0.0546875 0.0984375
8 0.11953125 0.4609375 0.2390625 0.921875
10 0.03671875 0.79453125 0.0734375 0.2046875
23 0.02421875 0.80390625 0.0484375 0.0890625
10 0.06015625 0.53828125 0.1203125 0.1765625
23 0.06875 0.54140625 0.071875 0.0890625
10 0.1 0.27265625 0.1640625 0.2703125
23 0.12109375 0.27265625 0.0640625 0.0765625
10 0.15234375 0.03671875 0.1296875 0.0734375
23 0.17265625 0.025 0.0640625 0.05
2 0.02265625 0.53203125 0.0453125 0.1421875
2 0.0671875 0.26484375 0.078125 0.2359375
2 0.11953125 0.0265625 0.0453125 0.053125