32 0.50078125 0.090625 0.9 0.14140625
32 0.5015625 0.36640625 0.9015625 0.146875
13 0.38203125 0.21953125 0.65234375 0.06171875
15 0.2703125 0.54375 0.440625 0.14609375
15 0.73203125 0.54375 0.440625 0.146875
10 0.49921875 0.72265625 0.8984375 0.11796875
2 0.49765625 0.7234375 0.08828125 0.03515625
8 0.5 0.9125 1 0.175
10 0.13046875 0.896875 0.17109375 0.1140625
23 0.1234375 0.8734375 0.0765625 0.046875
2 0.12578125 0.92265625 0.1328125 0.0296875
10 0.3703125 0.89296875 0.14453125 0.109375
23 0.37265625 0.87421875 0.07421875 0.05390625
10 0.621875 0.89296875 0.23359375 0.10859375
23 0.62578125 0.87421875 0.06484375 0.04765625
10 0.871875 0.89140625 0.103125 0.10234375
23 0.8734375 0.8734375 0.06796875 0.04765625
2 0.37109375 0.92265625 0.12734375 0.03203125
2 0.6234375 0.92421875 0.2171875 0.03203125
2 0.86953125 0.921875 0.08671875 0.0265625