5 0.5453125 0.0859375 0.909375 0.171875
2 0.5875 0.040625 0.1921875 0.0640625
24 0.9765625 0.1234375 0.046875 0.06875
22 0.45859375 0.88984375 0.9171875 0.2203125
10 0.43125 0.9046875 0.8625 0.190625
2 0.41328125 0.92890625 0.328125 0.0859375
11 0.54453125 0.1875 0.9109375 0.2625
11 0.5328125 0.2828125 0.934375 0.265625
11 0.52421875 0.375 0.9515625 0.265625
2 0.27578125 0.13125 0.2875 0.0875
2 0.2578125 0.225 0.2875 0.084375
2 0.23828125 0.31953125 0.284375 0.0796875
2 0.6671875 0.20703125 0.10625 0.046875
2 0.64921875 0.303125 0.1515625 0.0609375
2 0.6296875 0.39609375 0.1046875 0.05
2 0.93984375 0.26171875 0.0640625 0.03125
2 0.9203125 0.35390625 0.06875 0.03125
2 0.903125 0.44765625 0.0734375 0.03125
31 0.53984375 0.115625 0.9203125 0.23125
30 0.25390625 0.04609375 0.2984375 0.0921875
30 0.57421875 0.10390625 0.253125 0.0875
30 0.8609375 0.165625 0.278125 0.103125
2 0.246875 0.03984375 0.2171875 0.071875
2 0.571875 0.10234375 0.1984375 0.0609375
2 0.89921875 0.1671875 0.2015625 0.0625