8 0.5 0.928125 1 0.14375
10 0.13203125 0.92421875 0.17578125 0.10234375
10 0.62265625 0.92265625 0.23046875 0.1
23 0.125 0.903125 0.07890625 0.04296875
10 0.37265625 0.91953125 0.15 0.1
23 0.375 0.90234375 0.07265625 0.0484375
23 0.62421875 0.903125 0.08046875 0.04296875
10 0.8703125 0.92109375 0.11484375 0.09609375
23 0.87421875 0.903125 0.06796875 0.04375
2 0.125 0.94609375 0.14609375 0.028125
2 0.37265625 0.9453125 0.13359375 0.0296875
2 0.6234375 0.94765625 0.21796875 0.0296875
2 0.86953125 0.94609375 0.09921875 0.02734375
10 0.50078125 0.77265625 0.89765625 0.10390625
2 0.4984375 0.77421875 0.08828125 0.03125
32 0.5 0.0703125 0.8984375 0.12109375
32 0.5 0.221875 0.8984375 0.12421875
13 0.37578125 0.3359375 0.6390625 0.0578125
32 0.26875 0.46171875 0.43828125 0.12734375
32 0.26953125 0.61484375 0.440625 0.13046875
15 0.73046875 0.46484375 0.440625 0.1234375
15 0.73125 0.61484375 0.4421875 0.12734375