22 0.5 0.9421875 0.996875 0.115625
10 0.50625 0.9375 0.9125 0.06640625
2 0.50625 0.93671875 0.33046875 0.0203125
11 0.4984375 0.340625 0.94765625 0.09453125
11 0.49921875 0.13046875 0.95390625 0.0953125
11 0.49921875 0.23515625 0.95390625 0.09453125
24 0.9359375 0.034375 0.121875 0.04609375
5 0.5 0.03515625 1 0.06875
23 0.12109375 0.12890625 0.0859375 0.040625
23 0.121875 0.3375 0.075 0.03515625
23 0.12109375 0.23359375 0.0703125 0.03515625
2 0.3453125 0.12734375 0.2875 0.03203125
2 0.3453125 0.3375 0.27734375 0.02265625
2 0.34140625 0.234375 0.27578125 0.02578125
2 0.67265625 0.12734375 0.1 0.0265625
2 0.67578125 0.33828125 0.0921875 0.0203125
2 0.6734375 0.23359375 0.13671875 0.0296875
23 0.8859375 0.12890625 0.05703125 0.0140625
23 0.8859375 0.234375 0.05703125 0.01328125
23 0.8859375 0.33828125 0.0609375 0.0109375
23 0.059375 0.034375 0.06875 0.02578125
2 0.49609375 0.034375 0.18984375 0.028125