8 0.5328125 0.8984375 0.934375 0.203125
10 0.20546875 0.9671875 0.1953125 0.065625
10 0.70625 0.9203125 0.25 0.1390625
23 0.196875 0.97578125 0.0875 0.0484375
10 0.4515625 0.946875 0.16875 0.10625
23 0.45078125 0.93984375 0.08125 0.0609375
23 0.70390625 0.9 0.0890625 0.05625
10 0.9453125 0.87890625 0.109375 0.1171875
23 0.9578125 0.8609375 0.0765625 0.05625
2 0.4546875 0.97890625 0.140625 0.0421875
2 0.71171875 0.94609375 0.2265625 0.065625
2 0.953125 0.9046875 0.09375 0.04375
10 0.546875 0.7875 0.90625 0.25
2 0.55625 0.78984375 0.09375 0.0453125
32 0.45546875 0.10390625 0.9109375 0.2078125
32 0.46875 0.22734375 0.934375 0.271875
13 0.3609375 0.3640625 0.6578125 0.1609375
32 0.271875 0.509375 0.465625 0.2
32 0.2984375 0.6640625 0.46875 0.203125
15 0.7421875 0.4375 0.4671875 0.1953125
15 0.765625 0.590625 0.46875 0.2