5 0.5 0.034375 1 0.06796875
2 0.4984375 0.03203125 0.18984375 0.02890625
24 0.9375 0.03125 0.125 0.0453125
23 0.05859375 0.03125 0.05859375 0.02578125
22 0.5 0.94140625 1 0.1171875
10 0.4984375 0.93671875 0.8984375 0.0671875
2 0.496875 0.9375 0.32890625 0.0234375
11 0.49921875 0.1828125 0.93984375 0.08359375
11 0.4984375 0.2796875 0.94921875 0.0859375
11 0.50078125 0.37265625 0.953125 0.0859375
2 0.209375 0.18046875 0.2859375 0.0328125
2 0.21015625 0.2765625 0.2875 0.0296875
2 0.20859375 0.37265625 0.28359375 0.02578125
2 0.6078125 0.18046875 0.10390625 0.02890625
2 0.60859375 0.278125 0.1484375 0.0328125
2 0.6078125 0.3734375 0.1 0.03046875
2 0.8859375 0.18203125 0.0609375 0.01953125
2 0.884375 0.2765625 0.06640625 0.01796875
2 0.8859375 0.371875 0.07265625 0.0171875
31 0.5 0.1 1 0.059375
30 0.17109375 0.09921875 0.2953125 0.0421875
30 0.496875 0.096875 0.25078125 0.040625
30 0.821875 0.096875 0.340625 0.03828125
2 0.1640625 0.096875 0.215625 0.03046875
2 0.49453125 0.09609375 0.19765625 0.0234375
2 0.8296875 0.096875 0.20390625 0.0234375