5 0.9453125 0.4703125 0.109375 0.940625
2 0.98125 0.4328125 0.0375 0.2
22 0.0859375 0.525 0.171875 0.95
10 0.0734375 0.53984375 0.146875 0.9203125
2 0.05390625 0.54765625 0.0671875 0.3421875
11 0.8328125 0.471875 0.20625 0.94375
11 0.7328125 0.48046875 0.209375 0.9609375
11 0.6375 0.48828125 0.209375 0.9765625
2 0.7984375 0.1546875 0.0703125 0.2984375
2 0.7 0.16875 0.0671875 0.3015625
2 0.60078125 0.178125 0.0640625 0.296875
2 0.84921875 0.565625 0.0421875 0.1109375
2 0.74921875 0.5796875 0.053125 0.1578125
2 0.65 0.58984375 0.04375 0.10625
2 0.88359375 0.853125 0.028125 0.0640625
2 0.7859375 0.8640625 0.0265625 0.071875
2 0.68671875 0.87734375 0.028125 0.0765625
31 0.9140625 0.47421875 0.171875 0.9484375
30 0.878125 0.1296875 0.08125 0.259375
30 0.92109375 0.44140625 0.0734375 0.2625
30 0.96015625 0.771875 0.0796875 0.35
2 0.87890625 0.10546875 0.0578125 0.2109375
2 0.92109375 0.43828125 0.05 0.2078125
2 0.96328125 0.784375 0.05 0.2140625