32 0.55546875 0.91484375 0.8890625 0.1703125
32 0.525 0.69765625 0.95 0.3484375
13 0.678125 0.83125 0.64375 0.203125
15 0.759375 0.453125 0.48125 0.246875
15 0.26796875 0.54921875 0.5125 0.2546875
10 0.4828125 0.30703125 0.965625 0.3171875
2 0.4859375 0.30234375 0.1046875 0.0578125
8 0.465625 0.14609375 0.93125 0.2921875
10 0.8375 0.0578125 0.18125 0.115625
23 0.8640625 0.05859375 0.0921875 0.06875
2 0.84609375 0.01796875 0.1359375 0.0359375
10 0.5890625 0.08984375 0.1828125 0.15
23 0.59140625 0.1109375 0.0921875 0.0734375
10 0.3140625 0.14375 0.2796875 0.16875
23 0.3140625 0.16484375 0.0828125 0.065625
10 0.05390625 0.196875 0.1078125 0.134375
23 0.0421875 0.21796875 0.084375 0.0671875
2 0.58203125 0.0578125 0.146875 0.0609375
2 0.30546875 0.109375 0.24375 0.0796875
2 0.04296875 0.1640625 0.0859375 0.046875