8 0.55546875 0.86171875 0.8890625 0.2765625
10 0.25078125 0.971875 0.1984375 0.05625
10 0.734375 0.88515625 0.253125 0.1609375
23 0.23828125 0.98203125 0.0890625 0.0359375
10 0.4859375 0.9390625 0.175 0.121875
23 0.48515625 0.93125 0.084375 0.0671875
23 0.7296875 0.865625 0.0890625 0.0640625
10 0.95390625 0.81796875 0.0921875 0.1234375
23 0.96796875 0.8 0.0640625 0.059375
2 0.49375 0.9703125 0.140625 0.059375
2 0.740625 0.909375 0.221875 0.0875
2 0.965625 0.8421875 0.06875 0.053125
10 0.56015625 0.76953125 0.8796875 0.3390625
2 0.571875 0.77265625 0.0953125 0.053125
32 0.4234375 0.12890625 0.846875 0.2578125
32 0.44375 0.228125 0.8875 0.359375
13 0.33671875 0.37421875 0.64375 0.225
32 0.2640625 0.52578125 0.465625 0.240625
32 0.30625 0.67578125 0.4671875 0.24375
15 0.71953125 0.40703125 0.465625 0.2390625
15 0.76015625 0.5546875 0.46875 0.2421875