10 0.9578125 0.11875 0.0265625 0.18125
2 0.9578125 0.13125 0.015625 0.1375
23 0.95859375 0.04453125 0.0125 0.0140625
10 0.9171875 0.1109375 0.028125 0.16875
23 0.91796875 0.0484375 0.009375 0.0125
10 0.9453125 0.79609375 0.0296875 0.1859375
23 0.946875 0.71953125 0.009375 0.0125
10 0.86640625 0.13359375 0.0375 0.215625
23 0.8671875 0.05703125 0.015625 0.0171875
2 0.86640625 0.15078125 0.0171875 0.15
10 0.90546875 0.7875 0.0390625 0.171875
23 0.90625 0.7234375 0.009375 0.0125
2 0.91640625 0.125 0.0140625 0.11875
10 0.80546875 0.13359375 0.034375 0.215625
23 0.8078125 0.0609375 0.015625 0.0171875
10 0.73515625 0.16875 0.0421875 0.29375
23 0.73984375 0.06328125 0.015625 0.0171875
10 0.2546875 0.12265625 0.0296875 0.215625
10 0.2140625 0.1234375 0.03125 0.21875
23 0.25546875 0.03203125 0.009375 0.0125
10 0.60703125 0.1203125 0.0359375 0.196875
10 0.56484375 0.12109375 0.028125 0.2
23 0.60703125 0.03828125 0.009375 0.0125
23 0.21484375 0.03671875 0.009375 0.0125
2 0.946875 0.80390625 0.015625 0.1453125
10 0.9515625 0.46328125 0.028125 0.159375
2 0.953125 0.4625 0.015625 0.146875
2 0.80625 0.1484375 0.0171875 0.13125
23 0.56640625 0.0421875 0.0109375 0.0125
10 0.79453125 0.80859375 0.05625 0.215625
23 0.79609375 0.7359375 0.015625 0.01875
10 0.85390625 0.81328125 0.046875 0.2234375
23 0.85546875 0.73203125 0.015625 0.01875
10 0.7265625 0.84921875 0.06875 0.3015625
23 0.728125 0.7390625 0.015625 0.01875
10 0.51328125 0.12578125 0.0328125 0.2125
23 0.515625 0.05078125 0.015625 0.01875
10 0.91015625 0.4546875 0.0375 0.146875
2 0.9109375 0.4546875 0.0140625 0.125
10 0.1625 0.1234375 0.0375 0.2234375
23 0.1640625 0.04453125 0.015625 0.0171875
10 0.103125 0.12421875 0.0390625 0.225
23 0.1046875 0.0484375 0.015625 0.01875
10 0.38359375 0.16953125 0.0453125 0.3
23 0.38828125 0.05703125 0.015625 0.0171875
10 0.86015625 0.475 0.046875 0.1875
2 0.8609375 0.47265625 0.01875 0.15625
10 0.20234375 0.775 0.0375 0.171875
23 0.20234375 0.7109375 0.0109375 0.0125
10 0.4546875 0.1265625 0.0375 0.2109375
23 0.45625 0.05390625 0.015625 0.01875
10 0.59453125 0.78984375 0.028125 0.1859375
23 0.59609375 0.7140625 0.0109375 0.0125
2 0.7375 0.18984375 0.0203125 0.21875
2 0.9046875 0.7984375 0.0140625 0.121875
2 0.8546875 0.82734375 0.01875 0.15625
10 0.553125 0.78203125 0.0375 0.1703125
23 0.55390625 0.7171875 0.0109375 0.0125
10 0.24296875 0.7828125 0.028125 0.1859375
23 0.24375 0.70703125 0.009375 0.0125
10 0.80078125 0.4703125 0.05625 0.18125
2 0.8015625 0.46953125 0.01875 0.1375
2 0.7953125 0.821875 0.01875 0.1375
10 0.03203125 0.165625 0.046875 0.3046875
23 0.0359375 0.0515625 0.015625 0.01875
10 0.0921875 0.79609375 0.05625 0.2171875
23 0.09296875 0.7234375 0.015625 0.01875
10 0.1515625 0.80078125 0.046875 0.221875
23 0.15234375 0.71953125 0.015625 0.0171875
10 0.73125 0.515625 0.0671875 0.2765625
2 0.73203125 0.51640625 0.0234375 0.225
10 0.503125 0.80703125 0.046875 0.221875
23 0.50390625 0.725 0.015625 0.0171875
2 0.72578125 0.8703125 0.0234375 0.225
10 0.44296875 0.8015625 0.05625 0.215625
23 0.44453125 0.7296875 0.015625 0.01875
10 0.028125 0.8390625 0.05625 0.30625
23 0.02421875 0.7265625 0.015625 0.01875
10 0.37421875 0.8453125 0.0671875 0.30625
23 0.37578125 0.73203125 0.015625 0.01875
2 0.60703125 0.125 0.015625 0.140625
2 0.56484375 0.11875 0.015625 0.115625
2 0.5140625 0.1484375 0.021875 0.146875
2 0.4546875 0.1421875 0.01875 0.134375
2 0.384375 0.18828125 0.021875 0.21875
2 0.2546875 0.1203125 0.0171875 0.140625
2 0.2140625 0.1125 0.0171875 0.115625
2 0.1625 0.1421875 0.021875 0.15
2 0.103125 0.13671875 0.0203125 0.1328125
2 0.034375 0.18359375 0.021875 0.215625
10 0.60078125 0.45703125 0.028125 0.159375
10 0.55859375 0.4484375 0.0375 0.1453125
10 0.50859375 0.46875 0.046875 0.1875
10 0.44921875 0.46328125 0.05625 0.1796875
10 0.38046875 0.509375 0.0671875 0.2765625
10 0.2484375 0.45078125 0.028125 0.1609375
10 0.2078125 0.44296875 0.0390625 0.146875
10 0.15703125 0.46328125 0.046875 0.1875
10 0.0984375 0.4578125 0.05625 0.1796875
10 0.03125 0.50234375 0.0625 0.2765625
2 0.60078125 0.45546875 0.015625 0.1375
2 0.559375 0.4484375 0.0140625 0.1125
2 0.50859375 0.46875 0.01875 0.146875
2 0.44921875 0.46328125 0.0171875 0.1296875
2 0.38046875 0.51015625 0.021875 0.2171875
2 0.59453125 0.80078125 0.0140625 0.1390625
2 0.553125 0.79296875 0.0140625 0.1125
2 0.503125 0.82421875 0.01875 0.146875
2 0.44375 0.81875 0.0171875 0.13125
2 0.37421875 0.865625 0.021875 0.21875
2 0.24921875 0.45 0.015625 0.1375
2 0.2078125 0.4421875 0.0140625 0.1140625
2 0.15703125 0.46328125 0.01875 0.15
2 0.0984375 0.45625 0.0171875 0.1296875
2 0.02890625 0.503125 0.01875 0.2140625
2 0.24296875 0.7953125 0.015625 0.1390625
2 0.20234375 0.78671875 0.0140625 0.1140625
2 0.15078125 0.81796875 0.0171875 0.1484375
2 0.0921875 0.81171875 0.015625 0.1296875
2 0.02265625 0.85859375 0.01875 0.215625