10 0.1078125 0.04765625 0.17734375 0.02265625
2 0.1203125 0.04765625 0.134375 0.0109375
23 0.0359375 0.04765625 0.0140625 0.0125
10 0.1015625 0.0875 0.1640625 0.0234375
23 0.040625 0.0875 0.01171875 0.01015625
10 0.7671875 0.04765625 0.18125 0.02578125
23 0.69296875 0.04765625 0.0125 0.01015625
10 0.12421875 0.1359375 0.209375 0.0328125
23 0.04921875 0.13671875 0.01640625 0.01484375
2 0.140625 0.1359375 0.14609375 0.01328125
10 0.76015625 0.0875 0.16640625 0.03515625
23 0.69765625 0.0875 0.01171875 0.01015625
2 0.11484375 0.0875 0.11640625 0.0125
10 0.125 0.1953125 0.2109375 0.03046875
23 0.05390625 0.19453125 0.0171875 0.01484375
10 0.1609375 0.26328125 0.28515625 0.0359375
23 0.0578125 0.2609375 0.01640625 0.015625
10 0.12421875 0.73203125 0.21015625 0.0265625
10 0.125 0.771875 0.21328125 0.028125
23 0.0359375 0.7328125 0.01171875 0.01015625
10 0.115625 0.3890625 0.1921875 0.03203125
10 0.11640625 0.4296875 0.19453125 0.025
23 0.0359375 0.390625 0.01171875 0.01015625
23 0.040625 0.77265625 0.01171875 0.01015625
2 0.775 0.04609375 0.140625 0.01171875
10 0.44375 0.04765625 0.15625 0.025
2 0.4421875 0.04609375 0.14375 0.0125
2 0.1390625 0.19453125 0.12890625 0.015625
23 0.040625 0.43046875 0.0125 0.0109375
10 0.78203125 0.19453125 0.20859375 0.0515625
23 0.7109375 0.19453125 0.01796875 0.015625
10 0.78515625 0.13671875 0.2171875 0.04375
23 0.70625 0.13671875 0.0171875 0.01640625
10 0.82734375 0.2609375 0.3 0.06171875
23 0.715625 0.26171875 0.01796875 0.015625
10 0.12265625 0.48046875 0.20625 0.02890625
23 0.04921875 0.4796875 0.01796875 0.015625
10 0.4359375 0.08828125 0.1421875 0.034375
2 0.4359375 0.0875 0.12109375 0.01328125
10 0.1265625 0.821875 0.21796875 0.03359375
23 0.04921875 0.82265625 0.0171875 0.015625
10 0.12734375 0.88046875 0.21796875 0.034375
23 0.05390625 0.8796875 0.01796875 0.015625
10 0.1671875 0.60546875 0.290625 0.03984375
23 0.0578125 0.60390625 0.0171875 0.01484375
10 0.45625 0.13671875 0.18359375 0.04296875
2 0.45390625 0.13671875 0.15078125 0.015625
10 0.76015625 0.77265625 0.1671875 0.034375
23 0.696875 0.7734375 0.0125 0.01015625
10 0.1234375 0.5375 0.20546875 0.03359375
23 0.05390625 0.53671875 0.01796875 0.015625
10 0.7671875 0.390625 0.18125 0.025
23 0.69296875 0.38984375 0.01328125 0.01015625
2 0.18125 0.2609375 0.2125 0.0171875
2 0.7703125 0.0875 0.11875 0.01328125
2 0.79921875 0.13671875 0.15078125 0.015625
10 0.76015625 0.43046875 0.16640625 0.03359375
23 0.696875 0.43046875 0.01328125 0.0109375
10 0.7671875 0.73359375 0.18125 0.025
23 0.69296875 0.7328125 0.01328125 0.01015625
10 0.45234375 0.1953125 0.175 0.05078125
2 0.4515625 0.19453125 0.13359375 0.01484375
2 0.79453125 0.19453125 0.13359375 0.015625
10 0.16953125 0.9484375 0.29609375 0.04140625
23 0.0578125 0.946875 0.0171875 0.015625
10 0.78125 0.8796875 0.209375 0.05234375
23 0.7109375 0.8796875 0.01796875 0.015625
10 0.7859375 0.821875 0.21640625 0.04296875
23 0.70625 0.82265625 0.0171875 0.015625
10 0.4984375 0.26171875 0.2671875 0.0609375
2 0.4984375 0.2609375 0.21875 0.0171875
10 0.7859375 0.47890625 0.215625 0.04296875
23 0.70625 0.4796875 0.01640625 0.015625
2 0.84375 0.2609375 0.21953125 0.0171875
10 0.78125 0.5375 0.20859375 0.05078125
23 0.7109375 0.53671875 0.01796875 0.015625
10 0.82734375 0.946875 0.3 0.06171875
23 0.715625 0.946875 0.01796875 0.015625
10 0.828125 0.60390625 0.30078125 0.0609375
23 0.71484375 0.6046875 0.01796875 0.015625
2 0.1203125 0.3890625 0.13671875 0.01328125
2 0.11484375 0.43046875 0.11171875 0.0140625
2 0.14453125 0.4796875 0.14375 0.0171875
2 0.1390625 0.5375 0.1296875 0.01640625
2 0.1859375 0.6046875 0.21328125 0.01796875
2 0.12109375 0.7328125 0.13671875 0.0140625
2 0.1140625 0.77265625 0.1125 0.01484375
2 0.14453125 0.82265625 0.14609375 0.0171875
2 0.13984375 0.8796875 0.12890625 0.01796875
2 0.1859375 0.94609375 0.2109375 0.01875
10 0.44375 0.38984375 0.15625 0.02578125
10 0.4359375 0.43046875 0.14140625 0.03359375
10 0.45625 0.4796875 0.18359375 0.04296875
10 0.4515625 0.5375 0.17421875 0.05234375
10 0.4984375 0.60390625 0.2671875 0.06171875
10 0.44296875 0.7328125 0.15703125 0.025
10 0.43671875 0.77265625 0.1421875 0.034375
10 0.45703125 0.821875 0.18359375 0.04296875
10 0.45234375 0.8796875 0.17421875 0.0515625
10 0.4984375 0.94609375 0.26796875 0.0609375
2 0.4421875 0.38984375 0.13359375 0.0109375
2 0.4359375 0.43046875 0.109375 0.0125
2 0.45625 0.4796875 0.14375 0.015625
2 0.4515625 0.5375 0.12578125 0.015625
2 0.4984375 0.60390625 0.21171875 0.01796875
2 0.778125 0.38984375 0.13515625 0.01015625
2 0.77109375 0.4296875 0.11015625 0.01328125
2 0.80234375 0.47890625 0.14375 0.01484375
2 0.79765625 0.53671875 0.12734375 0.01484375
2 0.84453125 0.60390625 0.21171875 0.01875
2 0.4421875 0.7328125 0.134375 0.0109375
2 0.4359375 0.77265625 0.1109375 0.0125
2 0.45703125 0.821875 0.1453125 0.01484375
2 0.4515625 0.8796875 0.1265625 0.015625
2 0.4984375 0.94609375 0.20859375 0.015625
2 0.77890625 0.7328125 0.134375 0.0109375
2 0.77109375 0.77265625 0.11015625 0.0125
2 0.80234375 0.821875 0.14375 0.0140625
2 0.79765625 0.8796875 0.12578125 0.01328125
2 0.84453125 0.946875 0.21015625 0.015625