10 0.859375 0.95 0.0625 0.1
2 0.8625 0.95546875 0.040625 0.0890625
10 0.81796875 0.9515625 0.0609375 0.096875
10 0.98828125 0.33984375 0.0234375 0.1859375
23 0.99296875 0.41328125 0.0125 0.0140625
10 0.77578125 0.9234375 0.0796875 0.153125
2 0.7796875 0.93125 0.046875 0.1375
10 0.965625 0.3375 0.06875 0.171875
23 0.9546875 0.4 0.0125 0.0140625
2 0.82109375 0.95703125 0.0390625 0.0859375
10 0.7171875 0.91640625 0.078125 0.1671875
10 0.65859375 0.871875 0.1015625 0.25625
23 0.6375 0.990625 0.01875 0.01875
10 0.18828125 0.81875 0.0734375 0.2125
10 0.14921875 0.80859375 0.0765625 0.2171875
23 0.1671875 0.90546875 0.0125 0.0140625
10 0.525 0.903125 0.075 0.19375
10 0.484375 0.89375 0.06875 0.196875
23 0.50546875 0.9828125 0.0125 0.0140625
23 0.12890625 0.89140625 0.0125 0.0140625
2 0.9953125 0.33203125 0.009375 0.1421875
10 0.93515625 0.659375 0.059375 0.159375
2 0.93671875 0.6609375 0.0453125 0.14375
2 0.721875 0.92578125 0.04375 0.1296875
23 0.4671875 0.96953125 0.0140625 0.0140625
10 0.86796875 0.2921875 0.0984375 0.2171875
23 0.8515625 0.3625 0.01875 0.021875
10 0.92578125 0.3015625 0.0921875 0.2234375
23 0.9078125 0.37890625 0.01875 0.0203125
10 0.8125 0.23203125 0.1296875 0.309375
23 0.7875 0.34296875 0.01875 0.021875
10 0.4359375 0.87734375 0.0765625 0.2109375
23 0.4203125 0.95 0.01875 0.021875
10 0.8953125 0.6578125 0.065625 0.1484375
2 0.8953125 0.6578125 0.0390625 0.121875
10 0.1 0.7953125 0.0828125 0.221875
23 0.08203125 0.871875 0.01875 0.0203125
10 0.04296875 0.78125 0.0828125 0.2234375
23 0.0265625 0.85390625 0.01875 0.021875
10 0.32265625 0.8046875 0.10625 0.2953125
23 0.29921875 0.91328125 0.01875 0.0203125
10 0.85078125 0.62578125 0.084375 0.1890625
2 0.85078125 0.62890625 0.05 0.153125
10 0.29296875 0.18203125 0.071875 0.171875
23 0.27734375 0.24453125 0.0125 0.0140625
10 0.38125 0.86328125 0.0796875 0.2109375
23 0.36484375 0.93203125 0.01875 0.021875
10 0.671875 0.2625 0.065625 0.184375
23 0.65546875 0.334375 0.0125 0.0140625
2 0.665625 0.86953125 0.065625 0.2140625
2 0.97109375 0.328125 0.0390625 0.1203125
2 0.9296875 0.2890625 0.05 0.153125
10 0.63046875 0.26015625 0.071875 0.171875
23 0.615625 0.321875 0.0140625 0.0140625
10 0.3328125 0.184375 0.065625 0.1859375
23 0.3171875 0.25703125 0.0125 0.0140625
10 0.79296875 0.6171875 0.090625 0.184375
2 0.79375 0.6171875 0.0453125 0.134375
2 0.871875 0.2796875 0.0453125 0.134375
10 0.01953125 0.72421875 0.0390625 0.3015625
10 0.19296875 0.13671875 0.1 0.21875
23 0.17578125 0.20625 0.01875 0.021875
10 0.25078125 0.14609375 0.0921875 0.2234375
23 0.23203125 0.2234375 0.01875 0.0203125
10 0.7375 0.55625 0.121875 0.278125
2 0.7390625 0.55703125 0.0671875 0.2203125
10 0.58828125 0.2234375 0.0921875 0.2234375
23 0.56953125 0.30234375 0.01875 0.0203125
2 0.8171875 0.21640625 0.06875 0.2203125
10 0.5296875 0.21484375 0.0984375 0.2171875
23 0.51484375 0.284375 0.01875 0.021875
10 0.13671875 0.115625 0.1296875 0.23125
23 0.1109375 0.18671875 0.01875 0.021875
10 0.47421875 0.15390625 0.1296875 0.3078125
23 0.4484375 0.2640625 0.01875 0.021875
2 0.52578125 0.9 0.04375 0.1390625
2 0.48359375 0.89609375 0.0390625 0.1125
2 0.4421875 0.85625 0.05 0.1453125
2 0.38359375 0.8484375 0.046875 0.13125
2 0.328125 0.78671875 0.0671875 0.2140625
2 0.18671875 0.82109375 0.0453125 0.1375
2 0.1453125 0.81875 0.040625 0.1125
2 0.10390625 0.77734375 0.05 0.1484375
2 0.0453125 0.76953125 0.046875 0.13125
2 0.01171875 0.70703125 0.0234375 0.2109375
10 0.5984375 0.58125 0.059375 0.159375
10 0.55703125 0.5796875 0.065625 0.1484375
10 0.51328125 0.54765625 0.084375 0.190625
10 0.4546875 0.5390625 0.090625 0.1828125
10 0.4 0.478125 0.121875 0.278125
10 0.26015625 0.50390625 0.0609375 0.1609375
10 0.21953125 0.50078125 0.065625 0.1484375
10 0.175 0.46875 0.084375 0.190625
10 0.11796875 0.4609375 0.090625 0.184375
10 0.06171875 0.40078125 0.121875 0.2796875
2 0.59765625 0.5828125 0.0421875 0.134375
2 0.55703125 0.5796875 0.0375 0.1109375
2 0.51328125 0.54765625 0.0484375 0.1453125
2 0.4546875 0.53984375 0.04375 0.128125
2 0.4 0.478125 0.0671875 0.2125
2 0.675 0.2515625 0.0421875 0.1359375
2 0.63359375 0.2484375 0.0375 0.1125
2 0.5921875 0.2078125 0.0484375 0.146875
2 0.534375 0.19921875 0.04375 0.128125
2 0.47890625 0.13671875 0.0671875 0.2140625
2 0.26015625 0.5046875 0.0421875 0.1359375
2 0.21875 0.5015625 0.0375 0.1125
2 0.175 0.46953125 0.0484375 0.146875
2 0.1171875 0.4625 0.04375 0.128125
2 0.06171875 0.40078125 0.0625 0.209375
2 0.33671875 0.17265625 0.04375 0.1375
2 0.2953125 0.17109375 0.0375 0.1125
2 0.25390625 0.12890625 0.046875 0.146875
2 0.19609375 0.12109375 0.0421875 0.128125
2 0.140625 0.08203125 0.0625 0.1640625