11 0.37578125 0.37265625 0.74609375 0.73828125
11 0.8734375 0.13671875 0.24453125 0.2640625
11 0.8734375 0.3671875 0.24453125 0.18515625
11 0.87265625 0.59453125 0.24296875 0.25390625
11 0.8734375 0.86484375 0.2421875 0.26953125
2 0.05625 0.053125 0.08671875 0.03203125
2 0.79765625 0.04765625 0.07734375 0.02890625
2 0.1671875 0.140625 0.31015625 0.0265625
2 0.025 0.10625 0.02421875 0.02421875
2 0.7984375 0.31328125 0.0796875 0.02578125
2 0.7890625 0.0875 0.05625 0.0234375
2 0.7921875 0.15859375 0.0625 0.02109375
2 0.0390625 0.259375 0.053125 0.01875
2 0.78203125 0.35078125 0.04375 0.01953125
2 0.03203125 0.34765625 0.03984375 0.01796875
2 0.05234375 0.30390625 0.08046875 0.01875
2 0.9375 0.3890625 0.09296875 0.0234375
2 0.78203125 0.23203125 0.04140625 0.02109375
2 0.77578125 0.19453125 0.03046875 0.01953125
2 0.7765625 0.12265625 0.03046875 0.01796875
2 0.77734375 0.3875 0.03359375 0.01875
2 0.0328125 0.18828125 0.03984375 0.02109375
2 0.05546875 0.39296875 0.0859375 0.021875
2 0.053125 0.4359375 0.08203125 0.01953125
2 0.05546875 0.2171875 0.0875 0.02109375
2 0.04765625 0.48828125 0.071875 0.01875
2 0.14140625 0.34921875 0.01640625 0.0171875
2 0.14609375 0.30390625 0.025 0.0234375
2 0.1671875 0.2609375 0.0671875 0.01875
2 0.94765625 0.4234375 0.0796875 0.021875
2 0.14453125 0.3921875 0.021875 0.015625
2 0.14296875 0.43671875 0.01796875 0.01484375
2 0.81953125 0.97265625 0.12109375 0.0203125
2 0.82109375 0.90625 0.11953125 0.0203125
32 0.23046875 0.4890625 0.19453125 0.0421875
33 0.17109375 0.60234375 0.3140625 0.09921875
2 0.0421875 0.54140625 0.05234375 0.0171875
10 0.71171875 0.69140625 0.05390625 0.04140625
2 0.7109375 0.69140625 0.01796875 0.01875
2 0.78203125 0.4234375 0.04296875 0.01953125
2 0.940625 0.08671875 0.0859375 0.02265625
2 0.97890625 0.1953125 0.0109375 0.01875
2 0.97890625 0.2296875 0.0109375 0.01796875
2 0.9640625 0.35234375 0.03828125 0.0203125
2 0.9671875 0.81640625 0.03515625 0.01484375
2 0.96796875 0.8828125 0.03515625 0.01484375
2 0.96171875 0.125 0.0453125 0.0234375
2 0.96796875 0.95078125 0.03515625 0.015625
2 0.95859375 0.15859375 0.0546875 0.02109375
2 0.77421875 0.50625 0.02578125 0.0234375
19 0.871875 0.5890625 0.22421875 0.01015625
2 0.7703125 0.5625 0.01640625 0.01953125
2 0.8 0.61796875 0.07578125 0.0203125
23 0.97578125 0.56171875 0.00390625 0.0171875
23 0.97578125 0.6171875 0.00390625 0.0171875
19 0.87265625 0.64375 0.215625 0.0078125
10 0.95390625 0.67734375 0.06015625 0.040625
2 0.95390625 0.6765625 0.04375 0.01875
2 0.82109375 0.840625 0.11796875 0.01875
2 0.79375 0.81796875 0.0640625 0.01796875
31 0.8734375 0.75390625 0.23984375 0.04375
30 0.775 0.75234375 0.03984375 0.03046875
30 0.821875 0.753125 0.05 0.02890625
2 0.77421875 0.75234375 0.0234375 0.01640625
2 0.821875 0.753125 0.025 0.0171875