11 0.50078125 0.0390625 0.99296875 0.071875
11 0.3765625 0.4015625 0.74453125 0.64296875
11 0.8734375 0.2015625 0.24296875 0.240625
11 0.87265625 0.415625 0.24140625 0.16875
11 0.87265625 0.62578125 0.2421875 0.2328125
11 0.87265625 0.875 0.24140625 0.25
2 0.78984375 0.15703125 0.05625 0.02109375
2 0.7921875 0.2234375 0.0625 0.0203125
2 0.7828125 0.40078125 0.04453125 0.01796875
2 0.775 0.25625 0.03046875 0.01796875
2 0.77890625 0.43359375 0.0359375 0.01796875
2 0.7765625 0.1890625 0.03125 0.0171875
2 0.78203125 0.28984375 0.04375 0.01875
2 0.9484375 0.46875 0.07265625 0.02109375
2 0.93828125 0.4359375 0.0921875 0.02265625
2 0.78203125 0.4671875 0.04296875 0.01953125
19 0.8734375 0.8734375 0.225 0.0078125
2 0.821875 0.8515625 0.12109375 0.01640625
2 0.8234375 0.91328125 0.1234375 0.0171875
2 0.96484375 0.4 0.03828125 0.021875
2 0.96796875 0.8296875 0.03515625 0.0140625
2 0.82265625 0.97578125 0.12421875 0.01640625
2 0.96796875 0.89140625 0.0359375 0.0140625
2 0.9671875 0.95390625 0.0359375 0.0140625
13 0.065625 0.63125 0.10390625 0.028125
2 0.0421875 0.59140625 0.05859375 0.02109375
2 0.04375 0.56171875 0.0609375 0.021875
2 0.04765625 0.51875 0.071875 0.0171875
2 0.94140625 0.15546875 0.0859375 0.02265625
2 0.053125 0.47890625 0.08125 0.01875
2 0.0546875 0.4375 0.0859375 0.01875
2 0.05234375 0.35859375 0.07890625 0.01953125
2 0.03828125 0.31796875 0.04921875 0.01796875
2 0.16796875 0.20625 0.30859375 0.021875
2 0.025 0.17421875 0.0234375 0.02109375
2 0.05546875 0.12578125 0.0859375 0.02890625
2 0.05546875 0.278125 0.084375 0.02109375
2 0.0328125 0.24921875 0.0390625 0.0203125
2 0.0328125 0.3984375 0.03984375 0.0171875
2 0.16640625 0.31640625 0.06640625 0.01796875
2 0.14609375 0.52109375 0.0265625 0.0171875
2 0.1421875 0.4796875 0.0171875 0.01640625
2 0.14453125 0.43984375 0.02109375 0.0140625
2 0.14140625 0.39765625 0.015625 0.01796875
2 0.14609375 0.3578125 0.0234375 0.01640625
10 0.95 0.0390625 0.0734375 0.0390625
2 0.9546875 0.03984375 0.0453125 0.01484375
23 0.9265625 0.03984375 0.00625 0.01171875
2 0.9578125 0.225 0.053125 0.02265625
2 0.96171875 0.19140625 0.0453125 0.02109375
2 0.97890625 0.28984375 0.01171875 0.01796875
2 0.978125 0.25703125 0.0109375 0.01640625
2 0.79765625 0.1203125 0.07265625 0.0234375
2 0.8 0.365625 0.07734375 0.02578125
2 0.7734375 0.54375 0.02578125 0.021875
19 0.87265625 0.61953125 0.22421875 0.00703125
2 0.7703125 0.59609375 0.01796875 0.01953125
19 0.87265625 0.67109375 0.2171875 0.00703125
2 0.8 0.64765625 0.07734375 0.02421875
10 0.95390625 0.7015625 0.0609375 0.0390625
2 0.95390625 0.7015625 0.04453125 0.0171875
31 0.87265625 0.77265625 0.2390625 0.0390625
30 0.77421875 0.7703125 0.0390625 0.03046875
2 0.77421875 0.77109375 0.02265625 0.01484375
30 0.82109375 0.7703125 0.05 0.0296875
2 0.821875 0.771875 0.0265625 0.01640625
2 0.79296875 0.83203125 0.0625 0.01328125
2 0.79453125 0.89296875 0.0671875 0.01484375
2 0.8 0.95625 0.0796875 0.01328125
23 0.9765625 0.59609375 0.0046875 0.01953125
23 0.97578125 0.6453125 0.00390625 0.01875
19 0.87265625 0.93515625 0.2234375 0.00703125
2 0.1375 0.03984375 0.24609375 0.02890625
2 0.3015625 0.040625 0.078125 0.02734375
2 0.35703125 0.03984375 0.01640625 0.0140625
14 0.35703125 0.03984375 0.02109375 0.025
10 0.71171875 0.678125 0.05390625 0.03828125
2 0.71171875 0.67890625 0.01875 0.0171875