11 0.05546875 0.51953125 0.1109375 0.9609375
11 0.4109375 0.61015625 0.725 0.7796875
11 0.1625 0.14765625 0.26875 0.259375
11 0.38125 0.128125 0.1953125 0.253125
11 0.596875 0.11875 0.259375 0.2375
11 0.84375 0.10859375 0.259375 0.2171875
2 0.125 0.23046875 0.0265625 0.059375
2 0.19296875 0.221875 0.028125 0.065625
2 0.37578125 0.215625 0.021875 0.046875
2 0.228125 0.2359375 0.021875 0.0328125
2 0.41015625 0.21640625 0.021875 0.0390625
2 0.159375 0.240625 0.0203125 0.0328125
2 0.26171875 0.22578125 0.021875 0.046875
2 0.4296875 0.04140625 0.028125 0.075
2 0.39765625 0.05390625 0.03125 0.0953125
2 0.44296875 0.21015625 0.021875 0.0453125
19 0.84921875 0.09765625 0.0296875 0.1953125
2 0.83359375 0.13515625 0.028125 0.1265625
2 0.89609375 0.128125 0.0296875 0.128125
2 0.35859375 0.0296875 0.025 0.0390625
2 0.959375 0.12421875 0.0296875 0.1296875
13 0.67578125 0.92890625 0.0375 0.1078125
2 0.63671875 0.95546875 0.0265625 0.0625
2 0.60625 0.95625 0.0265625 0.0640625
2 0.56171875 0.95625 0.025 0.0765625
2 0.11015625 0.07578125 0.03125 0.0890625
2 0.52109375 0.9546875 0.0265625 0.0859375
2 0.47890625 0.95625 0.0265625 0.0875
2 0.39609375 0.96171875 0.0265625 0.0765625
2 0.35703125 0.97890625 0.0234375 0.0421875
2 0.23125 0.8515625 0.05 0.296875
2 0.1578125 0.96953125 0.0375 0.0609375
2 0.31328125 0.9625 0.0296875 0.075
2 0.2875 0.9875 0.025 0.025
2 0.43984375 0.98046875 0.0203125 0.0390625
2 0.34453125 0.853125 0.025 0.0703125
2 0.55625 0.85546875 0.021875 0.0296875
2 0.5140625 0.8625 0.01875 0.01875
2 0.47265625 0.86484375 0.0171875 0.0234375
2 0.4296875 0.871875 0.0203125 0.0171875
2 0.3890625 0.8703125 0.01875 0.0265625
10 0.00703125 0.078125 0.0140625 0.075
2 0.1796875 0.053125 0.028125 0.0546875
2 0.14375 0.05234375 0.025 0.0453125
2 0.24375 0.02578125 0.0203125 0.0125
2 0.2109375 0.02890625 0.0171875 0.0125
2 0.08671875 0.225 0.03125 0.0765625
2 0.33828125 0.2015625 0.0328125 0.0796875
2 0.52265625 0.21171875 0.0234375 0.028125
19 0.59140625 0.109375 0.0265625 0.21875
2 0.5765625 0.2109375 0.021875 0.0203125
19 0.64375 0.10546875 0.025 0.2109375
2 0.6265625 0.17578125 0.03125 0.0796875
10 0.66796875 0.0234375 0.0453125 0.046875
2 0.66875 0.01875 0.021875 0.0375
31 0.74609375 0.1078125 0.0609375 0.215625
30 0.7546875 0.190625 0.034375 0.04375
2 0.75546875 0.190625 0.0171875 0.0234375
30 0.75 0.1421875 0.0359375 0.0546875
2 0.7515625 0.1421875 0.0203125 0.0296875
2 0.815625 0.165625 0.0203125 0.065625
2 0.878125 0.159375 0.021875 0.0703125
2 0.9421875 0.14765625 0.0203125 0.08125
23 0.5578125 0.0015625 0.01875 0.003125
19 0.91328125 0.0953125 0.0265625 0.190625
2 0.06328125 0.88984375 0.0515625 0.2203125
2 0.05 0.7390625 0.034375 0.0828125
2 0.04375 0.68359375 0.015625 0.01875
14 0.04375 0.6828125 0.0265625 0.0234375
10 0.665625 0.2625 0.0453125 0.059375
2 0.665625 0.26328125 0.0203125 0.0203125