2 0.06953125 0.0453125 0.115625 0.034375
2 0.475 0.14765625 0.92734375 0.028125
2 0.02734375 0.10625 0.03125 0.028125
2 0.4921875 0.2609375 0.96171875 0.059375
2 0.29140625 0.2109375 0.5578125 0.02890625
2 0.27265625 0.4046875 0.5203125 0.02265625
2 0.19765625 0.371875 0.3734375 0.025
2 0.17890625 0.33828125 0.33359375 0.0265625
2 0.53046875 0.37265625 0.2875 0.02265625
2 0.478125 0.3390625 0.2609375 0.0234375
2 0.74296875 0.371875 0.1328125 0.01953125
2 0.8515625 0.37265625 0.08125 0.01875
2 0.9390625 0.3734375 0.090625 0.02109375
2 0.0546875 0.50234375 0.0859375 0.021875
2 0.02890625 0.46796875 0.0359375 0.02734375
2 0.49375 0.4703125 0.8890625 0.02421875
2 0.04453125 0.5546875 0.06640625 0.02109375
2 0.06640625 0.60625 0.10390625 0.0234375
2 0.0375 0.65625 0.05078125 0.0234375
2 0.06875 0.7078125 0.11328125 0.0234375
2 0.06640625 0.759375 0.10859375 0.02578125
2 0.21953125 0.5546875 0.08984375 0.02265625
2 0.190625 0.60546875 0.0328125 0.021875
2 0.18515625 0.65546875 0.02265625 0.02421875
2 0.1890625 0.70703125 0.03046875 0.01953125
2 0.1859375 0.75859375 0.0234375 0.01796875
13 0.08125 0.8953125 0.14140625 0.03046875
2 0.06953125 0.8453125 0.11328125 0.02578125
2 0.03828125 0.81015625 0.053125 0.0234375
10 0.95546875 0.95625 0.0734375 0.04921875
2 0.95546875 0.9546875 0.0265625 0.021875