2 0.5171875 0.896875 0.965625 0.109375
2 0.51171875 0.7890625 0.9765625 0.140625
2 0.31328125 0.85390625 0.565625 0.0796875
2 0.27734375 0.6703125 0.5265625 0.06875
2 0.2 0.709375 0.3671875 0.05625
2 0.1796875 0.74140625 0.321875 0.053125
2 0.53984375 0.678125 0.3140625 0.0484375
2 0.4859375 0.7140625 0.290625 0.046875
2 0.7703125 0.6578125 0.1453125 0.028125
2 0.88828125 0.64765625 0.0921875 0.0296875
2 0.9671875 0.63828125 0.065625 0.0265625
13 0.10390625 0.5421875 0.2046875 0.0484375
2 0.03203125 0.59765625 0.0515625 0.025
2 0.49375 0.58984375 0.9703125 0.1046875
2 0.01328125 0.4890625 0.0265625 0.025
2 0.03359375 0.4234375 0.0671875 0.03125
2 0.03203125 0.28828125 0.0640625 0.0359375
2 0.0265625 0.221875 0.053125 0.03125
33 0.19296875 0.0828125 0.3859375 0.15
32 0.2734375 0.46796875 0.290625 0.06875
32 0.26796875 0.4015625 0.290625 0.06875
32 0.25625 0.26875 0.290625 0.06875
32 0.25 0.2015625 0.290625 0.06875
15 0.2609375 0.33515625 0.290625 0.06875