11 0.5703125 0.39765625 0.859375 0.7953125
11 0.09921875 0.22578125 0.1984375 0.3109375
11 0.12109375 0.45 0.2421875 0.240625
11 0.15390625 0.678125 0.296875 0.3078125
11 0.21484375 0.8921875 0.2984375 0.215625
2 0.1015625 0.11640625 0.084375 0.046875
2 0.75 0.0640625 0.315625 0.0984375
2 0.88359375 0.00546875 0.0296875 0.0109375
2 0.16171875 0.38125 0.084375 0.04375
2 0.11875 0.15390625 0.059375 0.0359375
2 0.13203125 0.22578125 0.0671875 0.0359375
2 0.9046875 0.153125 0.05625 0.0296875
2 0.1859375 0.41484375 0.0484375 0.0296875
2 0.93203125 0.2390625 0.04375 0.028125
2 0.9015625 0.2015625 0.0828125 0.0359375
2 0.04453125 0.48828125 0.0890625 0.0453125
2 0.15859375 0.296875 0.0453125 0.03125
2 0.15625 0.2578125 0.034375 0.0265625
2 0.1390625 0.1875 0.034375 0.025
2 0.2 0.45 0.0375 0.0265625
2 0.89453125 0.08125 0.04375 0.0296875
2 0.91875 0.28984375 0.090625 0.040625
2 0.93125 0.33046875 0.0859375 0.0390625
2 0.878125 0.1140625 0.090625 0.040625
2 0.9484375 0.38203125 0.075 0.034375
2 0.8234375 0.265625 0.0203125 0.0203125
2 0.80859375 0.221875 0.0296875 0.0296875
2 0.778125 0.184375 0.071875 0.034375
2 0.03984375 0.52421875 0.0796875 0.0390625
2 0.83046875 0.31015625 0.025 0.021875
2 0.8421875 0.35390625 0.021875 0.01875
2 0.275 0.9765625 0.1234375 0.046875
32 0.7671875 0.4265625 0.203125 0.0875
33 0.8421875 0.52421875 0.315625 0.1703125
2 0.9671875 0.434375 0.05625 0.0296875
10 0.33515625 0.7375 0.0640625 0.053125
2 0.33515625 0.7375 0.021875 0.021875
2 0.20234375 0.48671875 0.046875 0.0296875
2 0.01328125 0.45859375 0.0265625 0.0296875
2 0.10859375 0.9203125 0.0390625 0.0234375
2 0.12421875 0.98671875 0.0390625 0.0234375
2 0.2296875 0.56796875 0.0296875 0.0296875
19 0.1515625 0.67265625 0.225 0.0625
2 0.246875 0.62265625 0.0203125 0.021875
2 0.22890625 0.68515625 0.0796875 0.0390625
23 0.0421875 0.66875 0.0078125 0.0171875
23 0.0546875 0.725 0.009375 0.01875
19 0.16328125 0.7265625 0.2171875 0.0578125
10 0.090625 0.77890625 0.0703125 0.053125
2 0.090625 0.77890625 0.0484375 0.028125
2 0.2609375 0.9109375 0.121875 0.0453125
2 0.28203125 0.88203125 0.06875 0.0328125
31 0.18984375 0.83671875 0.2484375 0.0984375
30 0.2859375 0.8125 0.046875 0.0390625
30 0.2390625 0.825 0.05625 0.0390625
2 0.2859375 0.8125 0.0265625 0.021875
2 0.2390625 0.82421875 0.028125 0.0234375