11 0.93984375 0.48046875 0.1203125 0.9609375
11 0.60234375 0.603125 0.7171875 0.79375
11 0.7609375 0.11328125 0.265625 0.2265625
11 0.54453125 0.12109375 0.1921875 0.2421875
11 0.33125 0.1328125 0.2578125 0.259375
11 0.1078125 0.15390625 0.215625 0.2609375
2 0.81328125 0.171875 0.0265625 0.0578125
2 0.7453125 0.17578125 0.025 0.0640625
2 0.56640625 0.20078125 0.021875 0.046875
2 0.7140625 0.19609375 0.021875 0.0328125
2 0.534375 0.2078125 0.021875 0.0375
2 0.78203125 0.1875 0.0203125 0.0328125
2 0.67890625 0.19140625 0.021875 0.0453125
2 0.48359375 0.03984375 0.028125 0.075
2 0.51796875 0.046875 0.0296875 0.09375
2 0.49921875 0.20703125 0.021875 0.0453125
19 0.08046875 0.15078125 0.028125 0.228125
2 0.10703125 0.20078125 0.0265625 0.1234375
2 0.04453125 0.2046875 0.0296875 0.1265625
2 0.55 0.01796875 0.025 0.0359375
2 0.115625 0.0515625 0.0171875 0.0359375
2 0.05390625 0.05703125 0.0171875 0.0375
13 0.396875 0.94609375 0.0375 0.1078125
2 0.43984375 0.96640625 0.0265625 0.0609375
2 0.46875 0.9625 0.0265625 0.0640625
2 0.5125 0.9546875 0.0234375 0.075
2 0.8 0.03125 0.03125 0.0625
2 0.55234375 0.9453125 0.025 0.0828125
2 0.59375 0.94140625 0.0265625 0.0890625
2 0.67421875 0.9359375 0.025 0.0828125
2 0.71640625 0.94609375 0.0234375 0.0515625
2 0.81875 0.80546875 0.0484375 0.3125
2 0.86328125 0.94765625 0.0234375 0.0265625
2 0.909375 0.91171875 0.0359375 0.0890625
2 0.75625 0.92578125 0.0296875 0.0875
2 0.7859375 0.94609375 0.0234375 0.0421875
2 0.63515625 0.959375 0.0203125 0.0421875
2 0.70625 0.8171875 0.025 0.06875
2 0.5015625 0.85546875 0.01875 0.028125
2 0.54375 0.85546875 0.01875 0.01875
2 0.58359375 0.84921875 0.0171875 0.0234375
2 0.6265625 0.85 0.0203125 0.0171875
2 0.66640625 0.84140625 0.0171875 0.0265625
10 0.9171875 0.01875 0.046875 0.0375
2 0.91640625 0.009375 0.0203125 0.01875
23 0.91953125 0.02265625 0.0125 0.0078125
2 0.72890625 0.0171875 0.0265625 0.034375
2 0.76328125 0.0125 0.0265625 0.025
2 0.85 0.16015625 0.03125 0.075
2 0.60078125 0.1796875 0.03125 0.0796875
2 0.4234375 0.221875 0.0234375 0.028125
19 0.3375 0.12890625 0.0265625 0.228125
2 0.3703125 0.23046875 0.021875 0.0203125
19 0.28515625 0.13359375 0.025 0.221875
2 0.315625 0.2046875 0.03125 0.0796875
10 0.246875 0.05390625 0.0453125 0.065625
2 0.246875 0.0546875 0.0203125 0.046875
31 0.184375 0.1453125 0.059375 0.2421875
30 0.19375 0.2421875 0.034375 0.04375
2 0.19296875 0.24140625 0.0171875 0.0234375
30 0.1890625 0.19453125 0.034375 0.053125
2 0.1875 0.19375 0.0203125 0.0296875
2 0.1296875 0.228125 0.01875 0.0640625
2 0.06796875 0.2328125 0.021875 0.0703125
2 0.00625 0.23125 0.0125 0.08125
23 0.35234375 0.021875 0.01875 0.00625
23 0.30234375 0.0265625 0.01875 0.0046875
19 0.01796875 0.15625 0.0265625 0.228125
2 0.98203125 0.82109375 0.0359375 0.2515625
2 0.97421875 0.65546875 0.034375 0.08125
2 0.96953125 0.59921875 0.015625 0.01875
14 0.96953125 0.59921875 0.0265625 0.0234375
10 0.2921875 0.296875 0.04375 0.059375
2 0.29140625 0.296875 0.01875 0.0203125