2 0.08359375 0.98671875 0.1234375 0.0265625
2 0.0375 0.93984375 0.0328125 0.0265625
2 0.4953125 0.88828125 0.946875 0.0546875
2 0.5078125 0.7875 0.984375 0.084375
2 0.3046875 0.8375 0.571875 0.0484375
2 0.2796875 0.66484375 0.5359375 0.040625
2 0.20546875 0.69765625 0.384375 0.0359375
2 0.18515625 0.7265625 0.340625 0.034375
2 0.5453125 0.684375 0.29375 0.03125
2 0.49375 0.71484375 0.2703125 0.028125
2 0.76171875 0.67578125 0.134375 0.0203125
2 0.87265625 0.6734375 0.084375 0.021875
2 0.95859375 0.66875 0.0828125 0.021875
13 0.1234375 0.53671875 0.234375 0.0359375
2 0.05390625 0.58515625 0.0890625 0.021875
2 0.028125 0.6171875 0.0359375 0.0234375
2 0.50390625 0.59921875 0.9140625 0.05
2 0.03984375 0.484375 0.06875 0.025
2 0.0609375 0.421875 0.1125 0.028125
2 0.0296875 0.36015625 0.05625 0.0234375
2 0.0609375 0.29453125 0.121875 0.0296875
2 0.05625 0.2328125 0.1125 0.028125
33 0.21484375 0.11171875 0.4296875 0.1203125
2 0.0234375 0.18203125 0.046875 0.0203125
32 0.3078125 0.47578125 0.2703125 0.05
32 0.3046875 0.41328125 0.2703125 0.05
32 0.30078125 0.28828125 0.2703125 0.05
32 0.2984375 0.22578125 0.2703125 0.05
15 0.30234375 0.35078125 0.2703125 0.0515625
10 0.8734375 0.009375 0.075 0.01875
10 0.95078125 0.0078125 0.0640625 0.015625
2 0.871875 0.003125 0.034375 0.00625