2 0.06875 0.04140625 0.11875 0.0328125
2 0.02578125 0.09453125 0.03125 0.02578125
2 0.47578125 0.12890625 0.928125 0.02109375
2 0.4921875 0.228125 0.96484375 0.04921875
2 0.290625 0.1859375 0.56015625 0.028125
2 0.271875 0.35546875 0.525 0.02109375
2 0.1984375 0.32578125 0.37578125 0.021875
2 0.17734375 0.2984375 0.334375 0.02265625
2 0.53125 0.3265625 0.2875 0.01953125
2 0.4796875 0.2984375 0.2640625 0.01875
2 0.74375 0.32734375 0.13125 0.01484375
2 0.85234375 0.3265625 0.08203125 0.01875
2 0.94140625 0.328125 0.0890625 0.01953125
13 0.1234375 0.4859375 0.228125 0.028125
2 0.05390625 0.44140625 0.08671875 0.01875
2 0.02734375 0.4109375 0.03515625 0.02265625
2 0.49453125 0.41171875 0.89609375 0.01875
2 0.04375 0.53984375 0.06796875 0.0203125
2 0.06640625 0.60078125 0.11015625 0.02265625
2 0.03828125 0.66171875 0.05546875 0.02109375
2 0.06953125 0.7234375 0.11875 0.02421875
2 0.0671875 0.784375 0.11328125 0.02265625
33 0.22421875 0.8984375 0.4265625 0.10234375
2 0.0375 0.83515625 0.05 0.01796875
32 0.30546875 0.5390625 0.26328125 0.040625
32 0.30546875 0.6 0.2625 0.040625
32 0.30546875 0.72265625 0.26328125 0.040625
32 0.30546875 0.78359375 0.2625 0.040625
15 0.30546875 0.66171875 0.2625 0.040625
10 0.87578125 0.98359375 0.071875 0.03203125
10 0.9578125 0.98359375 0.071875 0.0328125
2 0.87578125 0.9890625 0.034375 0.01796875
2 0.95703125 0.9875 0.02421875 0.0171875