11 0.59921875 0.57578125 0.8015625 0.8484375
11 0.21484375 0.89296875 0.2984375 0.2140625
11 0.1625 0.71640625 0.28125 0.2375
11 0.12890625 0.49296875 0.2578125 0.3046875
11 0.09921875 0.22890625 0.1984375 0.3171875
2 0.30859375 0.9953125 0.0828125 0.009375
2 0.875 0.778125 0.25 0.096875
2 0.2484375 0.753125 0.084375 0.04375
2 0.30859375 0.971875 0.059375 0.0359375
2 0.28828125 0.90234375 0.065625 0.0359375
2 0.9875 0.63203125 0.025 0.0296875
2 0.2546875 0.7125 0.046875 0.028125
2 0.984375 0.5453125 0.03125 0.028125
2 0.96953125 0.59296875 0.0609375 0.0359375
2 0.09375 0.709375 0.096875 0.04375
2 0.28203125 0.828125 0.04375 0.0296875
2 0.296875 0.86328125 0.034375 0.025
2 0.31171875 0.934375 0.034375 0.025
2 0.2515625 0.675 0.0375 0.0265625
2 0.95625 0.5046875 0.0875 0.040625
2 0.95 0.46328125 0.084375 0.0375
2 0.97578125 0.678125 0.0484375 0.040625
2 0.94375 0.4109375 0.075 0.034375
2 0.8828125 0.56875 0.01875 0.0203125
2 0.8890625 0.6140625 0.0296875 0.028125
2 0.878125 0.66015625 0.0703125 0.0328125
2 0.07734375 0.67890625 0.0828125 0.0390625
2 0.8703125 0.5265625 0.025 0.0203125
2 0.86171875 0.4828125 0.021875 0.01875
2 0.07734375 0.11015625 0.1234375 0.046875
2 0.090625 0.17578125 0.121875 0.046875
32 0.7640625 0.45078125 0.2 0.0859375
33 0.796875 0.32734375 0.3296875 0.16875
2 0.93671875 0.3578125 0.05625 0.0296875
10 0.24765625 0.36171875 0.0609375 0.0515625
2 0.24765625 0.36171875 0.021875 0.021875
2 0.2390625 0.64140625 0.046875 0.028125
2 0.15859375 0.99296875 0.0890625 0.0140625
2 0.09765625 0.90859375 0.015625 0.0203125
2 0.08984375 0.875 0.015625 0.0203125
2 0.0765625 0.7515625 0.040625 0.028125
2 0.13046875 0.97421875 0.05 0.0328125
2 0.12578125 0.93984375 0.0578125 0.034375
2 0.228125 0.55703125 0.0296875 0.028125
19 0.11328125 0.4984375 0.221875 0.0609375
2 0.21875 0.5015625 0.01875 0.021875
2 0.1765625 0.45390625 0.0796875 0.0375
23 0.0171875 0.54921875 0.0078125 0.0171875
23 0.0046875 0.49453125 0.00625 0.0171875
19 0.103125 0.44375 0.20625 0.05625
10 0.02265625 0.4296875 0.0453125 0.053125
2 0.01796875 0.4296875 0.0359375 0.028125
2 0.10625 0.23984375 0.1203125 0.0453125
2 0.13828125 0.25625 0.06875 0.0328125
31 0.09765625 0.3359375 0.1953125 0.096875
30 0.17109375 0.31640625 0.046875 0.0390625
30 0.125 0.32578125 0.0546875 0.0390625
2 0.17109375 0.31640625 0.0265625 0.021875
2 0.125 0.32578125 0.028125 0.021875