2 0.88359375 0.4546875 0.2203125 0.909375
2 0.76015625 0.47265625 0.2546875 0.9453125
2 0.77578125 0.2609375 0.1421875 0.521875
2 0.559375 0.2609375 0.128125 0.521875
2 0.57890625 0.17734375 0.0984375 0.3546875
2 0.6125 0.15234375 0.090625 0.3046875
2 0.64609375 0.51171875 0.0859375 0.3171875
2 0.67109375 0.446875 0.08125 0.290625
2 0.6921875 0.74296875 0.05 0.1484375
2 0.7140625 0.8609375 0.0390625 0.0921875
2 0.728125 0.9359375 0.0359375 0.0609375
2 0.40703125 0.03828125 0.0359375 0.059375
2 0.53203125 0.49140625 0.2140625 0.975
2 0.3484375 0.03828125 0.03125 0.0390625
2 0.29609375 0.07109375 0.040625 0.0828125
2 0.23515625 0.0515625 0.028125 0.0234375
2 0.1859375 0.09609375 0.0421875 0.090625
2 0.12890625 0.1046875 0.04375 0.084375
2 0.38125 0.21015625 0.04375 0.103125
2 0.31953125 0.18984375 0.03125 0.040625
2 0.26328125 0.19453125 0.0328125 0.0296875
2 0.2078125 0.209375 0.028125 0.0375
2 0.1515625 0.2171875 0.0234375 0.0296875
13 0.00625 0.15 0.0125 0.121875
2 0.0359375 0.1265625 0.04375 0.090625
2 0.0671875 0.08515625 0.028125 0.025