2 0.509375 0.896875 0.953125 0.0625
2 0.4953125 0.7703125 0.990625 0.1
2 0.7125 0.834375 0.5515625 0.05
2 0.74140625 0.6234375 0.509375 0.040625
2 0.81953125 0.66015625 0.35 0.0390625
2 0.83984375 0.6984375 0.3078125 0.0390625
2 0.4859375 0.6484375 0.3140625 0.0359375
2 0.5421875 0.68671875 0.284375 0.034375
2 0.2546875 0.640625 0.1453125 0.0265625
2 0.1359375 0.6359375 0.0875 0.0234375
2 0.04453125 0.63203125 0.0890625 0.0265625
2 0.98125 0.52421875 0.0359375 0.025
2 0.521875 0.54375 0.953125 0.059375
2 0.971875 0.4109375 0.05625 0.028125
2 0.9703125 0.2984375 0.059375 0.028125
2 0.97421875 0.24296875 0.0515625 0.0296875
2 0.83203125 0.46171875 0.1 0.028125
2 0.865625 0.40703125 0.0375 0.025
2 0.87421875 0.35234375 0.0265625 0.028125
2 0.871875 0.29609375 0.034375 0.0234375
2 0.87734375 0.240625 0.025 0.021875
13 0.959375 0.09375 0.08125 0.0375
2 0.97265625 0.14921875 0.0546875 0.0296875
10 0.05 0.01171875 0.06875 0.0234375
2 0.04375 0.00390625 0.03125 0.0078125