5 0.5 0.04453125 1 0.0890625
23 0.0859375 0.046875 0.078125 0.03125
24 0.5 0.04921875 0.3609375 0.0421875
11 0.25703125 0.1671875 0.44765625 0.12109375
2 0.175 0.1859375 0.2 0.03671875
2 0.1375 0.1421875 0.13046875 0.03125
11 0.74453125 0.165625 0.45078125 0.12265625
2 0.69609375 0.18359375 0.253125 0.0328125
2 0.6484375 0.14140625 0.16953125 0.028125
11 0.5 0.53046875 0.95 0.571875
0 0.48046875 0.521875 0.80546875 0.5078125
8 0.4984375 0.94453125 0.996875 0.1109375
11 0.5 0.85703125 0.94765625 0.0578125
2 0.196875 0.8640625 0.2515625 0.025
23 0.90234375 0.86328125 0.0484375 0.02265625
10 0.13515625 0.93359375 0.1984375 0.07734375
23 0.13359375 0.91796875 0.06640625 0.034375
2 0.13359375 0.95234375 0.17578125 0.0265625
10 0.371875 0.93125 0.12109375 0.0671875
2 0.37109375 0.94921875 0.0796875 0.02109375
23 0.37734375 0.92109375 0.07734375 0.03125
10 0.6125 0.93359375 0.1328125 0.06953125
23 0.6125 0.91953125 0.08203125 0.02890625
2 0.61328125 0.95078125 0.09296875 0.02109375
10 0.86015625 0.93359375 0.1328125 0.06953125
23 0.85859375 0.91953125 0.06328125 0.03203125
2 0.859375 0.95078125 0.10703125 0.01953125