5 0.5 0.04453125 1 0.08828125
23 0.0859375 0.04921875 0.08359375 0.02421875
24 0.503125 0.046875 0.371875 0.0453125
11 0.5015625 0.27421875 0.946875 0.34453125
1 0.496875 0.2703125 0.85546875 0.28203125
11 0.25546875 0.52734375 0.4609375 0.13046875
2 0.17109375 0.546875 0.18046875 0.034375
2 0.14140625 0.50390625 0.13359375 0.02421875
11 0.74453125 0.528125 0.4609375 0.1296875
2 0.6984375 0.54453125 0.25859375 0.03671875
2 0.653125 0.50625 0.16640625 0.034375
8 0.5015625 0.94609375 0.996875 0.1078125
10 0.13828125 0.93828125 0.209375 0.07265625
2 0.1359375 0.95546875 0.178125 0.0203125
23 0.1375 0.925 0.06953125 0.0328125
10 0.37890625 0.940625 0.12265625 0.07109375
2 0.37578125 0.95859375 0.06875 0.0234375
23 0.375 0.9265625 0.071875 0.03046875
10 0.6171875 0.93984375 0.11875 0.07421875
2 0.6140625 0.9578125 0.0921875 0.01875
23 0.6125 0.92578125 0.0640625 0.0296875
10 0.8609375 0.940625 0.1390625 0.075
2 0.86015625 0.9578125 0.1109375 0.021875
23 0.85859375 0.9265625 0.06875 0.03359375
11 0.4984375 0.74765625 0.94609375 0.28359375
19 0.49609375 0.67265625 0.91953125 0.01328125
2 0.196875 0.64140625 0.25 0.0328125
23 0.9015625 0.64140625 0.08046875 0.02734375
2 0.45703125 0.778125 0.7859375 0.09296875
2 0.2515625 0.70625 0.38046875 0.02890625
19 0.496875 0.85 0.921875 0.01328125