5 0.08984375 0.46015625 0.1796875 0.9203125
23 0.12578125 0.02890625 0.0390625 0.0578125
24 0.05234375 0.4296875 0.1046875 0.378125
11 0.2765625 0.484375 0.509375 0.96875
1 0.2734375 0.46328125 0.4296875 0.9015625
11 0.571875 0.2671875 0.209375 0.48125
2 0.60625 0.1859375 0.065625 0.1859375
2 0.56875 0.15 0.0484375 0.1359375
11 0.48671875 0.7546875 0.209375 0.48125
2 0.5109375 0.71171875 0.0828125 0.2640625
2 0.48046875 0.659375 0.0625 0.171875
8 0.90234375 0.53984375 0.1953125 0.9203125
10 0.9734375 0.221875 0.053125 0.221875
23 0.98359375 0.21875 0.0328125 0.075
10 0.9578125 0.46328125 0.084375 0.1359375
2 0.98046875 0.4625 0.034375 0.071875
23 0.94765625 0.45625 0.04375 0.0765625
10 0.91953125 0.7 0.0953125 0.13125
2 0.9375 0.69921875 0.034375 0.09375
23 0.90625 0.69296875 0.040625 0.06875
10 0.87734375 0.93359375 0.0984375 0.1328125
2 0.89375 0.94375 0.040625 0.1125
23 0.8640625 0.9375 0.0453125 0.0734375
11 0.74765625 0.52578125 0.4484375 0.9484375
19 0.67421875 0.53203125 0.175 0.91875
2 0.69609375 0.22890625 0.0765625 0.2546875
23 0.57265625 0.93046875 0.0421875 0.084375
2 0.7859375 0.51171875 0.2296875 0.8
2 0.7515625 0.29453125 0.09375 0.3828125
19 0.85078125 0.55234375 0.1765625 0.8953125