5 0.959375 0.4875 0.08125 0.975
23 0.9640625 0.0453125 0.0296875 0.0859375
24 0.978125 0.49921875 0.04375 0.3984375
11 0.846875 0.24375 0.15625 0.4875
2 0.821875 0.15078125 0.0515625 0.2203125
2 0.8671875 0.10703125 0.0421875 0.1453125
11 0.8765625 0.7515625 0.15625 0.4625
2 0.85390625 0.72109375 0.0484375 0.2796875
2 0.89765625 0.6671875 0.040625 0.1875
11 0.46328125 0.5 0.6765625 1
0 0.4734375 0.5046875 0.6 0.9125
8 0.05 0.5109375 0.1 0.978125
11 0.10859375 0.5109375 0.1140625 0.978125
2 0.084375 0.21328125 0.040625 0.2765625
23 0.125 0.9796875 0.028125 0.040625
10 0.0265625 0.14609375 0.053125 0.2234375
23 0.02109375 0.14609375 0.040625 0.0734375
10 0.03046875 0.4078125 0.0609375 0.134375
2 0.00859375 0.40625 0.0171875 0.0875
23 0.03203125 0.4140625 0.0390625 0.0859375
10 0.040625 0.6703125 0.0703125 0.1484375
23 0.04765625 0.671875 0.0359375 0.0921875
2 0.01796875 0.67265625 0.0234375 0.1015625
10 0.05390625 0.93359375 0.0703125 0.1328125
23 0.0625 0.94140625 0.0375 0.0703125
2 0.03125 0.940625 0.0234375 0.11875