5 0.0796875 0.56484375 0.159375 0.8703125
11 0.2640625 0.51796875 0.528125 0.9640625
1 0.23984375 0.52265625 0.4796875 0.9546875
11 0.553125 0.71953125 0.2578125 0.51875
2 0.59609375 0.80390625 0.084375 0.2
2 0.55859375 0.8453125 0.0609375 0.1453125
11 0.43046875 0.2328125 0.2453125 0.465625
2 0.4546875 0.2484375 0.1078125 0.2828125
2 0.42734375 0.30703125 0.0796875 0.184375
8 0.8796875 0.44453125 0.240625 0.8890625
10 0.97421875 0.7359375 0.0515625 0.240625
23 0.9875 0.7390625 0.025 0.08125
10 0.95 0.48125 0.1 0.146875
2 0.9734375 0.48046875 0.0421875 0.078125
23 0.93984375 0.4890625 0.05 0.084375
10 0.890625 0.23125 0.1078125 0.14375
2 0.91015625 0.23046875 0.04375 0.1015625
23 0.87734375 0.23984375 0.046875 0.075
10 0.82734375 0.02890625 0.1140625 0.0578125
2 0.84453125 0.015625 0.0515625 0.03125
23 0.8125 0.01015625 0.053125 0.0203125
11 0.72578125 0.4703125 0.5328125 0.940625
19 0.64609375 0.45703125 0.2484375 0.9140625
2 0.68828125 0.75078125 0.0984375 0.271875
23 0.50390625 0.028125 0.0453125 0.05625
2 0.7625 0.4421875 0.303125 0.8515625
2 0.7421875 0.67734375 0.1296875 0.4078125
19 0.83203125 0.43359375 0.2484375 0.8671875