5 0.05078125 0.50703125 0.1015625 0.9859375
23 0.028125 0.10078125 0.034375 0.0796875
24 0.0453125 0.52109375 0.05625 0.36875
11 0.15546875 0.2703125 0.1375 0.4609375
2 0.17265625 0.1859375 0.0453125 0.2046875
2 0.1265625 0.14921875 0.0359375 0.134375
11 0.17265625 0.765625 0.140625 0.4625
2 0.18828125 0.715625 0.0421875 0.2578125
2 0.14375 0.66953125 0.034375 0.175
11 0.53359375 0.50390625 0.6140625 0.9859375
0 0.52421875 0.48515625 0.54375 0.8359375
8 0.940625 0.49296875 0.11875 0.9859375
11 0.865625 0.49296875 0.09375 0.965625
2 0.86171875 0.18515625 0.034375 0.25625
23 0.8859375 0.9015625 0.025 0.0515625
10 0.9296875 0.11875 0.084375 0.2046875
23 0.91484375 0.11796875 0.0359375 0.06875
2 0.94921875 0.1171875 0.0328125 0.1796875
10 0.93671875 0.36015625 0.0734375 0.125
2 0.9546875 0.359375 0.025 0.08125
23 0.9265625 0.36640625 0.034375 0.0796875
10 0.946875 0.60390625 0.075 0.1375
23 0.9328125 0.60546875 0.0328125 0.084375
2 0.96484375 0.6046875 0.025 0.09375
10 0.95546875 0.85625 0.075 0.1375
23 0.94140625 0.85546875 0.0328125 0.0671875
2 0.9734375 0.8546875 0.021875 0.109375