5 0.5 0.01796875 1 0.03515625
23 0.08046875 0.01953125 0.071875 0.0125
24 0.52421875 0.01875 0.35625 0.02109375
2 0.23984375 0.05859375 0.3875 0.0171875
28 0.5 0.134375 1 0.121875
2 0.18984375 0.2265625 0.28984375 0.0140625
14 0.18203125 0.2546875 0.2984375 0.0234375
2 0.1828125 0.25546875 0.2375 0.01328125
14 0.47265625 0.2546875 0.22109375 0.0234375
2 0.47265625 0.2546875 0.1640625 0.01484375
14 0.7234375 0.2546875 0.2203125 0.02421875
2 0.72109375 0.2546875 0.1578125 0.01171875
14 0.93046875 0.2546875 0.1390625 0.0234375
2 0.94609375 0.2546875 0.1078125 0.0125
11 0.31328125 0.32890625 0.56875 0.10390625
2 0.1609375 0.29375 0.19765625 0.0140625
2 0.31640625 0.3375 0.50546875 0.0609375
11 0.8125 0.32890625 0.375 0.1046875
2 0.75625 0.29375 0.19921875 0.015625
2 0.8265625 0.33828125 0.346875 0.0609375
20 0.4953125 0.48671875 0.94140625 0.18359375
2 0.18671875 0.4125 0.2390625 0.0109375
19 0.4953125 0.43046875 0.93359375 0.0046875
2 0.246875 0.446875 0.36640625 0.01328125
2 0.45078125 0.48671875 0.775 0.0453125
10 0.49375 0.5484375 0.846875 0.0265625
19 0.49375 0.5234375 0.92734375 0.0046875
2 0.49453125 0.5484375 0.1671875 0.015625
20 0.49453125 0.60390625 0.9359375 0.03671875
2 0.1875 0.603125 0.25234375 0.0125
20 0.4953125 0.646875 0.93828125 0.0359375
2 0.190625 0.646875 0.25234375 0.01484375
22 0.5 0.84296875 1 0.3140625
2 0.5015625 0.71953125 0.41015625 0.0203125
24 0.2890625 0.7515625 0.0875 0.021875
24 0.421875 0.7515625 0.07890625 0.0203125
24 0.55625 0.7515625 0.0734375 0.01484375
24 0.6875 0.7515625 0.07109375 0.01796875
2 0.49765625 0.79609375 0.09921875 0.0125
2 0.50546875 0.82265625 0.21953125 0.01640625
2 0.50234375 0.84921875 0.32734375 0.01484375
2 0.503125 0.87421875 0.1390625 0.01328125
2 0.5015625 0.9 0.15 0.01328125
2 0.50078125 0.96640625 0.525 0.0140625