2 0.3 0.0125 0.40625 0.025
28 0.52265625 0.1125 0.9546875 0.225
2 0.2265625 0.1578125 0.303125 0.053125
14 0.21484375 0.18671875 0.3125 0.0625
2 0.215625 0.1875 0.2484375 0.04375
14 0.5171875 0.2234375 0.2328125 0.053125
2 0.51640625 0.2234375 0.171875 0.0359375
14 0.77734375 0.25546875 0.2328125 0.053125
2 0.775 0.25546875 0.165625 0.0328125
14 0.9578125 0.27890625 0.084375 0.0390625
2 0.97578125 0.28125 0.0484375 0.021875
11 0.3421875 0.2796875 0.6046875 0.18125
2 0.18828125 0.22421875 0.20625 0.040625
2 0.34375 0.28984375 0.53125 0.1265625
11 0.828125 0.340625 0.34375 0.153125
2 0.80625 0.3 0.209375 0.040625
2 0.84453125 0.35234375 0.3109375 0.1015625
20 0.5046875 0.46640625 0.990625 0.3109375
2 0.19921875 0.35078125 0.25 0.0421875
19 0.515625 0.40859375 0.96875 0.1234375
2 0.2578125 0.39375 0.3828125 0.0609375
2 0.46484375 0.4609375 0.8109375 0.1453125
10 0.5015625 0.53046875 0.884375 0.1359375
19 0.5046875 0.50546875 0.965625 0.125
2 0.50234375 0.53125 0.175 0.0375
20 0.49453125 0.58828125 0.9765625 0.15625
2 0.1765625 0.54765625 0.2640625 0.0453125
20 0.490625 0.6328125 0.978125 0.15625
2 0.1734375 0.59375 0.2640625 0.0484375
22 0.4875 0.80546875 0.975 0.3890625
2 0.4875 0.70859375 0.428125 0.0734375
24 0.26328125 0.71484375 0.09375 0.0328125
24 0.40078125 0.73203125 0.0828125 0.03125
24 0.54140625 0.74921875 0.078125 0.025
24 0.6765625 0.765625 0.0765625 0.028125
2 0.47421875 0.7875 0.103125 0.025
2 0.478125 0.81640625 0.2296875 0.0453125
2 0.471875 0.84296875 0.34375 0.0578125
2 0.46953125 0.86953125 0.1453125 0.03125
2 0.46484375 0.8953125 0.15625 0.0328125
2 0.45546875 0.9609375 0.5484375 0.078125