5 0.5 0.034375 1 0.06796875
23 0.0796875 0.0390625 0.06328125 0.03125
2 0.490625 0.03828125 0.24609375 0.021875
24 0.92890625 0.03984375 0.1421875 0.04609375
28 0.5 0.21953125 1 0.19140625
2 0.2375 0.10078125 0.38828125 0.0328125
11 0.3140625 0.4578125 0.5640625 0.1640625
2 0.190625 0.34921875 0.2890625 0.0234375
2 0.31328125 0.47265625 0.51484375 0.10390625
2 0.15703125 0.40234375 0.2078125 0.028125
11 0.81328125 0.45703125 0.37265625 0.16328125
2 0.75546875 0.40234375 0.19375 0.02109375
2 0.82890625 0.47109375 0.3421875 0.09453125
20 0.49296875 0.66015625 0.93828125 0.20078125
2 0.19140625 0.58828125 0.25078125 0.0203125
19 0.49453125 0.61640625 0.93515625 0.00625
2 0.25078125 0.640625 0.36953125 0.02265625
2 0.45 0.70625 0.76796875 0.0734375
20 0.49375 0.80078125 0.93984375 0.059375
2 0.1875 0.80078125 0.25390625 0.01953125
20 0.49375 0.86796875 0.93984375 0.0546875
2 0.1875 0.8671875 0.25390625 0.02421875
10 0.49453125 0.94765625 0.934375 0.05859375
2 0.4953125 0.946875 0.1828125 0.01875