28 0.52109375 0.8265625 0.9578125 0.346875
2 0.296875 0.9765625 0.425 0.046875
11 0.32109375 0.60859375 0.6328125 0.2734375
2 0.2046875 0.74609375 0.3171875 0.075
2 0.315625 0.59140625 0.5765625 0.2
2 0.15859375 0.69375 0.2296875 0.0671875
11 0.82109375 0.52890625 0.3578125 0.2328125
2 0.8078125 0.5921875 0.2140625 0.05625
2 0.8390625 0.51015625 0.321875 0.1515625
20 0.49453125 0.359375 0.9890625 0.371875
2 0.1640625 0.4875 0.275 0.0640625
19 0.48984375 0.40625 0.9796875 0.1625
2 0.21953125 0.42109375 0.4046875 0.0875
2 0.42421875 0.31640625 0.8453125 0.2125
20 0.4765625 0.20859375 0.953125 0.2203125
2 0.13125 0.259375 0.2625 0.065625
20 0.4703125 0.1359375 0.940625 0.215625
2 0.12578125 0.18828125 0.2515625 0.0703125
10 0.4640625 0.0796875 0.928125 0.159375
2 0.4328125 0.04921875 0.2 0.0515625