5 0.55078125 0.08671875 0.8984375 0.1734375
2 0.59140625 0.03984375 0.2484375 0.0734375
24 0.97421875 0.13046875 0.0515625 0.0734375
28 0.525 0.21953125 0.95 0.3984375
2 0.32578125 0.053125 0.3921875 0.10625
11 0.3265625 0.41953125 0.5953125 0.28125
2 0.22578125 0.28515625 0.2921875 0.0859375
2 0.3234375 0.43359375 0.534375 0.2125
2 0.1828125 0.33125 0.2140625 0.071875
11 0.809375 0.52109375 0.38125 0.2390625
2 0.77734375 0.4578125 0.196875 0.0625
2 0.8265625 0.5390625 0.346875 0.165625
20 0.475 0.6578125 0.95 0.396875
2 0.17734375 0.5234375 0.253125 0.0734375
19 0.4734375 0.61484375 0.93125 0.203125
2 0.225 0.5875 0.371875 0.1015625
2 0.40859375 0.6953125 0.7796875 0.2359375
20 0.453125 0.79765625 0.90625 0.2578125
2 0.12890625 0.73359375 0.25625 0.071875
20 0.44609375 0.8640625 0.8921875 0.253125
2 0.12109375 0.8 0.2421875 0.078125
10 0.43671875 0.9078125 0.8734375 0.184375
2 0.403125 0.94375 0.1859375 0.05625