5 0.4875 0.02890625 0.975 0.0578125
23 0.05 0.03828125 0.075 0.0171875
24 0.51171875 0.0171875 0.3703125 0.034375
2 0.21796875 0.0703125 0.403125 0.0390625
28 0.49140625 0.1359375 0.9828125 0.178125
2 0.17421875 0.246875 0.3015625 0.0296875
14 0.16796875 0.27734375 0.3125 0.040625
2 0.16875 0.27734375 0.246875 0.0265625
14 0.47109375 0.26171875 0.2328125 0.0375
2 0.4703125 0.26171875 0.171875 0.025
14 0.73046875 0.246875 0.2296875 0.0375
2 0.72890625 0.24765625 0.1640625 0.0203125
14 0.92890625 0.23671875 0.1171875 0.03125
2 0.94609375 0.23671875 0.08125 0.0171875
11 0.30859375 0.346875 0.5953125 0.1390625
2 0.1484375 0.31796875 0.20625 0.025
2 0.3125 0.35546875 0.528125 0.0921875
11 0.81015625 0.31953125 0.365625 0.1265625
2 0.7671875 0.2859375 0.20625 0.028125
2 0.8265625 0.32890625 0.3328125 0.08125
20 0.50625 0.50078125 0.9875 0.2421875
2 0.18125 0.43984375 0.2484375 0.025
19 0.503125 0.4421875 0.9703125 0.05625
2 0.246875 0.47265625 0.38125 0.034375
2 0.4609375 0.503125 0.8078125 0.0890625
10 0.50859375 0.56484375 0.88125 0.0734375
19 0.5078125 0.5390625 0.9640625 0.05625
2 0.509375 0.5640625 0.175 0.025
20 0.51171875 0.621875 0.975 0.090625
2 0.19375 0.6375 0.2625 0.028125
20 0.5140625 0.66640625 0.971875 0.0890625
2 0.1984375 0.6828125 0.2625 0.0296875
22 0.50546875 0.840625 0.9890625 0.31875
2 0.52578125 0.74140625 0.4265625 0.04375
24 0.30703125 0.7859375 0.0921875 0.0265625
24 0.4453125 0.77890625 0.0828125 0.0265625
24 0.584375 0.771875 0.0765625 0.0203125
24 0.7203125 0.76484375 0.0765625 0.021875
2 0.5265625 0.82109375 0.103125 0.0171875
2 0.53515625 0.84765625 0.228125 0.0296875
2 0.53359375 0.875 0.340625 0.0328125
2 0.5359375 0.9015625 0.14375 0.021875
2 0.5359375 0.928125 0.15625 0.0203125
2 0.5359375 0.9875 0.546875 0.025