5 0.5 0.03125 1 0.0625
2 0.49921875 0.02890625 0.2546875 0.025
24 0.93828125 0.03125 0.1234375 0.04375
11 0.5 0.31640625 0.9375 0.46796875
24 0.50234375 0.1796875 0.921875 0.18359375
2 0.4578125 0.3890625 0.77890625 0.10234375
2 0.446875 0.31171875 0.75 0.03203125
10 0.50078125 0.490625 0.8375 0.0578125
2 0.49921875 0.49140625 0.45390625 0.02421875
11 0.49921875 0.7359375 0.93984375 0.34921875
2 0.4578125 0.8671875 0.77890625 0.08515625
2 0.4296875 0.79609375 0.71015625 0.02578125
8 0.5 0.9546875 1 0.090625
10 0.1265625 0.95234375 0.20546875 0.07265625
2 0.12421875 0.9671875 0.115625 0.01640625
10 0.37578125 0.953125 0.2 0.07578125
2 0.375 0.96640625 0.1234375 0.015625
10 0.63046875 0.95390625 0.25859375 0.0765625
2 0.6203125 0.96640625 0.215625 0.0171875
10 0.875 0.95390625 0.19609375 0.078125
2 0.871875 0.96640625 0.08046875 0.0171875
24 0.50078125 0.6609375 0.9203125 0.1875
23 0.12421875 0.93828125 0.06484375 0.02734375
23 0.375 0.93828125 0.06875 0.02890625
23 0.6203125 0.93828125 0.07421875 0.02734375
23 0.8703125 0.9375 0.0765625 0.03125