5 0.4828125 0.96484375 0.965625 0.0703125
2 0.41796875 0.9875 0.2828125 0.025
11 0.4875 0.68515625 0.975 0.5859375
24 0.47109375 0.83359375 0.9421875 0.2703125
2 0.48984375 0.6046875 0.871875 0.171875
2 0.49609375 0.690625 0.83125 0.0921875
10 0.45859375 0.48984375 0.9171875 0.1296875
2 0.45234375 0.4890625 0.503125 0.0609375
11 0.503125 0.22421875 0.99375 0.4484375
2 0.5265625 0.07734375 0.8703125 0.153125
2 0.553125 0.1578125 0.7890625 0.0828125
8 0.51640625 0.0328125 0.9671875 0.065625
10 0.89140625 0.03828125 0.2171875 0.0390625
10 0.62421875 0.01953125 0.221875 0.0390625
10 0.34140625 0.01015625 0.2890625 0.0203125
24 0.49375 0.3046875 0.971875 0.275
23 0.90234375 0.0328125 0.0703125 0.0171875
23 0.6265625 0.01484375 0.078125 0.01875