5 0.50859375 0.02265625 0.9828125 0.0453125
24 0.96484375 0.0234375 0.0703125 0.01875
11 0.5 0.30546875 1 0.5484375
24 0.50390625 0.15546875 0.9921875 0.2359375
2 0.459375 0.384375 0.859375 0.1421875
2 0.45078125 0.3 0.821875 0.0625
10 0.50234375 0.496875 0.9203125 0.0953125
2 0.50078125 0.49765625 0.4984375 0.04375
11 0.4984375 0.76484375 0.996875 0.4171875
2 0.44140625 0.90859375 0.859375 0.1234375
2 0.4125 0.8296875 0.7796875 0.0546875
8 0.4921875 0.96953125 0.984375 0.0609375
10 0.09375 0.9671875 0.1875 0.04375
10 0.346875 0.9765625 0.2203125 0.0453125
10 0.62421875 0.98125 0.2859375 0.0375
10 0.884375 0.9859375 0.196875 0.028125
24 0.4984375 0.6828125 0.996875 0.240625
23 0.071875 0.971875 0.0703125 0.0296875
23 0.34453125 0.98046875 0.0765625 0.03125
23 0.61484375 0.98828125 0.0828125 0.0234375
23 0.88671875 0.99140625 0.0859375 0.0171875