5 0.48828125 0.04921875 0.9765625 0.0984375
2 0.50390625 0.03125 0.2296875 0.0484375
23 0.93984375 0.01328125 0.0703125 0.0265625
32 0.5078125 0.45078125 0.9171875 0.1171875
32 0.49921875 0.2875 0.91875 0.1125
15 0.4828125 0.1234375 0.9296875 0.1125
32 0.50390625 0.36953125 0.9203125 0.1140625
15 0.4953125 0.2046875 0.9171875 0.1140625
33 0.51796875 0.65625 0.9359375 0.3546875
22 0.50859375 0.90546875 0.9828125 0.1890625
24 0.665625 0.91328125 0.2078125 0.1140625
2 0.184375 0.9375 0.1140625 0.03125
2 0.86484375 0.9015625 0.084375 0.0296875
24 0.4015625 0.9265625 0.2125 0.1109375