2 0.50390625 0.0515625 0.28984375 0.02265625
22 0.5 0.934375 1 0.13125
10 0.51171875 0.92265625 0.90703125 0.07109375
5 0.5 0.0453125 1 0.08984375
23 0.0625 0.05234375 0.06953125 0.0296875
2 0.40078125 0.73125 0.48046875 0.02421875
13 0.1 0.73125 0.06171875 0.03125
2 0.496875 0.921875 0.19609375 0.02578125
15 0.49921875 0.1421875 0.890625 0.0578125
15 0.49921875 0.22265625 0.88671875 0.06015625
32 0.49921875 0.30390625 0.88671875 0.059375
32 0.50234375 0.38359375 0.8921875 0.05703125
32 0.50078125 0.4625 0.89296875 0.0578125
33 0.5 0.596875 0.896875 0.16484375