22 0.53515625 0.91328125 0.9296875 0.1734375
2 0.57265625 0.9609375 0.225 0.0546875
10 0.54765625 0.92421875 0.9046875 0.1515625
24 0.01953125 0.09375 0.0390625 0.053125
2 0.43671875 0.728125 0.5265625 0.1109375
5 0.46171875 0.065625 0.9234375 0.13125
32 0.46171875 0.1171875 0.9234375 0.228125
2 0.42734375 0.01875 0.1140625 0.0375
15 0.4921875 0.4296875 0.965625 0.228125
33 0.51171875 0.5765625 0.9765625 0.309375
32 0.478125 0.32578125 0.95625 0.2265625
32 0.46953125 0.2203125 0.9390625 0.228125
2 0.80625 0.66953125 0.2125 0.0578125
13 0.96796875 0.6421875 0.0640625 0.040625