5 0.9625 0.503125 0.075 0.99375
23 0.98125 0.0453125 0.0375 0.071875
2 0.97421875 0.5015625 0.0390625 0.2921875
32 0.87578125 0.5015625 0.0765625 0.9421875
32 0.79140625 0.5 0.075 0.940625
32 0.71015625 0.49921875 0.0859375 0.9328125
32 0.62109375 0.4953125 0.075 0.934375
33 0.47890625 0.49453125 0.190625 0.94375
25 0.33671875 0.49140625 0.075 0.9375
13 0.259375 0.071875 0.034375 0.0703125
2 0.25078125 0.3859375 0.0359375 0.509375
22 0.09765625 0.496875 0.1953125 0.99375
10 0.134375 0.4875 0.090625 0.9328125
2 0.134375 0.4875 0.025 0.1828125
10 0.0484375 0.48671875 0.09375 0.940625
2 0.04765625 0.4890625 0.025 0.1875