5 0.5484375 0.071875 0.903125 0.14375
22 0.45390625 0.915625 0.9078125 0.16875
10 0.44609375 0.92578125 0.8921875 0.1484375
2 0.4015625 0.975 0.23125 0.05
11 0.5 0.34375 1 0.6875
11 0.484375 0.66171875 0.96875 0.2921875
13 0.04453125 0.5796875 0.0765625 0.046875
2 0.20859375 0.6109375 0.2203125 0.0671875
2 0.58515625 0.6828125 0.5265625 0.128125
33 0.4984375 0.478125 0.9640625 0.346875
15 0.52578125 0.3328125 0.9375 0.2578125
32 0.53828125 0.228125 0.9234375 0.265625
32 0.54765625 0.1296875 0.9046875 0.259375