32 0.4984375 0.12578125 0.8984375 0.08046875
32 0.5 0.22890625 0.8984375 0.07421875
32 0.50078125 0.325 0.90390625 0.08125
15 0.49921875 0.42734375 0.90390625 0.0765625
33 0.5 0.565625 0.90234375 0.15234375
13 0.0921875 0.6953125 0.0546875 0.0296875
2 0.24375 0.69609375 0.19765625 0.025
2 0.59140625 0.6953125 0.48125 0.02421875
22 0.5 0.93984375 1 0.1203125
10 0.49921875 0.9328125 0.89609375 0.06796875
2 0.4984375 0.93359375 0.20546875 0.02109375
5 0.5 0.0359375 1 0.071875
2 0.49921875 0.0359375 0.12109375 0.02890625
23 0.059375 0.03515625 0.06875 0.02578125
24 0.93828125 0.03515625 0.1234375 0.046875