16 0.5 0.5 1 1
11 0.51484375 0.5 0.9703125 1
2 0.7859375 0.98125 0.05 0.0375
15 0.7453125 0.78125 0.16875 0.4375
15 0.8640625 0.3265625 0.165625 0.4625
21 0.70625 0.55078125 0.28125 0.8984375
21 0.60625 0.5265625 0.2859375 0.8953125
21 0.503125 0.50078125 0.284375 0.9015625
21 0.4 0.47421875 0.2796875 0.89375
21 0.29765625 0.44921875 0.2796875 0.89375
23 0.81796875 0.09140625 0.0375 0.034375
23 0.51328125 0.01640625 0.034375 0.0328125
23 0.7171875 0.0671875 0.0375 0.034375
23 0.4125 0.00390625 0.034375 0.0078125
23 0.61640625 0.0421875 0.034375 0.0328125
2 0.61484375 0.7296875 0.1265625 0.428125
2 0.5453125 0.57578125 0.1890625 0.6875
2 0.440625 0.5546875 0.1859375 0.6765625
2 0.278125 0.771875 0.0640625 0.1875
2 0.17109375 0.765625 0.05625 0.1515625
10 0.29609375 0.05625 0.0625 0.0703125
10 0.3140625 0.01015625 0.065625 0.0203125
2 0.29609375 0.05546875 0.0265625 0.0390625