5 0.5 0.034375 1 0.06875
23 0.059375 0.0375 0.059375 0.03046875
2 0.49765625 0.03828125 0.28203125 0.02734375
32 0.5 0.13125 0.8984375 0.06015625
32 0.4984375 0.21328125 0.8953125 0.05703125
32 0.5 0.29140625 0.8953125 0.06640625
32 0.5 0.37265625 0.8953125 0.06796875
33 0.49921875 0.51171875 0.896875 0.16796875
25 0.50078125 0.64921875 0.890625 0.06015625
13 0.3546875 0.73046875 0.57265625 0.03125
10 0.50078125 0.8203125 0.89375 0.0734375
2 0.5 0.81953125 0.2203125 0.02265625
2 0.50234375 0.91875 0.896875 0.053125
2 0.496875 0.91875 0.178125 0.02109375