11 0.5 0.50078125 0.88984375 0.4109375
2 0.26953125 0.3515625 0.3796875 0.015625
2 0.115625 0.33125 0.07578125 0.01640625
32 0.2828125 0.40625 0.41640625 0.03828125
32 0.71640625 0.40859375 0.41484375 0.034375
15 0.2828125 0.4609375 0.41484375 0.034375
15 0.71640625 0.4609375 0.41640625 0.034375
32 0.2828125 0.5109375 0.41640625 0.03828125
32 0.71640625 0.51171875 0.41484375 0.03359375
33 0.5 0.59453125 0.8515625 0.0921875
10 0.8890625 0.67421875 0.071875 0.02890625
10 0.80859375 0.6734375 0.0578125 0.02890625
2 0.80859375 0.675 0.03984375 0.0109375
2 0.88828125 0.67421875 0.046875 0.01015625