5 0.5 0.04375 1 0.08671875
32 0.5015625 0.378125 0.89609375 0.065625
33 0.50078125 0.66015625 0.9015625 0.3
2 0.8390625 0.915625 0.10859375 0.02578125
32 0.5015625 0.45859375 0.8921875 0.065625
23 0.06328125 0.04921875 0.0640625 0.03046875
32 0.50078125 0.29609375 0.89375 0.06484375
15 0.50078125 0.21640625 0.89140625 0.06640625
24 0.37109375 0.915625 0.2 0.09921875
22 0.5 0.91875 1 0.1625
15 0.5015625 0.13671875 0.89453125 0.06328125
2 0.17734375 0.9171875 0.07890625 0.025
2 0.48359375 0.04765625 0.19765625 0.02421875
2 0.31953125 0.1390625 0.40546875 0.02421875
24 0.6296875 0.91640625 0.2125 0.1015625