5 0.921875 0.53671875 0.15625 0.9265625
2 0.959375 0.57109375 0.078125 0.2828125
32 0.86484375 0.55234375 0.2015625 0.8953125
32 0.784375 0.54609375 0.2 0.90625
32 0.70703125 0.534375 0.209375 0.9
32 0.62265625 0.51875 0.1984375 0.9
33 0.4859375 0.4984375 0.309375 0.925
25 0.35078125 0.47734375 0.1984375 0.903125
13 0.3328125 0.06484375 0.0421875 0.0734375
2 0.2828125 0.3640625 0.1015625 0.4921875
22 0.14296875 0.4734375 0.2859375 0.946875
10 0.15703125 0.44765625 0.2140625 0.8953125
2 0.15703125 0.44609375 0.05 0.178125
10 0.09140625 0.44296875 0.1828125 0.8859375
2 0.07421875 0.43515625 0.05 0.1828125