5 0.95234375 0.515625 0.0953125 0.96875
32 0.6296875 0.48984375 0.1375 0.9625
33 0.33046875 0.48125 0.3890625 0.9625
2 0.0828125 0.08828125 0.0359375 0.1171875
32 0.5453125 0.48359375 0.1359375 0.959375
23 0.946875 0.9734375 0.0375 0.053125
32 0.71796875 0.49609375 0.1359375 0.9609375
15 0.80234375 0.50234375 0.1390625 0.959375
24 0.05390625 0.5890625 0.1078125 0.221875
22 0.08671875 0.48671875 0.1734375 0.9734375
15 0.8875 0.5078125 0.134375 0.9625
2 0.0328125 0.7953125 0.0328125 0.0859375
2 0.98046875 0.5328125 0.0390625 0.2125
2 0.87109375 0.7015625 0.0546875 0.434375
24 0.0671875 0.3125 0.1234375 0.234375