5 0.06796875 0.45078125 0.1359375 0.9015625
2 0.015625 0.43515625 0.03125 0.1078125
11 0.50234375 0.5 0.9421875 1
2 0.26328125 0.065625 0.0546875 0.0984375
15 0.3109375 0.25625 0.146875 0.4484375
15 0.221875 0.7140625 0.1484375 0.45
32 0.4015625 0.275 0.1453125 0.4484375
32 0.3125 0.73203125 0.146875 0.45
32 0.44453125 0.5203125 0.2375 0.9078125
33 0.58203125 0.54140625 0.3390625 0.9171875
19 0.70234375 0.56953125 0.075 0.3109375
2 0.79375 0.48515625 0.04375 0.04375
2 0.75859375 0.6890625 0.0421875 0.0515625
24 0.784375 0.546875 0.109375 0.0859375
24 0.76953125 0.6234375 0.1125 0.0890625