5 0.9765625 0.4953125 0.046875 0.990625
2 0.99140625 0.459375 0.0171875 0.246875
23 0.996875 0.9328125 0.00625 0.075
32 0.5515625 0.47265625 0.090625 0.9453125
32 0.72890625 0.47109375 0.0859375 0.9421875
15 0.90703125 0.46953125 0.0859375 0.9390625
32 0.63984375 0.4734375 0.0890625 0.946875
15 0.81875 0.4703125 0.0875 0.940625
33 0.3296875 0.47734375 0.35 0.9546875
22 0.0703125 0.503125 0.140625 0.99375
24 0.0515625 0.603125 0.103125 0.2234375
2 0.0359375 0.08125 0.0296875 0.1203125
2 0.04921875 0.81640625 0.0296875 0.0890625
24 0.0484375 0.31796875 0.096875 0.2265625