5 0.071875 0.4671875 0.14375 0.934375
2 0.03515625 0.45 0.0640625 0.2828125
23 0.09609375 0.0171875 0.0359375 0.034375
32 0.128125 0.4640625 0.1875 0.921875
32 0.209375 0.47421875 0.1859375 0.9234375
32 0.2875 0.48828125 0.19375 0.921875
32 0.37265625 0.5 0.1875 0.921875
33 0.5109375 0.51953125 0.296875 0.9390625
25 0.6453125 0.5375 0.1875 0.925
13 0.7515625 0.39375 0.1125 0.5921875
22 0.90234375 0.528125 0.1953125 0.94375
10 0.94375 0.34375 0.1125 0.459375
10 0.8921875 0.790625 0.1375 0.41875
2 0.9578125 0.3421875 0.0453125 0.1890625
2 0.89296875 0.809375 0.04375 0.1828125