5 0.45390625 0.91328125 0.9078125 0.1734375
2 0.39296875 0.95625 0.140625 0.053125
32 0.44296875 0.865625 0.8859375 0.234375
32 0.45234375 0.78203125 0.9046875 0.2359375
32 0.459375 0.70390625 0.91875 0.2453125
32 0.47109375 0.6171875 0.925 0.2359375
33 0.4984375 0.4796875 0.953125 0.3484375
25 0.525 0.34140625 0.928125 0.2359375
13 0.13046875 0.17890625 0.0703125 0.04375
2 0.43828125 0.2390625 0.5 0.125
22 0.53359375 0.146875 0.9328125 0.29375
10 0.5484375 0.14453125 0.903125 0.2515625
10 0.5546875 0.0953125 0.890625 0.190625
2 0.5640625 0.14453125 0.1984375 0.06875
2 0.58359375 0.0640625 0.2046875 0.065625