5 0.95 0.4796875 0.1 0.959375
2 0.9375 0.05234375 0.0375 0.1046875
7 0.9921875 0.94453125 0.015625 0.0265625
11 0.54453125 0.509375 0.7890625 0.98125
2 0.78125 0.25234375 0.059375 0.403125
2 0.8015625 0.08515625 0.0375 0.078125
32 0.6875 0.27578125 0.1015625 0.446875
32 0.72421875 0.73671875 0.0953125 0.446875
32 0.50546875 0.29140625 0.10625 0.4484375
32 0.54296875 0.753125 0.0953125 0.446875
15 0.63359375 0.74453125 0.0953125 0.446875
15 0.59296875 0.284375 0.09375 0.4484375
33 0.38359375 0.534375 0.234375 0.9171875
10 0.2796875 0.96015625 0.05625 0.0796875
10 0.27421875 0.87578125 0.05625 0.0703125
2 0.27421875 0.8734375 0.021875 0.0453125
2 0.28125 0.96015625 0.025 0.0515625