11 0.49453125 0.49453125 0.96875 0.5703125
2 0.69921875 0.30390625 0.384375 0.0828125
2 0.85078125 0.25546875 0.0796875 0.0296875
32 0.6953125 0.3609375 0.425 0.1125
32 0.26015625 0.43984375 0.4234375 0.1078125
15 0.7046875 0.41640625 0.4234375 0.1078125
15 0.26953125 0.49296875 0.425 0.1078125
32 0.7140625 0.4671875 0.425 0.1125
32 0.27890625 0.54453125 0.4234375 0.1078125
33 0.5109375 0.58828125 0.871875 0.24375
10 0.134375 0.7375 0.078125 0.0421875
10 0.2140625 0.7234375 0.0640625 0.0375
2 0.21484375 0.72421875 0.0421875 0.0171875
2 0.134375 0.73828125 0.05 0.0171875