5 0.5 0.034375 1 0.06875
24 0.93671875 0.03203125 0.1203125 0.0453125
22 0.5 0.9390625 1 0.121875
10 0.50078125 0.9328125 0.9046875 0.06484375
2 0.4953125 0.9328125 0.21171875 0.0265625
2 0.496875 0.03125 0.1171875 0.025
11 0.49921875 0.72734375 0.94375 0.090625
11 0.4984375 0.371875 0.94140625 0.58046875
32 0.5 0.14140625 0.86328125 0.07265625
32 0.5 0.2359375 0.8671875 0.0734375
32 0.4984375 0.3296875 0.86328125 0.07265625
15 0.49921875 0.425 0.8609375 0.07265625
33 0.49921875 0.55859375 0.8609375 0.15234375
13 0.1109375 0.72734375 0.06484375 0.0296875
2 0.61328125 0.72890625 0.4875 0.02109375
2 0.2640625 0.72890625 0.2 0.0265625