5 0.5 0.0359375 1 0.071875
22 0.5 0.94140625 1 0.1171875
10 0.4984375 0.93671875 0.90390625 0.06484375
24 0.9375 0.03671875 0.121875 0.04453125
2 0.50078125 0.93515625 0.2109375 0.01875
11 0.50078125 0.328125 0.94375 0.48984375
11 0.49921875 0.6390625 0.94765625 0.09453125
13 0.1109375 0.63828125 0.06484375 0.03046875
2 0.2625 0.6375 0.2 0.02421875
2 0.61171875 0.63671875 0.48359375 0.02421875
33 0.49921875 0.46875 0.86484375 0.15390625
15 0.4984375 0.334375 0.85546875 0.07265625
32 0.50078125 0.23671875 0.8609375 0.08046875
32 0.5 0.14609375 0.86328125 0.0734375