5 0.5 0.04375 1 0.0875
2 0.49765625 0.05078125 0.2734375 0.025
23 0.06328125 0.04921875 0.05546875 0.02734375
32 0.49921875 0.14140625 0.8921875 0.0578125
32 0.49765625 0.2203125 0.8953125 0.05546875
32 0.50078125 0.29765625 0.8921875 0.0640625
32 0.50078125 0.38125 0.8921875 0.05859375
33 0.50078125 0.515625 0.8953125 0.165625
25 0.5 0.6484375 0.89375 0.05703125
13 0.346875 0.73046875 0.57421875 0.02890625
22 0.5 0.93515625 1 0.1296875
10 0.271875 0.921875 0.4375 0.075
10 0.72734375 0.92109375 0.43671875 0.071875
2 0.2703125 0.92109375 0.18125 0.0171875
2 0.7265625 0.921875 0.17578125 0.0171875