32 0.48828125 0.64921875 0.9375 0.06875
5 0.5 0.9765625 1 0.046875
33 0.48984375 0.3546875 0.95 0.315625
2 0.50859375 0.990625 0.209375 0.01875
32 0.4875 0.7328125 0.9421875 0.065625
22 0.5 0.08515625 1 0.1703125
23 0.95703125 0.9890625 0.0640625 0.021875
15 0.48984375 0.815625 0.940625 0.065625
32 0.48828125 0.56484375 0.940625 0.0671875
15 0.48984375 0.9 0.940625 0.065625
24 0.35546875 0.08671875 0.2125 0.1015625
2 0.8296875 0.0859375 0.0828125 0.025
2 0.13046875 0.0875 0.1125 0.0265625
24 0.62421875 0.08828125 0.21875 0.1046875