5 0.52265625 0.07109375 0.9546875 0.1421875
2 0.54453125 0.05390625 0.290625 0.0546875
2 0.25625 0.10546875 0.3390625 0.0609375
11 0.52578125 0.25703125 0.9109375 0.26875
2 0.4203125 0.2046875 0.5296875 0.08125
2 0.33671875 0.38515625 0.4046875 0.065625
11 0.46953125 0.7984375 0.925 0.234375
2 0.38046875 0.7703125 0.5625 0.0828125
2 0.48125 0.590625 0.7609375 0.1046875
2 0.5140625 0.2828125 0.7484375 0.134375
2 0.4859375 0.46953125 0.75625 0.1328125
2 0.471875 0.65546875 0.7640625 0.1359375
2 0.44140625 0.840625 0.7484375 0.1234375
11 0.509375 0.44453125 0.9296875 0.2796875
11 0.48984375 0.63359375 0.9296875 0.2796875
22 0.47890625 0.90703125 0.9578125 0.1859375
10 0.45625 0.9171875 0.8875 0.1625
2 0.45234375 0.9171875 0.3828125 0.0703125