22 0.5 0.93984375 1 0.1203125
2 0.50390625 0.93203125 0.2109375 0.01875
10 0.50078125 0.93203125 0.90625 0.06953125
24 0.9359375 0.03828125 0.12109375 0.0453125
2 0.59609375 0.696875 0.49375 0.0265625
5 0.5 0.0359375 1 0.071875
32 0.503125 0.13203125 0.9046875 0.07265625
2 0.49921875 0.0375 0.10625 0.0203125
15 0.50078125 0.42890625 0.9046875 0.07265625
33 0.5 0.56796875 0.91015625 0.1484375
32 0.5015625 0.3296875 0.90234375 0.071875
32 0.50234375 0.23046875 0.90234375 0.071875
23 0.059375 0.03828125 0.05703125 0.0265625
2 0.2453125 0.696875 0.19765625 0.0234375
13 0.09140625 0.69609375 0.05703125 0.02890625