5 0.9421875 0.49296875 0.115625 0.9859375
23 0.92578125 0.015625 0.0265625 0.03125
2 0.9421875 0.47734375 0.0359375 0.296875
32 0.84375 0.48515625 0.096875 0.9703125
32 0.75625 0.48671875 0.1 0.9734375
32 0.671875 0.48671875 0.109375 0.9734375
32 0.58046875 0.49296875 0.1 0.9765625
33 0.43515625 0.49765625 0.21875 0.9875
25 0.2875 0.50078125 0.1015625 0.9703125
13 0.19375 0.34453125 0.059375 0.6390625
22 0.03203125 0.5078125 0.0640625 0.984375
10 0.015625 0.26015625 0.03125 0.4765625
10 0.025 0.75703125 0.0484375 0.4765625