5 0.5 0.040625 1 0.08125
23 0.06328125 0.04140625 0.06875 0.0390625
2 0.4984375 0.0421875 0.27890625 0.03359375
32 0.50078125 0.1359375 0.8984375 0.0578125
32 0.5 0.2171875 0.89765625 0.0578125
32 0.50078125 0.29453125 0.8890625 0.0671875
32 0.49921875 0.38046875 0.89140625 0.05703125
33 0.50078125 0.51640625 0.8984375 0.16796875
25 0.50078125 0.65234375 0.89453125 0.0578125
13 0.10078125 0.73359375 0.0671875 0.03125
2 0.4015625 0.7359375 0.4875 0.025
22 0.496875 0.89609375 0.99375 0.2046875
10 0.5 0.8453125 0.88984375 0.07265625
2 0.5 0.8453125 0.175 0.021875
10 0.5 0.928125 0.89765625 0.07421875
2 0.50234375 0.928125 0.1796875 0.02109375