16 0.5 0.5 1 1
11 0.5 0.4859375 1 0.971875
2 0.0203125 0.22734375 0.040625 0.0484375
15 0.21640625 0.26875 0.4328125 0.15625
15 0.6671875 0.1625 0.453125 0.153125
21 0.44453125 0.31328125 0.884375 0.2609375
21 0.4671875 0.4109375 0.8828125 0.2640625
21 0.490625 0.51328125 0.8890625 0.265625
21 0.51484375 0.615625 0.88125 0.259375
21 0.5375 0.715625 0.88125 0.2609375
23 0.89765625 0.21171875 0.034375 0.0375
23 0.965625 0.5109375 0.03125 0.0328125
23 0.91953125 0.3109375 0.034375 0.0359375
23 0.98671875 0.61015625 0.0265625 0.0328125
23 0.94296875 0.4109375 0.0328125 0.0328125
2 0.2671875 0.4 0.421875 0.1171875
2 0.41796875 0.4703125 0.675 0.1734375
2 0.4375 0.5734375 0.665625 0.1703125
2 0.22109375 0.7296875 0.184375 0.059375
2 0.225 0.834375 0.1484375 0.053125
10 0.92421875 0.72421875 0.06875 0.0625
10 0.9796875 0.7078125 0.040625 0.0625
2 0.92421875 0.72421875 0.0375 0.0265625
2 0.9859375 0.70859375 0.028125 0.0265625