11 0.50625 0.5109375 0.615625 0.978125
2 0.39609375 0.803125 0.0953125 0.39375
2 0.40625 0.9671875 0.034375 0.065625
32 0.4515625 0.77890625 0.125 0.4421875
32 0.365625 0.325 0.121875 0.4453125
15 0.51015625 0.77265625 0.121875 0.4453125
15 0.42109375 0.3140625 0.1234375 0.4484375
32 0.5640625 0.7625 0.125 0.45
32 0.475 0.303125 0.1203125 0.4453125
33 0.60703125 0.515625 0.2734375 0.9203125
10 0.61171875 0.0875 0.0453125 0.0828125
10 0.62734375 0.171875 0.0421875 0.0671875
2 0.62890625 0.17265625 0.0203125 0.0453125
2 0.61171875 0.08828125 0.0203125 0.0515625