5 0.09453125 0.45 0.1890625 0.9
32 0.38359375 0.49921875 0.265625 0.946875
33 0.67421875 0.52890625 0.5109375 0.9421875
2 0.86640625 0.95546875 0.0515625 0.0890625
32 0.465625 0.51796875 0.2640625 0.94375
32 0.296875 0.48046875 0.265625 0.946875
15 0.21484375 0.46796875 0.2671875 0.9359375
24 0.94765625 0.4796875 0.1046875 0.228125
22 0.88046875 0.54375 0.2390625 0.9125
15 0.13125 0.459375 0.2625 0.91875
2 0.9953125 0.2828125 0.009375 0.0875
2 0.04296875 0.409375 0.06875 0.209375
2 0.175 0.259375 0.1140625 0.4265625
24 0.9078125 0.75078125 0.1421875 0.24375