32 0.4625 0.9015625 0.925 0.153125
32 0.46796875 0.78671875 0.9359375 0.1484375
32 0.4734375 0.68046875 0.946875 0.1578125
15 0.47578125 0.56640625 0.9515625 0.1515625
33 0.48359375 0.41328125 0.9640625 0.234375
13 0.0296875 0.2375 0.0265625 0.034375
2 0.184375 0.246875 0.2234375 0.04375
2 0.5703125 0.275 0.5375 0.0640625
22 0.515625 0.05078125 0.96875 0.1015625
10 0.509375 0.03828125 0.953125 0.0765625
2 0.48359375 0.01171875 0.2296875 0.0234375
5 0.4828125 0.96328125 0.965625 0.0734375
2 0.415625 0.98984375 0.134375 0.0203125