5 0.53046875 0.04765625 0.9390625 0.0953125
32 0.54765625 0.09375 0.9046875 0.175
32 0.54140625 0.178125 0.9171875 0.175
32 0.5375 0.26015625 0.925 0.1859375
32 0.5328125 0.34921875 0.934375 0.1765625
33 0.51875 0.490625 0.9625 0.290625
25 0.50390625 0.6328125 0.9515625 0.1765625
13 0.9171875 0.7703125 0.0703125 0.040625
2 0.59921875 0.73125 0.5125 0.09375
22 0.48046875 0.8578125 0.9609375 0.284375
10 0.48125 0.8359375 0.9484375 0.190625
10 0.47421875 0.91171875 0.9484375 0.1765625
2 0.478125 0.8359375 0.203125 0.05625
2 0.4640625 0.91875 0.2078125 0.053125