2 0.5015625 0.01484375 0.309375 0.0296875
22 0.503125 0.9390625 0.99375 0.121875
10 0.51796875 0.94296875 0.9640625 0.0921875
5 0.49609375 0.03203125 0.9921875 0.0640625
23 0.0328125 0.02265625 0.065625 0.0328125
2 0.40390625 0.74140625 0.515625 0.034375
13 0.08125 0.746875 0.065625 0.0359375
2 0.5109375 0.94375 0.209375 0.03125
15 0.49765625 0.1125 0.95625 0.0796875
15 0.49921875 0.19765625 0.9515625 0.08125
32 0.50078125 0.284375 0.9515625 0.0796875
32 0.50625 0.36953125 0.9578125 0.078125
32 0.50625 0.45390625 0.9578125 0.0796875
33 0.5078125 0.596875 0.9640625 0.1921875