5 0.50390625 0.03046875 0.9921875 0.0609375
24 0.05859375 0.01484375 0.0984375 0.0296875
22 0.49609375 0.94921875 0.9921875 0.1015625
10 0.48671875 0.9609375 0.9578125 0.078125
2 0.49296875 0.965625 0.2234375 0.03125
2 0.5078125 0.01484375 0.125 0.028125
11 0.496875 0.746875 0.99375 0.1125
11 0.5 0.37265625 1 0.6296875
32 0.50234375 0.13125 0.9140625 0.0921875
32 0.50078125 0.23046875 0.9171875 0.09375
32 0.50078125 0.3296875 0.9140625 0.0921875
15 0.4984375 0.4296875 0.9109375 0.0921875
33 0.4953125 0.5703125 0.9125 0.175
13 0.90234375 0.75625 0.06875 0.0328125
2 0.37109375 0.7484375 0.515625 0.03125
2 0.740625 0.7546875 0.2109375 0.03125