2 0.98828125 0.50703125 0.0234375 0.3171875
22 0.05859375 0.50703125 0.1171875 0.9859375
10 0.04921875 0.51640625 0.0984375 0.9671875
5 0.96640625 0.4921875 0.0671875 0.984375
23 0.9953125 0.96640625 0.009375 0.0328125
2 0.2546875 0.64453125 0.04375 0.528125
13 0.26640625 0.9703125 0.0359375 0.059375
2 0.04296875 0.54609375 0.0359375 0.2171875
15 0.89375 0.50703125 0.0953125 0.9578125
15 0.80625 0.51015625 0.0984375 0.9578125
32 0.7171875 0.51328125 0.0984375 0.9578125
32 0.63046875 0.51328125 0.09375 0.9640625
32 0.54453125 0.51640625 0.096875 0.9640625
33 0.396875 0.51875 0.2125 0.9625