5 0.5 0.040625 1 0.08125
23 0.0796875 0.0453125 0.06640625 0.03828125
2 0.48828125 0.04375 0.13046875 0.028125
24 0.9328125 0.04453125 0.134375 0.0484375
32 0.5 0.134375 0.890625 0.05546875
32 0.50078125 0.215625 0.89375 0.05625
32 0.5 0.29140625 0.89296875 0.065625
32 0.5 0.37734375 0.890625 0.05703125
33 0.5 0.51171875 0.89453125 0.16484375
25 0.50078125 0.64609375 0.89296875 0.05703125
13 0.1 0.7265625 0.06328125 0.03125
2 0.40078125 0.72734375 0.48046875 0.02890625
22 0.5 0.89375 1 0.2125
10 0.4984375 0.83828125 0.8890625 0.071875
10 0.49921875 0.91875 0.89609375 0.07421875
2 0.5015625 0.83828125 0.18671875 0.03125
2 0.5046875 0.91796875 0.19375 0.0265625