5 0.95078125 0.5203125 0.0984375 0.959375
23 0.93671875 0.98828125 0.0359375 0.0234375
2 0.97421875 0.55390625 0.0515625 0.2953125
32 0.878125 0.53828125 0.14375 0.9234375
32 0.79375 0.5359375 0.140625 0.928125
32 0.7140625 0.53046875 0.15 0.934375
32 0.6296875 0.5234375 0.1515625 0.934375
33 0.48515625 0.5109375 0.25625 0.9453125
25 0.34375 0.49765625 0.14375 0.928125
13 0.2453125 0.640625 0.084375 0.5953125
10 0.16484375 0.48203125 0.1578125 0.9328125
2 0.16640625 0.4828125 0.04375 0.2296875
2 0.065625 0.47109375 0.13125 0.9359375
2 0.06328125 0.4765625 0.0375 0.1859375