16 0.5 0.5 1 1
11 0.49921875 0.475 0.8890625 0.746875
2 0.1109375 0.16171875 0.0640625 0.03046875
15 0.2828125 0.24140625 0.415625 0.05234375
15 0.7171875 0.240625 0.415625 0.04921875
21 0.48671875 0.32890625 0.81953125 0.05625
21 0.48671875 0.421875 0.815625 0.0609375
21 0.4859375 0.5171875 0.82109375 0.06015625
21 0.4875 0.6125 0.81484375 0.05625
21 0.48671875 0.7078125 0.81484375 0.05703125
23 0.91171875 0.33203125 0.025 0.028125
23 0.91171875 0.61328125 0.0234375 0.025
23 0.9109375 0.42421875 0.025 0.02734375
23 0.91171875 0.70703125 0.0234375 0.02578125
23 0.91171875 0.51796875 0.02421875 0.02578125
2 0.3109375 0.36953125 0.39140625 0.01953125
2 0.43046875 0.4640625 0.63125 0.01796875
2 0.4265625 0.56015625 0.621875 0.01640625
2 0.2015625 0.65390625 0.16953125 0.01640625
2 0.18359375 0.74921875 0.1359375 0.01875
10 0.8296875 0.79453125 0.05390625 0.04609375
10 0.89609375 0.79453125 0.05546875 0.04609375
2 0.8296875 0.79453125 0.03203125 0.01640625
2 0.8953125 0.79453125 0.034375 0.01796875