32 0.50234375 0.3796875 0.890625 0.06640625
5 0.5 0.0453125 1 0.090625
33 0.5015625 0.66015625 0.90234375 0.3
2 0.48515625 0.05078125 0.2 0.025
32 0.50390625 0.3 0.89453125 0.06328125
22 0.4984375 0.91796875 0.99609375 0.1625
23 0.059375 0.05390625 0.06015625 0.0265625
15 0.5015625 0.22109375 0.89453125 0.06328125
32 0.503125 0.46015625 0.89453125 0.0640625
15 0.5015625 0.140625 0.89453125 0.0625
24 0.62890625 0.91640625 0.20234375 0.096875
2 0.17890625 0.9171875 0.07890625 0.025
2 0.84296875 0.915625 0.10546875 0.02578125
24 0.37421875 0.91484375 0.20859375 0.1