5 0.4703125 0.0578125 0.940625 0.115625
2 0.03984375 0.075 0.0796875 0.040625
11 0.5 0.44453125 1 0.8015625
2 0.228125 0.22265625 0.39375 0.0734375
2 0.0640625 0.20859375 0.078125 0.040625
32 0.25390625 0.31328125 0.4375 0.1140625
32 0.703125 0.26171875 0.4375 0.1078125
32 0.275 0.490625 0.4390625 0.11875
32 0.725 0.4375 0.4359375 0.10625
15 0.7140625 0.35 0.4359375 0.10625
15 0.265625 0.40546875 0.4375 0.10625
33 0.5171875 0.60078125 0.8984375 0.259375
10 0.93671875 0.6875 0.08125 0.059375
10 0.8546875 0.69765625 0.0671875 0.05625
2 0.85234375 0.69765625 0.0453125 0.021875
2 0.93515625 0.6875 0.0515625 0.025