22 0.47109375 0.90234375 0.9421875 0.1953125
2 0.434375 0.92734375 0.2140625 0.0484375
10 0.45 0.9140625 0.9 0.171875
2 0.375 0.67734375 0.5015625 0.0984375
5 0.5328125 0.065625 0.934375 0.13125
32 0.54375 0.12265625 0.9125 0.2015625
2 0.565625 0.02734375 0.1109375 0.0359375
15 0.50859375 0.42109375 0.9234375 0.2015625
33 0.48984375 0.5609375 0.940625 0.278125
32 0.521875 0.321875 0.9203125 0.2
32 0.5359375 0.22109375 0.9203125 0.2
23 0.9890625 0.08984375 0.021875 0.0359375
2 0.728125 0.72734375 0.203125 0.053125
13 0.884375 0.7484375 0.0609375 0.0359375