5 0.45546875 0.09375 0.9109375 0.1875
2 0.41484375 0.05546875 0.290625 0.0796875
2 0.16015625 0.190625 0.3203125 0.090625
11 0.4578125 0.2578125 0.915625 0.346875
2 0.3390625 0.23828125 0.528125 0.128125
2 0.3125 0.4359375 0.403125 0.1
11 0.5484375 0.7953125 0.903125 0.3125
2 0.4671875 0.79453125 0.559375 0.1296875
2 0.51015625 0.59140625 0.75625 0.1703125
2 0.45234375 0.2859375 0.75 0.1984375
2 0.48046875 0.4734375 0.75625 0.2
2 0.521875 0.65625 0.7640625 0.2015625
2 0.546875 0.84375 0.7484375 0.1875
11 0.49453125 0.44296875 0.940625 0.35625
11 0.53203125 0.6296875 0.9359375 0.35625
22 0.53984375 0.88359375 0.9203125 0.2328125
10 0.56953125 0.89609375 0.8609375 0.2078125
2 0.57890625 0.9140625 0.38125 0.103125