5 0.44296875 0.08828125 0.8859375 0.1765625
2 0.390625 0.03671875 0.10625 0.053125
11 0.5 0.50625 1 0.921875
2 0.0484375 0.29375 0.0953125 0.0546875
15 0.23203125 0.3328125 0.4265625 0.153125
15 0.66328125 0.2328125 0.4265625 0.1546875
32 0.2515625 0.41875 0.428125 0.153125
32 0.68359375 0.31796875 0.428125 0.153125
32 0.48671875 0.45078125 0.8609375 0.2546875
33 0.5171875 0.5828125 0.8828125 0.35
19 0.5421875 0.69453125 0.29375 0.08125
2 0.465625 0.784375 0.0421875 0.0421875
2 0.6578125 0.74453125 0.05 0.040625
24 0.5234375 0.7734375 0.084375 0.10625
24 0.5953125 0.7578125 0.0859375 0.109375