5 0.5 0.0296875 1 0.059375
23 0.02109375 0.028125 0.02421875 0.0296875
2 0.09296875 0.0296875 0.103125 0.0265625
23 0.86015625 0.028125 0.02578125 0.03046875
23 0.978125 0.0296875 0.0109375 0.02734375
7 0.9046875 0.02578125 0.02109375 0.04296875
7 0.94140625 0.0328125 0.03359375 0.053125
11 0.5015625 0.4359375 0.88671875 0.665625
2 0.26953125 0.19296875 0.378125 0.0234375
2 0.11484375 0.16015625 0.07109375 0.0296875
32 0.2828125 0.28203125 0.41484375 0.05859375
32 0.71640625 0.28515625 0.415625 0.05234375
32 0.2828125 0.453125 0.41640625 0.0625
32 0.7171875 0.45546875 0.415625 0.05234375
15 0.71640625 0.37109375 0.41484375 0.05234375
15 0.2828125 0.3703125 0.4171875 0.05078125
33 0.5 0.5859375 0.85 0.14609375
10 0.8890625 0.7171875 0.071875 0.046875
10 0.809375 0.7171875 0.0609375 0.04609375
2 0.80703125 0.7171875 0.04140625 0.01640625
2 0.88828125 0.7171875 0.04765625 0.01875