5 0.5 0.04140625 1 0.08203125
23 0.06015625 0.046875 0.065625 0.0296875
2 0.49765625 0.04609375 0.2859375 0.02734375
32 0.4984375 0.1390625 0.90234375 0.059375
32 0.496875 0.22109375 0.8890625 0.06015625
32 0.49921875 0.2984375 0.896875 0.06484375
32 0.49921875 0.37890625 0.89375 0.06484375
33 0.5 0.5171875 0.90234375 0.1703125
25 0.50078125 0.65234375 0.896875 0.05625
13 0.35390625 0.734375 0.578125 0.03203125
10 0.4984375 0.8234375 0.89921875 0.07421875
10 0.5 0.921875 0.8953125 0.05078125
2 0.4953125 0.9203125 0.1796875 0.02109375