5 0.43984375 0.9265625 0.8796875 0.146875
32 0.4421875 0.8765625 0.884375 0.246875
32 0.4515625 0.809375 0.903125 0.28125
32 0.4609375 0.72734375 0.921875 0.2890625
32 0.47109375 0.6421875 0.9421875 0.290625
33 0.49453125 0.49453125 0.9890625 0.3984375
25 0.52109375 0.34765625 0.9578125 0.2828125
13 0.6953125 0.29765625 0.609375 0.1734375
10 0.54140625 0.1671875 0.9171875 0.296875
2 0.56796875 0.16875 0.240625 0.078125
2 0.553125 0.10078125 0.89375 0.2015625
2 0.5953125 0.0640625 0.19375 0.065625