5 0.48828125 0.94296875 0.9765625 0.1140625
23 0.9140625 0.9734375 0.0578125 0.0265625
2 0.475 0.95078125 0.275 0.0390625
32 0.4796875 0.859375 0.9015625 0.1046875
32 0.48515625 0.77890625 0.9046875 0.1078125
32 0.48828125 0.7 0.9 0.115625
32 0.4890625 0.61484375 0.8984375 0.1078125
33 0.496875 0.48046875 0.9109375 0.2171875
25 0.5046875 0.34375 0.8953125 0.109375
13 0.65703125 0.2703125 0.5890625 0.0671875
22 0.51015625 0.0734375 0.9796875 0.146875
10 0.74921875 0.08046875 0.4421875 0.1
10 0.29140625 0.05625 0.440625 0.1015625
2 0.75390625 0.08203125 0.1921875 0.034375
2 0.29140625 0.05625 0.18125 0.028125