5 0.5 0.04375 1 0.0875
2 0.49765625 0.0515625 0.28984375 0.025
2 0.21640625 0.1328125 0.3375 0.0265625
11 0.5 0.25546875 0.896875 0.1765625
2 0.38984375 0.21484375 0.5296875 0.0265625
2 0.32578125 0.403125 0.4046875 0.0234375
11 0.50078125 0.8 0.91484375 0.13828125
2 0.409375 0.78125 0.5625 0.02265625
2 0.490625 0.5921875 0.76171875 0.025
2 0.49140625 0.2828125 0.74765625 0.05625
2 0.4828125 0.47109375 0.7546875 0.0546875
2 0.48828125 0.6578125 0.76328125 0.05625
2 0.47734375 0.84453125 0.7484375 0.0453125
11 0.503125 0.44375 0.91640625 0.18359375
11 0.50390625 0.63359375 0.91484375 0.18359375
22 0.5 0.934375 1 0.13046875
10 0.5 0.91953125 0.88515625 0.0703125
2 0.49609375 0.91953125 0.38125 0.03046875