5 0.5 0.0453125 1 0.090625
23 0.06171875 0.053125 0.05546875 0.0234375
2 0.49921875 0.05234375 0.271875 0.02421875
32 0.49921875 0.14296875 0.89453125 0.0578125
32 0.496875 0.22421875 0.8984375 0.059375
32 0.49921875 0.30234375 0.890625 0.06796875
32 0.50234375 0.3859375 0.89296875 0.0609375
33 0.50078125 0.5203125 0.8984375 0.16953125
25 0.5 0.65546875 0.8890625 0.06171875
13 0.353125 0.73671875 0.58359375 0.0359375
22 0.5 0.9390625 1 0.12109375
10 0.271875 0.9296875 0.43671875 0.075
10 0.72734375 0.9296875 0.434375 0.0765625
2 0.2671875 0.928125 0.18828125 0.02578125
2 0.72734375 0.9296875 0.18046875 0.01953125