5 0.5 0.04453125 1 0.0890625
2 0.484375 0.05 0.221875 0.03515625
23 0.05859375 0.05078125 0.06640625 0.03203125
32 0.5015625 0.4578125 0.88984375 0.065625
32 0.5015625 0.2984375 0.89140625 0.0625
15 0.50859375 0.13828125 0.9015625 0.0625
32 0.50078125 0.37890625 0.89296875 0.0640625
15 0.50078125 0.21796875 0.8890625 0.0640625
33 0.50234375 0.6578125 0.896875 0.29921875
22 0.5 0.9171875 1 0.165625
24 0.37109375 0.915625 0.1984375 0.10078125
2 0.83984375 0.91484375 0.10859375 0.02578125
2 0.178125 0.9140625 0.08125 0.025
24 0.628125 0.91484375 0.20234375 0.096875