32 0.8921875 0.465625 0.15 0.93125
32 0.784375 0.46796875 0.14375 0.9359375
32 0.68515625 0.4734375 0.15 0.94375
15 0.5796875 0.48359375 0.1453125 0.94375
33 0.4359375 0.49296875 0.225 0.946875
13 0.33125 0.925 0.0359375 0.059375
2 0.31953125 0.76796875 0.0390625 0.2078125
2 0.2953125 0.4078125 0.059375 0.5
22 0.07265625 0.5140625 0.1453125 0.971875
10 0.0609375 0.5203125 0.121875 0.934375
2 0.0546875 0.52109375 0.0375 0.215625
5 0.95703125 0.48359375 0.0859375 0.9671875
2 0.98359375 0.4578125 0.0328125 0.125
24 0.95 0.0328125 0.040625 0.065625