5 0.5 0.028125 1 0.05625
2 0.49921875 0.028125 0.09921875 0.03125
11 0.5 0.5 0.8890625 0.72109375
2 0.11640625 0.19765625 0.08671875 0.034375
15 0.2828125 0.27578125 0.41484375 0.0578125
15 0.7171875 0.27578125 0.41484375 0.06015625
32 0.2828125 0.36171875 0.415625 0.05703125
32 0.71640625 0.3609375 0.41640625 0.0578125
32 0.5 0.44453125 0.85078125 0.06015625
33 0.50078125 0.5765625 0.85078125 0.15625
19 0.49921875 0.6890625 0.29296875 0.0140625
2 0.40625 0.7578125 0.0359375 0.034375
2 0.59765625 0.76171875 0.0421875 0.03125
24 0.46328125 0.76015625 0.0640625 0.09140625
24 0.53671875 0.7609375 0.065625 0.09453125