5 0.49296875 0.05234375 0.9859375 0.1046875
2 0.4703125 0.0484375 0.3015625 0.0390625
23 0.01015625 0.06171875 0.0203125 0.0328125
32 0.48125 0.1453125 0.9625 0.096875
32 0.4828125 0.23203125 0.965625 0.0953125
32 0.484375 0.31640625 0.96875 0.1046875
32 0.4859375 0.40703125 0.971875 0.0984375
33 0.49140625 0.5546875 0.9828125 0.215625
25 0.49453125 0.69921875 0.9765625 0.0953125
13 0.33046875 0.796875 0.63125 0.053125
22 0.5078125 0.96171875 0.984375 0.0765625
10 0.25390625 0.97890625 0.4765625 0.0421875
10 0.75234375 0.97109375 0.4796875 0.0578125
2 0.25078125 0.996875 0.1984375 0.00625
2 0.7515625 0.9859375 0.1953125 0.015625