5 0.096875 0.5609375 0.19375 0.878125
22 0.88046875 0.44453125 0.2390625 0.8890625
10 0.89609375 0.4296875 0.2078125 0.859375
2 0.93671875 0.4015625 0.0703125 0.215625
11 0.346875 0.51015625 0.69375 0.9796875
11 0.63984375 0.47890625 0.3296875 0.9578125
13 0.54375 0.0859375 0.046875 0.071875
2 0.58125 0.2375 0.0734375 0.20625
2 0.6671875 0.5859375 0.14375 0.4875
33 0.471875 0.515625 0.36875 0.903125
15 0.3375 0.54765625 0.2859375 0.871875
32 0.23984375 0.5671875 0.2953125 0.865625
32 0.15 0.578125 0.2875 0.84375