32 0.36171875 0.5015625 0.121875 0.9625
5 0.0390625 0.4875 0.078125 0.975
33 0.6609375 0.5109375 0.371875 0.978125
2 0.0140625 0.46171875 0.028125 0.2171875
32 0.27578125 0.4984375 0.11875 0.9671875
22 0.9125 0.509375 0.175 0.98125
23 0.0375 0.01875 0.028125 0.0375
15 0.19140625 0.49140625 0.11875 0.965625
32 0.446875 0.50625 0.11875 0.965625
15 0.10546875 0.4875 0.115625 0.965625
24 0.928125 0.66796875 0.1140625 0.2234375
2 0.95546875 0.1828125 0.03125 0.0859375
2 0.91640625 0.8984375 0.034375 0.115625
24 0.94140625 0.39296875 0.1171875 0.2296875