31 0.91875 0.446875 0.1625 0.89375
2 0.97890625 0.86015625 0.0421875 0.0984375
2 0.775 0.478125 0.2515625 0.9203125
2 0.690625 0.49921875 0.2515625 0.9140625
32 0.63046875 0.77265625 0.1421875 0.415625
2 0.709375 0.928125 0.040625 0.078125
2 0.5796875 0.94453125 0.046875 0.1
33 0.23046875 0.82109375 0.2203125 0.3578125
10 0.35390625 0.69140625 0.084375 0.146875
2 0.35390625 0.69140625 0.0484375 0.115625
11 0.465625 0.7984375 0.165625 0.403125
23 0.4796875 0.87890625 0.040625 0.025
2 0.46484375 0.8125 0.0484375 0.1078125