31 0.50078125 0.0484375 0.9828125 0.06640625
30 0.04296875 0.04921875 0.0609375 0.05234375
30 0.103125 0.0484375 0.0453125 0.0515625
2 0.040625 0.04375 0.0265625 0.0234375
2 0.096875 0.0421875 0.021875 0.02578125
2 0.071875 0.12734375 0.11953125 0.040625
2 0.46796875 0.25078125 0.9125 0.05703125
2 0.02734375 0.19375 0.03203125 0.0328125
2 0.46484375 0.33203125 0.90625 0.059375
32 0.2234375 0.44296875 0.42265625 0.0546875
2 0.065625 0.40078125 0.10078125 0.025
2 0.07578125 0.5234375 0.12109375 0.02890625
33 0.2234375 0.83046875 0.42109375 0.13046875
2 0.03671875 0.74921875 0.04609375 0.021875
10 0.36953125 0.68203125 0.13125 0.05390625
2 0.36953125 0.6828125 0.10703125 0.02265625
10 0.95234375 0.9484375 0.071875 0.053125
2 0.95078125 0.94609375 0.02578125 0.02421875
11 0.22421875 0.60234375 0.42265625 0.07734375
23 0.17109375 0.60234375 0.01640625 0.03515625
2 0.23515625 0.603125 0.09921875 0.025