31 0.95390625 0.47890625 0.0921875 0.9578125
30 0.93671875 0.0109375 0.0453125 0.021875
30 0.94296875 0.05 0.0421875 0.05
2 0.953125 0.0421875 0.01875 0.025
2 0.865625 0.04375 0.053125 0.0875
2 0.77265625 0.46484375 0.1421875 0.9296875
2 0.6859375 0.465625 0.14375 0.93125
32 0.54921875 0.2171875 0.0953125 0.434375
2 0.5765625 0.0484375 0.034375 0.096875
2 0.45078125 0.065625 0.0390625 0.1265625
33 0.14375 0.2484375 0.175 0.4484375
2 0.2109375 0.04609375 0.028125 0.046875
10 0.31015625 0.3875 0.06875 0.1421875
2 0.31015625 0.38671875 0.034375 0.1140625
10 0.08515625 0.98984375 0.0609375 0.0203125
11 0.3828125 0.22890625 0.1203125 0.4453125
23 0.3765625 0.171875 0.0390625 0.0203125
2 0.38046875 0.2390625 0.0359375 0.1046875