31 0.50078125 0.0390625 0.9921875 0.0625
30 0.0421875 0.0390625 0.06640625 0.05
2 0.0703125 0.10703125 0.1203125 0.0265625
2 0.0953125 0.0390625 0.021875 0.01875
30 0.10390625 0.0390625 0.0453125 0.05078125
2 0.03828125 0.0390625 0.0296875 0.01953125
2 0.4640625 0.2734375 0.9125 0.0484375
2 0.4671875 0.20625 0.9171875 0.0421875
2 0.02421875 0.1609375 0.03125 0.02578125
32 0.22265625 0.365625 0.42421875 0.0453125
2 0.06328125 0.33046875 0.1 0.01796875
2 0.0734375 0.4296875 0.121875 0.0234375
17 0.221875 0.584375 0.42421875 0.24375
10 0.36875 0.7390625 0.13203125 0.0453125
2 0.36875 0.740625 0.1078125 0.02109375
33 0.221875 0.86171875 0.42421875 0.10703125
2 0.03515625 0.7953125 0.0453125 0.01953125
10 0.95390625 0.95546875 0.07265625 0.04375
2 0.953125 0.95625 0.02578125 0.0203125