31 0.96640625 0.4921875 0.0671875 0.984375
30 0.96015625 0.015625 0.0453125 0.03125
2 0.8953125 0.0453125 0.03125 0.090625
2 0.965625 0.05234375 0.01875 0.021875
30 0.96328125 0.06015625 0.0453125 0.0484375
2 0.96484375 0.00390625 0.0234375 0.0078125
2 0.73515625 0.46015625 0.0859375 0.9203125
2 0.80546875 0.46171875 0.0765625 0.9234375
32 0.63046875 0.20859375 0.0609375 0.4171875
2 0.6609375 0.03984375 0.021875 0.0796875
2 0.5578125 0.05390625 0.028125 0.1078125
17 0.40234375 0.21484375 0.2703125 0.4296875
10 0.2453125 0.3625 0.0515625 0.1390625
2 0.24375 0.36171875 0.0265625 0.1125
33 0.11328125 0.22421875 0.1265625 0.425
2 0.1765625 0.02578125 0.0234375 0.0296875
10 0.040625 0.9703125 0.05 0.059375
2 0.03984375 0.97890625 0.0234375 0.0265625