11 0.49140625 0.2296875 0.9828125 0.45390625
11 0.49296875 0.725 0.984375 0.525
11 0.48671875 0.10703125 0.8921875 0.0640625
2 0.184375 0.046875 0.28671875 0.034375
11 0.48984375 0.75078125 0.896875 0.4375
2 0.30546875 0.50625 0.53984375 0.02890625
11 0.48828125 0.2921875 0.8953125 0.28984375
23 0.9015625 0.0453125 0.0484375 0.0265625
23 0.9015625 0.50234375 0.046875 0.021875
23 0.1 0.10703125 0.04609375 0.021875
23 0.159375 0.565625 0.04921875 0.021875
23 0.15859375 0.63984375 0.04375 0.01875
23 0.2109375 0.21875 0.0421875 0.0203125
23 0.15859375 0.67734375 0.04375 0.01875
23 0.2109375 0.25546875 0.04296875 0.02109375
23 0.15859375 0.7140625 0.0421875 0.01796875
23 0.275 0.40390625 0.04296875 0.0203125
23 0.15859375 0.78828125 0.04296875 0.01875
23 0.15859375 0.82578125 0.0421875 0.01796875
23 0.15859375 0.75078125 0.04296875 0.01796875
23 0.15859375 0.9 0.04296875 0.01953125
23 0.15859375 0.8625 0.04296875 0.01875
23 0.15859375 0.93671875 0.04296875 0.01875
23 0.159375 0.603125 0.0484375 0.0203125
2 0.34609375 0.56640625 0.2984375 0.0171875
2 0.3921875 0.60234375 0.4015625 0.01875
2 0.39765625 0.640625 0.396875 0.01796875
2 0.39609375 0.6765625 0.39609375 0.01796875
2 0.39453125 0.7875 0.39765625 0.01796875
2 0.39609375 0.75078125 0.4 0.01796875
2 0.3953125 0.825 0.39765625 0.01796875
2 0.396875 0.86171875 0.39765625 0.01875
2 0.39609375 0.89921875 0.39609375 0.01875
2 0.396875 0.9359375 0.39609375 0.01953125
2 0.3953125 0.7140625 0.40390625 0.01796875
2 0.2453125 0.10625 0.209375 0.0171875
2 0.8796875 0.10703125 0.046875 0.0203125
2 0.8796875 0.21875 0.03828125 0.01875
2 0.8796875 0.18125 0.03984375 0.01875
2 0.87890625 0.29296875 0.03984375 0.01875
2 0.87890625 0.25546875 0.040625 0.01875
2 0.8796875 0.4046875 0.03984375 0.01875
2 0.8796875 0.640625 0.04140625 0.01875
2 0.87890625 0.3671875 0.040625 0.01875
2 0.8796875 0.67734375 0.0390625 0.01875
2 0.8796875 0.33046875 0.03984375 0.01875
2 0.8796875 0.75234375 0.03984375 0.01875
2 0.87890625 0.71484375 0.03984375 0.01875
2 0.87890625 0.7890625 0.0390625 0.01875
2 0.8796875 0.86328125 0.03984375 0.01953125
2 0.8796875 0.90078125 0.0390625 0.01875
2 0.8796875 0.9375 0.040625 0.01875
2 0.87890625 0.8265625 0.03984375 0.01875
13 0.09609375 0.565625 0.0453125 0.021875
13 0.0953125 0.6765625 0.04140625 0.0203125
13 0.0953125 0.71328125 0.04140625 0.01953125
13 0.0953125 0.7875 0.040625 0.0203125
13 0.0953125 0.8984375 0.03984375 0.01953125
13 0.0953125 0.9359375 0.03984375 0.01953125
13 0.09453125 0.75 0.04453125 0.02109375
13 0.09609375 0.825 0.04296875 0.021875
13 0.0953125 0.86171875 0.04375 0.02109375
13 0.09609375 0.60234375 0.0453125 0.021875
13 0.09609375 0.6390625 0.04140625 0.01875