23 0.20703125 0.20859375 0.04375 0.02109375
23 0.271875 0.4 0.04375 0.02109375
23 0.159375 0.95 0.04296875 0.01953125
23 0.20703125 0.246875 0.04296875 0.02109375
2 0.40234375 0.95 0.4078125 0.01953125
23 0.159375 0.91171875 0.04296875 0.01875
2 0.396875 0.834375 0.41640625 0.01875
2 0.39921875 0.9109375 0.4125 0.01875
11 0.49296875 0.28203125 0.9203125 0.29453125
2 0.8875 0.17109375 0.0421875 0.0203125
2 0.8875 0.3625 0.04140625 0.01953125
23 0.159375 0.8734375 0.04375 0.01953125
2 0.39921875 0.79609375 0.415625 0.01875
23 0.159375 0.796875 0.0421875 0.01875
2 0.396875 0.75859375 0.41328125 0.01796875
2 0.8875 0.32421875 0.04140625 0.01953125
23 0.159375 0.75859375 0.0421875 0.01875
2 0.8875 0.40078125 0.040625 0.0203125
23 0.15859375 0.68203125 0.04296875 0.01875
23 0.159375 0.64375 0.0421875 0.01875
23 0.159375 0.72109375 0.04375 0.01875
23 0.159375 0.83515625 0.04140625 0.01875
11 0.496875 0.7296875 0.990625 0.52265625
2 0.39921875 0.68125 0.41484375 0.01796875
2 0.39921875 0.64375 0.41015625 0.01875
2 0.8875 0.8359375 0.04140625 0.01953125
2 0.8875 0.28515625 0.03984375 0.01953125
23 0.159375 0.60625 0.04296875 0.01953125
2 0.396875 0.87265625 0.4109375 0.01875
2 0.8875 0.87421875 0.040625 0.0203125
2 0.88671875 0.209375 0.040625 0.0203125
2 0.8875 0.721875 0.040625 0.0203125
2 0.8875 0.9515625 0.04140625 0.01953125
2 0.4 0.6046875 0.40859375 0.01796875
2 0.30859375 0.5046875 0.55859375 0.0265625
2 0.8875 0.24765625 0.040625 0.0203125
2 0.8875 0.759375 0.040625 0.02109375
2 0.8875 0.9125 0.040625 0.02109375
2 0.8875 0.6828125 0.04140625 0.0203125
2 0.8875 0.60625 0.04140625 0.0203125
2 0.396875 0.7203125 0.4109375 0.01796875
2 0.8875 0.6453125 0.04140625 0.01953125
23 0.91015625 0.5015625 0.04765625 0.02265625
2 0.8875 0.79765625 0.040625 0.0203125
23 0.159375 0.5671875 0.04375 0.01953125
23 0.9109375 0.03046875 0.04765625 0.02265625
2 0.18515625 0.03046875 0.2890625 0.0265625
11 0.49140625 0.09296875 0.903125 0.0671875
23 0.09453125 0.09375 0.04453125 0.021875
2 0.2421875 0.09296875 0.22109375 0.0171875
13 0.0921875 0.87265625 0.046875 0.02265625
2 0.3484375 0.5671875 0.31015625 0.01796875
13 0.0921875 0.68125 0.04609375 0.02265625
13 0.0921875 0.9109375 0.046875 0.02265625
13 0.0921875 0.75859375 0.046875 0.02265625
13 0.0921875 0.83359375 0.046875 0.02265625
2 0.85703125 0.56796875 0.10703125 0.02109375
13 0.0921875 0.56640625 0.05 0.02421875
13 0.0921875 0.79609375 0.046875 0.02265625
13 0.0921875 0.95 0.0453125 0.021875
13 0.0921875 0.60546875 0.0484375 0.02421875
13 0.09140625 0.64375 0.05078125 0.0234375
13 0.09296875 0.7203125 0.05078125 0.02421875
2 0.8875 0.09453125 0.0453125 0.021875