11 0.49453125 0.7328125 0.9890625 0.534375
11 0.5 0.29921875 1 0.5984375
11 0.45078125 0.90078125 0.9015625 0.1984375
2 0.73671875 0.9859375 0.3078125 0.028125
11 0.50625 0.26015625 0.9875 0.5203125
2 0.6765625 0.50703125 0.5765625 0.1109375
11 0.4734375 0.70625 0.946875 0.440625
23 0.04296875 0.42265625 0.053125 0.0296875
23 0.83515625 0.96015625 0.053125 0.0296875
23 0.83984375 0.46640625 0.05625 0.03125
23 0.8515625 0.3875 0.0484375 0.025
23 0.734375 0.82578125 0.0484375 0.028125
23 0.85703125 0.3484375 0.05 0.0265625
23 0.7390625 0.78671875 0.0484375 0.028125
23 0.86328125 0.30859375 0.046875 0.025
23 0.69375 0.6203125 0.05 0.028125
23 0.87421875 0.23046875 0.05 0.0265625
23 0.8796875 0.19140625 0.046875 0.025
23 0.86875 0.2703125 0.0484375 0.025
23 0.890625 0.11328125 0.05 0.0265625
23 0.88515625 0.15234375 0.0484375 0.025
23 0.89609375 0.07421875 0.0484375 0.025
23 0.8453125 0.42734375 0.05625 0.0296875
2 0.64140625 0.43671875 0.31875 0.0625
2 0.5984375 0.3921875 0.428125 0.0796875
2 0.5984375 0.3515625 0.4234375 0.078125
2 0.60546875 0.31328125 0.4234375 0.078125
2 0.62421875 0.19609375 0.4234375 0.078125
2 0.61640625 0.23515625 0.4265625 0.078125
2 0.62890625 0.1578125 0.4234375 0.078125
2 0.6328125 0.11875 0.4234375 0.0796875
2 0.63828125 0.078125 0.4234375 0.0796875
2 0.64296875 0.03984375 0.4234375 0.0796875
2 0.61171875 0.27421875 0.43125 0.078125
2 0.68046875 0.9390625 0.2234375 0.05
2 0.0171875 0.84375 0.034375 0.028125
2 0.025 0.72578125 0.0421875 0.025
2 0.02109375 0.76484375 0.0421875 0.0265625
2 0.0359375 0.64765625 0.04375 0.025
2 0.03046875 0.6875 0.0453125 0.025
2 0.05234375 0.5296875 0.0453125 0.0265625
2 0.0875 0.2796875 0.046875 0.0265625
2 0.046875 0.56875 0.046875 0.0265625
2 0.09296875 0.240625 0.0453125 0.0265625
2 0.04140625 0.60859375 0.0453125 0.0265625
2 0.10390625 0.16171875 0.046875 0.0265625
2 0.0984375 0.2015625 0.046875 0.0265625
2 0.109375 0.12265625 0.0453125 0.0265625
2 0.1203125 0.04453125 0.046875 0.0265625
2 0.12578125 0.00859375 0.0453125 0.0171875
2 0.11484375 0.08359375 0.046875 0.0265625
13 0.90703125 0.47578125 0.0515625 0.0296875
13 0.9234375 0.359375 0.046875 0.028125
13 0.9296875 0.31953125 0.046875 0.028125
13 0.94140625 0.240625 0.046875 0.028125
13 0.95703125 0.12421875 0.046875 0.028125
13 0.9625 0.08359375 0.046875 0.028125
13 0.9359375 0.28046875 0.05 0.028125
13 0.94609375 0.20234375 0.0484375 0.028125
13 0.95234375 0.1625 0.05 0.028125
13 0.9125 0.4375 0.0515625 0.0296875
13 0.91796875 0.39765625 0.046875 0.0265625