11 0.24375 0.503125 0.4875 0.99375
11 0.703125 0.5 0.59375 1
11 0.07265625 0.52578125 0.1453125 0.9484375
11 0.74140625 0.48828125 0.5171875 0.9765625
2 0.48046875 0.30078125 0.08125 0.58125
11 0.2671875 0.51171875 0.39375 0.9765625
23 0.0484375 0.9765625 0.021875 0.046875
23 0.53125 0.94140625 0.0296875 0.0515625
23 0.03359375 0.1171875 0.028125 0.0515625
23 0.53046875 0.13828125 0.028125 0.0546875
23 0.609375 0.13046875 0.0234375 0.0484375
23 0.16328125 0.22578125 0.025 0.046875
23 0.64921875 0.12734375 0.025 0.0484375
23 0.203125 0.22265625 0.0265625 0.0484375
23 0.6890625 0.12421875 0.021875 0.046875
23 0.36796875 0.278125 0.0265625 0.0484375
23 0.76875 0.1171875 0.025 0.0484375
23 0.8078125 0.1140625 0.021875 0.046875
23 0.728125 0.12109375 0.0234375 0.0484375
23 0.8875 0.10703125 0.025 0.0484375
23 0.846875 0.11015625 0.0234375 0.0484375
23 0.9265625 0.103125 0.0234375 0.0484375
23 0.5703125 0.13515625 0.0265625 0.0546875
2 0.5484375 0.3390625 0.046875 0.321875
2 0.59140625 0.384375 0.0578125 0.43125
2 0.63203125 0.3875 0.05625 0.428125
2 0.67109375 0.38203125 0.05625 0.4265625
2 0.7890625 0.36953125 0.05625 0.428125
2 0.74921875 0.37578125 0.05625 0.43125
2 0.82890625 0.3671875 0.05625 0.428125
2 0.86875 0.36484375 0.0578125 0.428125
2 0.90859375 0.36171875 0.0578125 0.425
2 0.94765625 0.35859375 0.059375 0.4265625
2 0.71015625 0.378125 0.05625 0.434375
2 0.046875 0.2734375 0.0390625 0.225
2 0.1078125 0.95390625 0.0265625 0.0515625
2 0.2265625 0.94375 0.021875 0.0421875
2 0.1859375 0.946875 0.0234375 0.0453125
2 0.30625 0.9359375 0.0234375 0.04375
2 0.265625 0.9390625 0.021875 0.0453125
2 0.425 0.92578125 0.0234375 0.04375
2 0.67734375 0.90390625 0.0234375 0.0453125
2 0.38515625 0.92890625 0.0234375 0.0453125
2 0.7171875 0.90078125 0.0234375 0.04375
2 0.34609375 0.9328125 0.0234375 0.0453125
2 0.79609375 0.89375 0.0234375 0.0453125
2 0.75625 0.89609375 0.0234375 0.0453125
2 0.8359375 0.8890625 0.0234375 0.04375
2 0.915625 0.88359375 0.0234375 0.0453125
2 0.95546875 0.8796875 0.0234375 0.04375
2 0.99140625 0.87578125 0.0171875 0.0453125
2 0.87578125 0.8859375 0.0234375 0.0453125
13 0.5234375 0.0703125 0.028125 0.05
13 0.6421875 0.06015625 0.025 0.0453125
13 0.68125 0.05625 0.025 0.0453125
13 0.7609375 0.04921875 0.025 0.0453125
13 0.87890625 0.0390625 0.025 0.0453125
13 0.91953125 0.0359375 0.025 0.0453125
13 0.72109375 0.0515625 0.0265625 0.05
13 0.80078125 0.04609375 0.028125 0.0484375
13 0.840625 0.0421875 0.0265625 0.0484375
13 0.5625 0.0671875 0.028125 0.05
13 0.60234375 0.06328125 0.0234375 0.0453125