23 0.8875 0.7171875 0.05 0.0328125
23 0.7734375 0.54140625 0.05 0.0328125
23 0.878125 0.67890625 0.0484375 0.03125
2 0.50390625 0.040625 0.4171875 0.08125
23 0.759375 0.00546875 0.046875 0.0109375
2 0.53828125 0.13515625 0.4265625 0.1234375
2 0.5171875 0.059375 0.421875 0.11875
11 0.5390625 0.715625 0.921875 0.528125
2 0.209375 0.9265625 0.0484375 0.03125
2 0.16171875 0.734375 0.046875 0.0296875
23 0.76875 0.0359375 0.0484375 0.03125
2 0.5453125 0.175 0.425 0.1234375
23 0.78828125 0.11328125 0.046875 0.028125
2 0.5578125 0.21171875 0.4234375 0.121875
2 0.17109375 0.77265625 0.046875 0.0296875
23 0.7984375 0.1515625 0.046875 0.028125
2 0.1515625 0.6953125 0.046875 0.03125
23 0.8171875 0.228125 0.0484375 0.0296875
23 0.82578125 0.2671875 0.046875 0.028125
23 0.8078125 0.18984375 0.0484375 0.0296875
23 0.77890625 0.07421875 0.046875 0.028125
11 0.49609375 0.32734375 0.9921875 0.6546875
2 0.575 0.28984375 0.4234375 0.121875
2 0.58359375 0.32890625 0.4203125 0.121875
2 0.0421875 0.25703125 0.046875 0.0296875
2 0.18046875 0.81171875 0.04375 0.0296875
23 0.8359375 0.30625 0.046875 0.0296875
2 0.52890625 0.09765625 0.4203125 0.121875
2 0.0328125 0.21875 0.046875 0.03125
2 0.20078125 0.8875 0.046875 0.03125
2 0.07109375 0.37265625 0.046875 0.03125
2 0.01796875 0.14140625 0.0359375 0.0296875
2 0.59296875 0.3671875 0.4171875 0.1203125
2 0.70625 0.446875 0.5609375 0.165625
2 0.190625 0.85 0.0484375 0.03125
2 0.06171875 0.33359375 0.046875 0.03125
2 0.0234375 0.1796875 0.046875 0.03125
2 0.08125 0.4109375 0.0484375 0.03125
2 0.09921875 0.4890625 0.0484375 0.03125
2 0.5671875 0.25078125 0.4203125 0.121875
2 0.090625 0.45 0.046875 0.0296875
23 0.10390625 0.59921875 0.0546875 0.034375
2 0.05234375 0.29609375 0.046875 0.03125
23 0.8453125 0.34453125 0.05 0.03125
2 0.903125 0.88984375 0.19375 0.0953125
11 0.58203125 0.87890625 0.8359375 0.2421875
2 0.88046875 0.8421875 0.2296875 0.0734375
13 0.83671875 0.0203125 0.053125 0.034375
2 0.6546875 0.3921875 0.3171875 0.0953125
13 0.88515625 0.21328125 0.053125 0.034375
13 0.865625 0.13515625 0.0546875 0.034375
13 0.846875 0.059375 0.053125 0.034375
2 0.13984375 0.51953125 0.1125 0.0484375
13 0.9140625 0.328125 0.05625 0.0375
13 0.85625 0.096875 0.053125 0.034375
13 0.9046875 0.28984375 0.0546875 0.0359375
13 0.8953125 0.25078125 0.0578125 0.0375
13 0.87421875 0.17421875 0.0578125 0.0375
2 0.228125 0.99375 0.05 0.0125