11 0.45390625 0.915625 0.9078125 0.16875
14 0.07734375 0.8859375 0.0984375 0.05
2 0.07734375 0.884375 0.0828125 0.034375
2 0.01328125 0.86796875 0.0265625 0.0328125
15 0.09375 0.8265625 0.1875 0.090625
17 0.5 0.45546875 1 0.9109375
32 0.09765625 0.77890625 0.1953125 0.0890625
32 0.3109375 0.8765625 0.2546875 0.090625
25 0.3203125 0.828125 0.253125 0.090625
32 0.5609375 0.925 0.253125 0.090625
15 0.5703125 0.8765625 0.253125 0.090625
32 0.79921875 0.9640625 0.2359375 0.071875
10 0.86328125 0.93359375 0.0734375 0.0546875
10 0.91015625 0.94375 0.0328125 0.046875
2 0.86171875 0.934375 0.046875 0.025
2 0.915625 0.94375 0.0171875 0.01875