23 0.71640625 0.8578125 0.03125 0.046875
23 0.5421875 0.75 0.03125 0.046875
23 0.67890625 0.84921875 0.03125 0.046875
2 0.04296875 0.496875 0.0859375 0.40625
23 0.0125 0.74375 0.025 0.046875
2 0.1421875 0.52734375 0.1125 0.415625
2 0.06796875 0.5078125 0.1125 0.4125
11 0.7078125 0.534375 0.5 0.93125
2 0.909375 0.19375 0.0296875 0.0453125
2 0.7203125 0.15 0.0296875 0.0453125
23 0.04921875 0.75390625 0.028125 0.046875
2 0.18046875 0.53359375 0.1125 0.415625
23 0.12578125 0.77109375 0.028125 0.0453125
2 0.21796875 0.54453125 0.1125 0.4125
2 0.7578125 0.15859375 0.028125 0.0453125
23 0.1625 0.7796875 0.028125 0.046875
2 0.68203125 0.14140625 0.0296875 0.04375
23 0.23828125 0.79765625 0.028125 0.046875
23 0.2765625 0.80625 0.028125 0.0453125
23 0.2 0.78828125 0.028125 0.046875
23 0.0875 0.7625 0.028125 0.0453125
11 0.3203125 0.496875 0.640625 0.99375
2 0.29375 0.56015625 0.1125 0.415625
2 0.33125 0.56875 0.1125 0.409375
2 0.253125 0.0421875 0.0296875 0.04375
2 0.7953125 0.1671875 0.0296875 0.04375
23 0.31328125 0.81484375 0.028125 0.046875
2 0.10546875 0.51875 0.1125 0.4109375
2 0.21484375 0.03359375 0.0296875 0.04375
2 0.87109375 0.18515625 0.0296875 0.04375
2 0.365625 0.06796875 0.0296875 0.04375
2 0.1390625 0.01875 0.028125 0.0375
2 0.36953125 0.5765625 0.1125 0.409375
2 0.4484375 0.68984375 0.153125 0.559375
2 0.83359375 0.17578125 0.0296875 0.04375
2 0.328125 0.059375 0.0296875 0.04375
2 0.17734375 0.025 0.0296875 0.04375
2 0.40390625 0.0765625 0.0296875 0.0453125
2 0.47890625 0.09375 0.0296875 0.0453125
2 0.25546875 0.553125 0.1125 0.4109375
2 0.440625 0.08515625 0.0296875 0.0453125
23 0.5875 0.09609375 0.034375 0.053125
2 0.290625 0.05078125 0.0296875 0.04375
23 0.3515625 0.8234375 0.028125 0.046875
2 0.8875 0.88671875 0.09375 0.2265625
11 0.87890625 0.57421875 0.2421875 0.8515625
23 0.803125 0.98515625 0.03125 0.0296875
2 0.83828125 0.84921875 0.0671875 0.2234375
13 0.0359375 0.8203125 0.03125 0.05
2 0.3953125 0.6359375 0.0890625 0.3125
13 0.22421875 0.8640625 0.03125 0.05
13 0.00625 0.8109375 0.0125 0.05
13 0.1484375 0.84609375 0.034375 0.053125
13 0.0734375 0.82890625 0.03125 0.05
2 0.51015625 0.1328125 0.0453125 0.1109375
13 0.33671875 0.88984375 0.0359375 0.0546875
13 0.11015625 0.8375 0.03125 0.05
13 0.2984375 0.88203125 0.0359375 0.053125
13 0.26171875 0.8734375 0.0359375 0.05625
13 0.1859375 0.85390625 0.0359375 0.05625
2 0.984375 0.2109375 0.03125 0.05