11 0.50078125 0.04609375 0.97890625 0.05078125
2 0.940625 0.04609375 0.0453125 0.0171875
23 0.975 0.046875 0.01328125 0.021875
14 0.16015625 0.04609375 0.08984375 0.03125
2 0.16015625 0.04765625 0.078125 0.01796875
2 0.075 0.046875 0.0703125 0.01875
23 0.02734375 0.04609375 0.01328125 0.021875
15 0.1328125 0.0984375 0.2421875 0.04140625
17 0.5015625 0.58125 0.98359375 0.80703125
32 0.1328125 0.1453125 0.24140625 0.040625
32 0.37890625 0.0984375 0.2421875 0.04140625
25 0.37890625 0.1453125 0.24140625 0.04140625
32 0.62421875 0.0984375 0.2421875 0.0421875
15 0.62421875 0.1453125 0.24140625 0.04140625
32 0.8703125 0.0984375 0.2421875 0.04140625
10 0.91171875 0.1453125 0.06328125 0.04140625
10 0.96953125 0.1453125 0.04296875 0.04140625
2 0.9109375 0.14453125 0.0421875 0.01640625
2 0.96953125 0.14609375 0.021875 0.015625