10 0.95078125 0.76953125 0.0703125 0.0265625
23 0.975 0.77109375 0.009375 0.0125
2 0.94140625 0.77109375 0.0375 0.0125
2 0.94140625 0.728125 0.090625 0.021875
10 0.9296875 0.628125 0.1140625 0.0328125
2 0.91640625 0.6265625 0.059375 0.0109375
10 0.8125 0.625 0.1015625 0.0328125
2 0.79921875 0.62578125 0.05 0.0140625
23 0.83984375 0.62578125 0.015625 0.015625
23 0.9625 0.62734375 0.0125 0.0125
32 0.1671875 0.61484375 0.265625 0.0359375
2 0.53359375 0.675 0.909375 0.0515625
17 0.51484375 0.45078125 0.9609375 0.2953125