5 0.5 0.0203125 1 0.040625
2 0.49609375 0.0203125 0.103125 0.02421875
2 0.47890625 0.1828125 0.85078125 0.04609375
2 0.109375 0.13125 0.11171875 0.02421875
11 0.50078125 0.35546875 0.8875 0.13515625
2 0.10234375 0.259375 0.0984375 0.02265625
2 0.496875 0.375 0.84921875 0.04296875
2 0.165625 0.3234375 0.17578125 0.01796875
11 0.5 0.4984375 0.8890625 0.13515625
2 0.4953125 0.51796875 0.85390625 0.0421875
2 0.165625 0.46796875 0.18203125 0.021875
2 0.49609375 0.6625 0.8546875 0.04375
2 0.16640625 0.61015625 0.1796875 0.02109375
2 0.4953125 0.946875 0.85390625 0.04765625
2 0.16484375 0.89765625 0.17578125 0.0203125
2 0.49765625 0.80703125 0.85390625 0.046875
2 0.165625 0.7546875 0.175 0.02109375
11 0.5 0.640625 0.890625 0.13515625
11 0.50234375 0.7859375 0.8875 0.13203125
11 0.49921875 0.9296875 0.8890625 0.13515625
10 0.8671875 0.2609375 0.15234375 0.0328125
23 0.81328125 0.2609375 0.01328125 0.015625
2 0.8796875 0.26171875 0.10234375 0.01328125