10 0.15 0.05546875 0.04375 0.075
2 0.15 0.0640625 0.025 0.0390625
23 0.15390625 0.03203125 0.0203125 0.0125
2 0.21484375 0.06953125 0.0390625 0.0875
2 0.25078125 0.45703125 0.1296875 0.8546875
32 0.3046875 0.80859375 0.06875 0.2515625
10 0.36640625 0.0953125 0.0546875 0.109375
23 0.36875 0.06328125 0.0234375 0.0171875
2 0.36640625 0.10625 0.0234375 0.0609375
10 0.35703125 0.20546875 0.0546875 0.1
23 0.36015625 0.1796875 0.0296875 0.021875
2 0.35625 0.21640625 0.0265625 0.0484375
5 0.05 0.4796875 0.1 0.959375
2 0.06484375 0.05234375 0.0390625 0.103125
23 0.0046875 0.82265625 0.009375 0.0265625
7 0.00703125 0.9 0.0140625 0.0375
17 0.58828125 0.509375 0.4953125 0.928125