10 0.92578125 0.0390625 0.046875 0.0484375
2 0.93046875 0.03828125 0.0359375 0.0265625
2 0.9265625 0.11171875 0.0609375 0.0390625
2 0.51796875 0.2390625 0.9015625 0.171875
32 0.17109375 0.375 0.278125 0.0859375
10 0.93515625 0.28046875 0.0890625 0.059375
2 0.9390625 0.28125 0.065625 0.028125
10 0.83046875 0.29375 0.1125 0.065625
23 0.859375 0.29140625 0.0234375 0.0328125
2 0.81875 0.2953125 0.05625 0.03125
5 0.46953125 0.04765625 0.9390625 0.0953125
23 0.08671875 0.053125 0.028125 0.015625
7 0.04140625 0.059375 0.021875 0.0171875
7 0.0109375 0.07109375 0.021875 0.0296875
17 0.5203125 0.6140625 0.959375 0.571875