10 0.86171875 0.8109375 0.06875 0.034375
23 0.88359375 0.815625 0.0109375 0.0125
2 0.853125 0.81015625 0.0359375 0.0171875
2 0.859375 0.7703125 0.0859375 0.0328125
10 0.86328125 0.675 0.1109375 0.046875
2 0.8515625 0.671875 0.05625 0.01875
10 0.75390625 0.65546875 0.1 0.04375
2 0.74140625 0.65390625 0.0484375 0.01875
23 0.7796875 0.659375 0.0171875 0.0171875
23 0.89453125 0.6796875 0.0140625 0.0140625
32 0.1515625 0.55 0.2515625 0.071875
2 0.4859375 0.66015625 0.8515625 0.1828125
17 0.5015625 0.44765625 0.9375 0.415625