10 0.08828125 0.253125 0.065625 0.02265625
23 0.065625 0.25234375 0.00859375 0.0109375
2 0.096875 0.25234375 0.034375 0.0109375
2 0.09765625 0.2921875 0.08359375 0.01875
10 0.11015625 0.3859375 0.10625 0.028125
2 0.12265625 0.3859375 0.0546875 0.00859375
10 0.21875 0.3859375 0.0953125 0.02890625
2 0.23203125 0.3859375 0.0453125 0.0109375
23 0.19375 0.3859375 0.01484375 0.0140625
23 0.0796875 0.38671875 0.01171875 0.0125
32 0.82109375 0.38515625 0.246875 0.02890625
2 0.47890625 0.33515625 0.846875 0.0328125
17 0.5 0.54375 0.89140625 0.25859375