5 0.0671875 0.54921875 0.134375 0.9015625
2 0.01796875 0.57109375 0.0359375 0.1109375
2 0.1859375 0.55546875 0.21875 0.8890625
2 0.20625 0.94375 0.046875 0.1125
11 0.36015625 0.4984375 0.3203125 0.9484375
2 0.34140625 0.93125 0.04375 0.10625
2 0.38203125 0.49921875 0.215625 0.8890625
2 0.3953125 0.853125 0.053125 0.184375
11 0.50859375 0.47265625 0.3203125 0.9453125
2 0.5296875 0.471875 0.2140625 0.8921875
2 0.54453125 0.82421875 0.0578125 0.1921875
2 0.6796875 0.44453125 0.21875 0.8890625
2 0.69140625 0.79453125 0.0578125 0.190625
2 0.93125 0.41640625 0.1375 0.8328125
2 0.98125 0.73828125 0.0375 0.1859375
2 0.82890625 0.42890625 0.2203125 0.8578125
2 0.84140625 0.765625 0.05625 0.1859375
11 0.65625 0.4578125 0.31875 0.915625
11 0.80546875 0.44140625 0.3171875 0.8828125
11 0.89765625 0.4296875 0.2046875 0.859375
10 0.18828125 0.13828125 0.0640625 0.1640625
23 0.2 0.19453125 0.01875 0.0171875
2 0.18671875 0.12578125 0.034375 0.109375