10 0.08984375 0.115625 0.07109375 0.03828125
2 0.0984375 0.115625 0.03828125 0.021875
23 0.06640625 0.11640625 0.0109375 0.01875
2 0.09765625 0.18046875 0.084375 0.03046875
2 0.478125 0.24921875 0.846875 0.05625
32 0.82109375 0.3328125 0.246875 0.046875
10 0.11015625 0.3328125 0.10546875 0.0453125
23 0.07890625 0.3328125 0.01484375 0.0203125
2 0.12109375 0.33359375 0.0578125 0.01875
10 0.21953125 0.3328125 0.0953125 0.046875
23 0.19375 0.33359375 0.01875 0.028125
2 0.23046875 0.3328125 0.04765625 0.021875
5 0.5 0.02890625 1 0.0578125
23 0.02265625 0.02890625 0.01953125 0.0265625
2 0.09375 0.03046875 0.10078125 0.0296875
23 0.8625 0.0296875 0.025 0.02421875
7 0.903125 0.0234375 0.01875 0.040625
7 0.93984375 0.0296875 0.0328125 0.04609375
23 0.97734375 0.0296875 0.00625 0.02734375
17 0.50078125 0.58828125 0.88984375 0.41484375