2 0.84765625 0.55 0.2015625 0.8890625
2 0.96875 0.17734375 0.0453125 0.1203125
11 0.66484375 0.534375 0.3015625 0.93125
2 0.8375 0.14609375 0.0421875 0.10625
2 0.64609375 0.5328125 0.2 0.884375
2 0.759375 0.2 0.05 0.184375
11 0.5171875 0.51328125 0.3015625 0.94375
2 0.49921875 0.50625 0.1984375 0.890625
2 0.6109375 0.1734375 0.0546875 0.1921875
2 0.34921875 0.4796875 0.2015625 0.890625
2 0.4625 0.1484375 0.0546875 0.1890625
2 0.078125 0.43671875 0.15625 0.8734375
2 0.16640625 0.09453125 0.053125 0.1859375
2 0.19921875 0.45546875 0.2046875 0.8921875
2 0.3140625 0.121875 0.053125 0.1859375
11 0.3703125 0.48828125 0.3 0.9453125
11 0.22109375 0.4671875 0.2984375 0.934375
11 0.11171875 0.453125 0.2234375 0.90625
10 0.69609375 0.928125 0.0609375 0.14375
23 0.70546875 0.88125 0.0171875 0.0171875
2 0.69296875 0.94765625 0.0328125 0.1046875