14 0.8984375 0.72109375 0.1015625 0.3375
14 0.8234375 0.36796875 0.0984375 0.31875
14 0.75859375 0.0921875 0.0828125 0.184375
2 0.8984375 0.72109375 0.0734375 0.278125
2 0.82265625 0.3671875 0.0671875 0.25625
2 0.75390625 0.07734375 0.0609375 0.1546875
2 0.9359375 0.59296875 0.0859375 0.346875
2 0.9484375 0.56015625 0.1015625 0.40625
7 0.8421875 0.08046875 0.053125 0.0875
6 0.984375 0.8328125 0.03125 0.1125
2 0.96171875 0.3984375 0.0765625 0.296875
31 0.7734375 0.44609375 0.2296875 0.8859375
20 0.5265625 0.5 0.609375 1
20 0.28125 0.54140625 0.246875 0.9171875
20 0.21328125 0.5453125 0.2453125 0.909375
20 0.146875 0.55234375 0.25 0.8953125
20 0.1015625 0.56015625 0.203125 0.8796875