14 0.20078125 0.15625 0.33828125 0.0328125
14 0.56171875 0.15625 0.31953125 0.0328125
14 0.8765625 0.15546875 0.246875 0.0328125
2 0.20078125 0.15625 0.28203125 0.015625
2 0.5625 0.15703125 0.259375 0.0140625
2 0.890625 0.15625 0.21875 0.015625
2 0.31875 0.09296875 0.3515625 0.01171875
2 0.34765625 0.07421875 0.41171875 0.01484375
7 0.8390625 0.078125 0.08125 0.03671875
23 0.94375 0.08359375 0.021875 0.02109375
6 0.07109375 0.08125 0.1078125 0.0375
23 0.05859375 0.02578125 0.0484375 0.01796875
23 0.9375 0.025 0.06328125 0.01953125
2 0.50234375 0.0265625 0.3 0.01640625
31 0.49609375 0.22109375 0.89765625 0.04296875
20 0.5015625 0.471875 0.94609375 0.42265625
20 0.5 0.7234375 0.9359375 0.05234375
20 0.5015625 0.7921875 0.94609375 0.05078125
20 0.49921875 0.86015625 0.95 0.053125
20 0.49921875 0.9296875 0.94609375 0.05234375