14 0.2265625 0.875 0.3828125 0.0515625
14 0.63203125 0.859375 0.3625 0.05
14 0.92265625 0.8515625 0.1546875 0.04375
2 0.22578125 0.87421875 0.3171875 0.028125
2 0.63203125 0.85859375 0.2921875 0.0265625
2 0.9390625 0.84921875 0.121875 0.0234375
2 0.3609375 0.94140625 0.3953125 0.0265625
2 0.39375 0.96015625 0.4625 0.03125
7 0.946875 0.9359375 0.0921875 0.04375
6 0.08359375 0.96328125 0.1234375 0.046875
31 0.5234375 0.79140625 0.953125 0.0828125
20 0.50546875 0.51171875 0.9890625 0.5078125
20 0.5015625 0.23046875 0.9796875 0.0921875
20 0.49765625 0.15390625 0.9828125 0.0921875
20 0.49296875 0.07734375 0.9859375 0.0953125
20 0.49140625 0.0234375 0.9828125 0.046875