24 0.93828125 0.03671875 0.12265625 0.04453125
22 0.5 0.94140625 1 0.1171875
10 0.503125 0.9359375 0.90234375 0.06953125
5 0.5 0.0375 0.99921875 0.07421875
23 0.06015625 0.03671875 0.04453125 0.02109375
32 0.50078125 0.58828125 0.90625 0.07265625
32 0.50078125 0.28984375 0.90234375 0.07578125
33 0.5 0.728125 0.90625 0.153125
32 0.5015625 0.48828125 0.9 0.07109375
2 0.50546875 0.934375 0.16875 0.01875
15 0.50078125 0.190625 0.90390625 0.07421875
32 0.49921875 0.38671875 0.9 0.078125
2 0.4953125 0.03515625 0.1484375 0.03046875
31 0.5 0.10546875 1 0.05703125
30 0.246875 0.10390625 0.4421875 0.03984375
30 0.74375 0.103125 0.4734375 0.03984375
2 0.25234375 0.10078125 0.14453125 0.021875
2 0.746875 0.1015625 0.2875 0.0265625