2 0.14609375 0.1671875 0.0609375 0.334375
2 0.47109375 0.83515625 0.0390625 0.24375
2 0.9234375 0.875 0.0375 0.2421875
2 0.3890625 0.4234375 0.09375 0.8171875
2 0.44609375 0.09375 0.034375 0.1515625
2 0.49296875 0.09453125 0.034375 0.140625
2 0.53046875 0.175 0.046875 0.2890625
2 0.88125 0.84375 0.046875 0.2921875
2 0.43046875 0.80390625 0.046875 0.2890625
2 0.8390625 0.46796875 0.096875 0.815625
2 0.89609375 0.13828125 0.0375 0.1578125
2 0.94375 0.13359375 0.0375 0.1390625
2 0.97890625 0.21640625 0.0421875 0.2984375
2 0.6 0.1671875 0.0546875 0.26875
24 0.70625 0.51015625 0.2828125 0.9390625
24 0.25546875 0.4703125 0.2796875 0.9359375
31 0.059375 0.48046875 0.11875 0.9609375
30 0.06328125 0.2171875 0.0828125 0.434375
30 0.02890625 0.71640625 0.0578125 0.4859375
2 0.06171875 0.18125 0.0359375 0.146875
2 0.0203125 0.71171875 0.040625 0.2921875