2 0.221875 0.175 0.31875 0.0296875
24 0.9359375 0.0359375 0.11953125 0.04453125
5 0.49921875 0.03515625 0.9984375 0.0703125
2 0.8203125 0.53046875 0.22734375 0.01640625
2 0.8203125 0.95234375 0.22578125 0.01640625
2 0.44453125 0.4203125 0.76328125 0.0203125
2 0.134375 0.446875 0.1390625 0.02109375
2 0.13125 0.490625 0.12890625 0.02109375
2 0.20234375 0.53203125 0.26796875 0.0203125
2 0.79453125 0.9109375 0.2703125 0.02109375
2 0.79375 0.48984375 0.26796875 0.0203125
2 0.44921875 0.84140625 0.76171875 0.02265625
2 0.1390625 0.86796875 0.14453125 0.021875
2 0.13046875 0.9109375 0.12734375 0.02265625
2 0.2046875 0.95546875 0.27578125 0.021875
2 0.1890625 0.5953125 0.2484375 0.02890625
2 0.4984375 0.034375 0.1546875 0.02734375
24 0.49921875 0.721875 0.8609375 0.18828125
24 0.4984375 0.30078125 0.859375 0.18671875
23 0.0609375 0.0359375 0.05859375 0.02890625
31 0.5 0.103125 1 0.0609375
30 0.25078125 0.10078125 0.46171875 0.03984375
30 0.75390625 0.10078125 0.46171875 0.03828125
2 0.2453125 0.09765625 0.13515625 0.021875
2 0.7421875 0.09765625 0.2703125 0.0234375