11 0.3484375 0.5 0.69375 1
11 0.7390625 0.4828125 0.521875 0.965625
5 0.0765625 0.559375 0.153125 0.88125
2 0.01796875 0.60859375 0.0359375 0.1578125
2 0.41171875 0.4671875 0.2109375 0.815625
2 0.36328125 0.13203125 0.0578125 0.1625
2 0.4703125 0.1796875 0.0984375 0.303125
2 0.40625 0.115625 0.0546875 0.1390625
2 0.56640625 0.809375 0.0953125 0.309375
2 0.61640625 0.828125 0.08125 0.2515625
2 0.0984375 0.2875 0.109375 0.3515625
24 0.29765625 0.5390625 0.3984375 0.921875
2 0.56640625 0.14296875 0.090625 0.2796875
2 0.88828125 0.37734375 0.2078125 0.7546875
2 0.840625 0.053125 0.059375 0.10625
2 0.88515625 0.03828125 0.0546875 0.0765625
24 0.7734375 0.45625 0.403125 0.9125
31 0.10859375 0.5515625 0.2171875 0.896875
30 0.046875 0.35859375 0.09375 0.5046875
30 0.134375 0.82734375 0.1375 0.3453125
2 0.0203125 0.33046875 0.040625 0.1671875
2 0.1296875 0.8578125 0.0890625 0.284375