5 0.95078125 0.48828125 0.0984375 0.9765625
23 0.9859375 0.928125 0.028125 0.065625
2 0.9640625 0.465625 0.0390625 0.1640625
24 0.9390625 0.034375 0.05 0.06875
11 0.49296875 0.5 0.7640625 1
15 0.78359375 0.471875 0.125 0.909375
32 0.684375 0.478125 0.125 0.9109375
32 0.5890625 0.4828125 0.1296875 0.9109375
32 0.48515625 0.48984375 0.125 0.9125
32 0.3859375 0.4953125 0.125 0.9125
33 0.24609375 0.50078125 0.2109375 0.9234375
22 0.04921875 0.5109375 0.0984375 0.978125
10 0.0375 0.51328125 0.075 0.9515625
2 0.01640625 0.51484375 0.0328125 0.1921875
31 0.89140625 0.48984375 0.1171875 0.9796875
30 0.90625 0.73125 0.0640625 0.3421875
30 0.88203125 0.2453125 0.0734375 0.490625
2 0.909375 0.74140625 0.03125 0.1640625
2 0.88046875 0.209375 0.04375 0.2859375