2 0.796875 0.171875 0.0703125 0.3296875
5 0.9390625 0.47109375 0.121875 0.9421875
2 0.50859375 0.82734375 0.04375 0.234375
2 0.07734375 0.88046875 0.04375 0.23125
2 0.57421875 0.4296875 0.115625 0.78125
2 0.5078125 0.115625 0.0390625 0.1453125
2 0.46328125 0.11796875 0.0375 0.134375
2 0.4296875 0.19609375 0.053125 0.275
2 0.1171875 0.8484375 0.05625 0.278125
2 0.54609375 0.7953125 0.053125 0.275
2 0.1453125 0.48671875 0.11875 0.78125
2 0.07890625 0.17421875 0.040625 0.1515625
2 0.03359375 0.1703125 0.0390625 0.1328125
2 0.0125 0.2515625 0.025 0.284375
2 0.36328125 0.18984375 0.0609375 0.2578125
2 0.97421875 0.4359375 0.046875 0.1609375
24 0.27265625 0.5234375 0.3 0.903125
24 0.70234375 0.46953125 0.2984375 0.9015625
23 0.91640625 0.01015625 0.0359375 0.0203125
31 0.90625 0.475 0.184375 0.95
30 0.87421875 0.21484375 0.0984375 0.4296875
30 0.93828125 0.70546875 0.096875 0.4765625
2 0.87890625 0.1859375 0.0390625 0.140625
2 0.940625 0.6921875 0.059375 0.2796875