5 0.50390625 0.03046875 0.9921875 0.0609375
23 0.96015625 0.02734375 0.0625 0.0265625
2 0.50625 0.0171875 0.159375 0.0328125
24 0.06171875 0.0171875 0.1078125 0.034375
11 0.49609375 0.478125 0.9921875 0.7125
15 0.50078125 0.19375 0.8890625 0.090625
32 0.5 0.290625 0.8890625 0.0921875
32 0.4984375 0.384375 0.8890625 0.096875
32 0.496875 0.48515625 0.8921875 0.090625
32 0.4953125 0.5828125 0.8921875 0.090625
33 0.4921875 0.71953125 0.9 0.175
22 0.49609375 0.93984375 0.9921875 0.1203125
10 0.4875 0.9453125 0.9296875 0.084375
2 0.49140625 0.9453125 0.1859375 0.0265625
31 0.503125 0.08828125 0.99375 0.0828125
30 0.76171875 0.09140625 0.334375 0.053125
30 0.26640625 0.08203125 0.51875 0.05625
2 0.771875 0.08984375 0.159375 0.025
2 0.25 0.08125 0.278125 0.03125