22 0.47890625 0.04609375 0.9578125 0.0921875
10 0.47265625 0.0359375 0.9453125 0.071875
5 0.5203125 0.95078125 0.959375 0.0984375
32 0.49296875 0.37578125 0.9859375 0.1671875
32 0.50859375 0.7046875 0.9828125 0.171875
33 0.48828125 0.2203125 0.9765625 0.25625
32 0.49375 0.4859375 0.9875 0.165625
15 0.51328125 0.815625 0.9734375 0.16875
32 0.50390625 0.59765625 0.9921875 0.1734375
2 0.53671875 0.98125 0.1671875 0.0375
31 0.5171875 0.909375 0.965625 0.15
30 0.7796875 0.88828125 0.440625 0.0859375
30 0.278125 0.9359375 0.4828125 0.0875
2 0.7984375 0.89140625 0.1625 0.0390625
2 0.24921875 0.93828125 0.3234375 0.0578125