11 0.62578125 0.5 0.5546875 1
11 0.2125 0.5171875 0.425 0.965625
5 0.94453125 0.4796875 0.1109375 0.959375
23 0.93046875 0.02265625 0.0328125 0.0453125
2 0.9703125 0.471875 0.04375 0.1609375
24 0.990625 0.91328125 0.01875 0.0890625
2 0.546875 0.459375 0.0953125 0.8140625
2 0.48984375 0.13203125 0.0359375 0.1609375
2 0.40546875 0.20859375 0.0546875 0.2984375
2 0.44453125 0.1296875 0.0359375 0.1359375
2 0.50546875 0.8234375 0.0515625 0.30625
2 0.46484375 0.85625 0.046875 0.2484375
2 0.784375 0.196875 0.0609375 0.346875
24 0.67734375 0.503125 0.26875 0.921875
2 0.30390625 0.203125 0.0515625 0.2765625
2 0.0671875 0.4953125 0.0921875 0.8015625
2 0.0140625 0.17421875 0.028125 0.1609375
2 0.034375 0.86015625 0.034375 0.2796875
24 0.19921875 0.540625 0.2734375 0.91875
31 0.8984375 0.4828125 0.15 0.965625
30 0.8796875 0.24453125 0.0875 0.4890625
30 0.9265625 0.7515625 0.078125 0.4265625
2 0.8796875 0.209375 0.0421875 0.1640625
2 0.928125 0.73671875 0.05 0.28125