5 0.5 0.03515625 1 0.0703125
23 0.059375 0.0359375 0.0609375 0.025
2 0.4984375 0.034375 0.1546875 0.02890625
24 0.93828125 0.0375 0.1234375 0.04375
11 0.5 0.48125 0.94921875 0.67421875
15 0.50078125 0.20546875 0.85703125 0.0734375
32 0.5 0.29921875 0.859375 0.07421875
32 0.5 0.38984375 0.859375 0.078125
32 0.49921875 0.4875 0.8609375 0.0734375
32 0.49921875 0.58203125 0.8609375 0.0734375
33 0.5 0.71484375 0.8671875 0.1546875
22 0.5 0.93984375 1 0.1203125
10 0.50078125 0.93359375 0.89609375 0.06796875
2 0.496875 0.9328125 0.1796875 0.02265625
31 0.5015625 0.103125 0.996875 0.0625
30 0.24921875 0.1015625 0.32265625 0.04453125
30 0.7296875 0.1015625 0.50078125 0.04453125
2 0.23984375 0.09921875 0.1546875 0.021875
2 0.74453125 0.10078125 0.26796875 0.02578125