22 0.11875 0.44453125 0.2375 0.8890625
10 0.10390625 0.4234375 0.2078125 0.846875
5 0.89609375 0.55859375 0.2078125 0.8828125
32 0.40703125 0.4765625 0.2953125 0.9125
32 0.69921875 0.546875 0.2984375 0.90625
33 0.2671875 0.45390625 0.375 0.9078125
32 0.5046875 0.50078125 0.290625 0.90625
2 0.0640625 0.3953125 0.059375 0.171875
15 0.79921875 0.55859375 0.2953125 0.8828125
32 0.60546875 0.5234375 0.2984375 0.9078125
2 0.953125 0.60625 0.0671875 0.1546875
31 0.8671875 0.5515625 0.265625 0.896875
30 0.9359375 0.34375 0.128125 0.446875
30 0.8234375 0.7984375 0.15625 0.403125
2 0.94765625 0.35078125 0.05625 0.1484375
2 0.82578125 0.8390625 0.0984375 0.2921875