2 0.1390625 0.0828125 0.03125 0.021875
33 0.4140625 0.1640625 0.246875 0.1328125
2 0.31015625 0.0828125 0.03125 0.021875
32 0.03203125 0.2359375 0.0625 0.053125
33 0.41484375 0.33671875 0.246875 0.1328125
2 0.3109375 0.2546875 0.0328125 0.01875
2 0.31015625 0.59921875 0.0328125 0.021875
33 0.41484375 0.8546875 0.2484375 0.134375
2 0.31015625 0.77109375 0.0328125 0.021875
33 0.41484375 0.50859375 0.246875 0.13125
2 0.31015625 0.42734375 0.034375 0.01875
2 0.1390625 0.30390625 0.0328125 0.01875
2 0.1390625 0.19296875 0.03125 0.01875
2 0.1390625 0.41484375 0.03125 0.0203125
2 0.1390625 0.525 0.0328125 0.0203125
32 0.03203125 0.125 0.0625 0.053125
15 0.178125 0.1265625 0.1171875 0.053125
32 0.03203125 0.346875 0.0640625 0.05
15 0.178125 0.34765625 0.1171875 0.05
32 0.03203125 0.56796875 0.0625 0.05
15 0.178125 0.2359375 0.11875 0.053125
15 0.178125 0.56875 0.115625 0.05
32 0.03203125 0.4578125 0.0640625 0.053125
15 0.178125 0.45859375 0.11875 0.053125
33 0.4140625 0.68203125 0.2484375 0.13125
32 0.70703125 0.0953125 0.228125 0.05625
32 0.70703125 0.175 0.228125 0.05625
32 0.7078125 0.25546875 0.228125 0.05625
32 0.70703125 0.3359375 0.228125 0.05625
32 0.70703125 0.415625 0.228125 0.05625
32 0.70703125 0.4953125 0.228125 0.05625
27 0.63046875 0.6609375 0.075 0.0375
27 0.63125 0.71875 0.0765625 0.034375
27 0.6296875 0.77734375 0.0765625 0.03125
27 0.63125 0.83671875 0.078125 0.03125
27 0.63046875 0.89375 0.075 0.03125
13 0.76328125 0.66328125 0.0765625 0.0359375
13 0.76328125 0.721875 0.0765625 0.034375
13 0.7640625 0.78046875 0.078125 0.034375
13 0.76484375 0.8390625 0.078125 0.034375
13 0.76328125 0.896875 0.0765625 0.034375
13 0.7625 0.95546875 0.075 0.034375
29 0.903125 0.6609375 0.090625 0.0359375
29 0.903125 0.71953125 0.090625 0.0375
29 0.903125 0.778125 0.090625 0.0359375
29 0.903125 0.8375 0.090625 0.0375
29 0.903125 0.89609375 0.090625 0.0375