2 0.0484375 0.08515625 0.03046875 0.02265625
2 0.203125 0.0859375 0.028125 0.01875
33 0.453125 0.16015625 0.22421875 0.1203125
2 0.35859375 0.0859375 0.02890625 0.01953125
32 0.0828125 0.22578125 0.10546875 0.0484375
2 0.0484375 0.1859375 0.0296875 0.01796875
2 0.0484375 0.3859375 0.03125 0.01875
33 0.453125 0.31640625 0.2234375 0.1203125
2 0.35859375 0.24140625 0.0296875 0.01796875
2 0.35859375 0.553125 0.0296875 0.01953125
33 0.453125 0.784375 0.225 0.12109375
2 0.35859375 0.709375 0.0296875 0.01953125
33 0.453125 0.471875 0.22421875 0.11953125
2 0.35859375 0.39765625 0.03046875 0.01796875
2 0.203125 0.28671875 0.0296875 0.01796875
2 0.203125 0.1859375 0.028125 0.0171875
2 0.0484375 0.28671875 0.03125 0.01875
2 0.203125 0.38671875 0.02890625 0.01796875
2 0.203125 0.48671875 0.0296875 0.01875
2 0.0484375 0.48671875 0.03046875 0.01875
32 0.08359375 0.125 0.1046875 0.0484375
15 0.23828125 0.12578125 0.10546875 0.04921875
32 0.08359375 0.32578125 0.10546875 0.04609375
15 0.23828125 0.32578125 0.10625 0.04609375
32 0.08359375 0.5265625 0.10390625 0.04453125
15 0.23828125 0.225 0.10625 0.046875
15 0.2390625 0.52578125 0.10546875 0.04609375
32 0.08359375 0.4265625 0.1046875 0.0484375
15 0.23828125 0.4265625 0.10703125 0.04765625
33 0.45234375 0.62890625 0.225 0.11953125
32 0.71796875 0.096875 0.20625 0.0515625
32 0.71796875 0.16953125 0.20625 0.0515625
32 0.71796875 0.2421875 0.20625 0.05078125
32 0.71796875 0.315625 0.20625 0.05078125
32 0.71796875 0.38671875 0.20625 0.05
32 0.71796875 0.459375 0.20546875 0.05
27 0.6484375 0.609375 0.06875 0.03359375
27 0.64921875 0.66171875 0.06953125 0.03203125
27 0.64765625 0.71484375 0.06953125 0.028125
27 0.64921875 0.76875 0.0703125 0.02890625
27 0.6484375 0.8203125 0.06875 0.02890625
13 0.76875 0.61171875 0.06953125 0.0328125
13 0.76875 0.6640625 0.06953125 0.03046875
13 0.76953125 0.71796875 0.06953125 0.03203125
13 0.76953125 0.7703125 0.07109375 0.03125
13 0.76875 0.8234375 0.06953125 0.03125
13 0.76796875 0.87578125 0.06796875 0.03046875
13 0.76875 0.92890625 0.06796875 0.03125
29 0.8953125 0.609375 0.08125 0.0328125
29 0.8953125 0.6625 0.08203125 0.03359375
29 0.8953125 0.715625 0.08203125 0.0328125
29 0.8953125 0.76953125 0.08125 0.03359375
29 0.8953125 0.82265625 0.08203125 0.03359375