2 0.99296875 0.2734375 0.0140625 0.034375
33 0.8765625 0.53359375 0.1703125 0.2640625
2 0.9734375 0.44375 0.0265625 0.034375
32 0.86875 0.11875 0.0703125 0.121875
2 0.91796875 0.0875 0.0234375 0.0359375
2 0.7 0.053125 0.0265625 0.0375
33 0.70625 0.50625 0.1703125 0.2640625
2 0.803125 0.41640625 0.0234375 0.0359375
2 0.46328125 0.36171875 0.0265625 0.0359375
33 0.1953125 0.42578125 0.171875 0.265625
2 0.29375 0.33515625 0.0265625 0.0359375
33 0.53671875 0.4796875 0.16875 0.2640625
2 0.6328125 0.38984375 0.0234375 0.0375
2 0.78203125 0.2390625 0.0234375 0.0359375
2 0.89140625 0.25703125 0.0234375 0.034375
2 0.80859375 0.0703125 0.025 0.0375
2 0.671875 0.221875 0.025 0.034375
2 0.56328125 0.2046875 0.025 0.0359375
2 0.58984375 0.0359375 0.025 0.0375
32 0.97109375 0.1359375 0.0578125 0.121875
15 0.95078125 0.30546875 0.0703125 0.1234375
32 0.759375 0.10234375 0.0671875 0.1234375
15 0.7328125 0.27109375 0.0671875 0.1234375
32 0.540625 0.06640625 0.0671875 0.121875
15 0.84296875 0.28828125 0.0703125 0.125
15 0.51484375 0.2375 0.0671875 0.121875
32 0.65 0.084375 0.0703125 0.121875
15 0.62265625 0.25390625 0.0703125 0.125
33 0.365625 0.4515625 0.16875 0.265625
32 0.9 0.8328125 0.090625 0.234375
32 0.8203125 0.82109375 0.090625 0.234375
32 0.740625 0.80859375 0.090625 0.234375
32 0.6609375 0.7953125 0.090625 0.234375
32 0.58359375 0.7828125 0.090625 0.234375
32 0.5046875 0.77109375 0.090625 0.234375
27 0.35234375 0.66875 0.0484375 0.0796875
27 0.2953125 0.66015625 0.0453125 0.08125
27 0.2375 0.65078125 0.0421875 0.08125
27 0.178125 0.6421875 0.04375 0.0828125
27 0.12265625 0.63203125 0.0421875 0.08125
13 0.32890625 0.8 0.046875 0.08125
13 0.271875 0.790625 0.0453125 0.08125
13 0.21328125 0.78203125 0.046875 0.0828125
13 0.15546875 0.7734375 0.046875 0.084375
13 0.0984375 0.7640625 0.0453125 0.08125
13 0.040625 0.75390625 0.0453125 0.0796875
29 0.31015625 0.934375 0.046875 0.0859375
29 0.25390625 0.925 0.05 0.0875
29 0.1953125 0.91640625 0.046875 0.0875
29 0.13671875 0.90703125 0.05 0.0859375
29 0.07890625 0.89765625 0.05 0.0875