30 0.71171875 0.96796875 0.2890625 0.0640625
5 0.43671875 0.91328125 0.8734375 0.1734375
2 0.36796875 0.9625 0.3046875 0.075
11 0.478125 0.65390625 0.95625 0.5046875
11 0.50546875 0.37578125 0.9890625 0.5109375
11 0.540625 0.17578125 0.91875 0.3515625
24 0.8046875 0.83671875 0.103125 0.0609375
24 0.87265625 0.55625 0.1015625 0.05625
24 0.9453125 0.27578125 0.0953125 0.0515625
2 0.50546875 0.75703125 0.459375 0.1453125
2 0.5078125 0.4640625 0.6140625 0.184375
2 0.65234375 0.20234375 0.4484375 0.14375
11 0.64453125 0.89296875 0.48125 0.1828125
2 0.7671875 0.925 0.121875 0.053125
11 0.19921875 0.771875 0.3984375 0.184375
2 0.275 0.803125 0.1390625 0.0546875
2 0.7421875 0.7375 0.265625 0.0875
2 0.80625 0.78984375 0.1203125 0.053125
2 0.8296875 0.72109375 0.1140625 0.05
2 0.115625 0.54375 0.1765625 0.0671875
2 0.1203125 0.58203125 0.215625 0.078125
2 0.12265625 0.621875 0.240625 0.0859375
2 0.1828125 0.2625 0.18125 0.0671875
2 0.19140625 0.30078125 0.2265625 0.0828125
2 0.19296875 0.3390625 0.2375 0.084375
2 0.25 0.00703125 0.175 0.0140625
2 0.2609375 0.02890625 0.20625 0.0578125
2 0.2625 0.06015625 0.228125 0.0796875
2 0.8109375 0.45703125 0.2765625 0.09375
2 0.8796875 0.509375 0.109375 0.05
2 0.8984375 0.4390625 0.1328125 0.0546875
2 0.875 0.17734375 0.25 0.0921875
2 0.9453125 0.23046875 0.109375 0.0515625
2 0.95390625 0.15859375 0.0921875 0.0515625
2 0.75234375 0.053125 0.3234375 0.0890625
2 0.73984375 0.33828125 0.2203125 0.0796875
2 0.61953125 0.6046875 0.325 0.103125
23 0.91953125 0.38359375 0.1015625 0.0625
23 0.97109375 0.11484375 0.0578125 0.0390625
23 0.846875 0.6625 0.0953125 0.0609375
23 0.50078125 0.85703125 0.06875 0.0453125
23 0.025 0.7375 0.05 0.04375
31 0.44453125 0.8796875 0.8890625 0.240625
2 0.71328125 0.97578125 0.2328125 0.0484375
30 0.3875 0.91015625 0.334375 0.1203125
30 0.10546875 0.828125 0.2109375 0.1125
2 0.38671875 0.91484375 0.2140625 0.0734375
2 0.07421875 0.82890625 0.1484375 0.0703125