11 0.5 0.0890625 1 0.16640625
31 0.50078125 0.05390625 0.9921875 0.06484375
32 0.11015625 0.1234375 0.19921875 0.04609375
30 0.0390625 0.05703125 0.053125 0.03984375
2 0.10546875 0.05625 0.04140625 0.02265625
30 0.10625 0.0546875 0.06875 0.03515625
2 0.0390625 0.0578125 0.0265625 0.021875
10 0.9109375 0.12421875 0.053125 0.046875
10 0.9640625 0.1234375 0.04765625 0.04609375
2 0.9109375 0.1234375 0.034375 0.01875
23 0.95390625 0.1234375 0.01015625 0.02109375
2 0.96953125 0.1234375 0.0171875 0.01796875
11 0.5 0.58671875 0.99921875 0.81953125
17 0.5 0.60390625 0.978125 0.71328125
2 0.0453125 0.21484375 0.071875 0.0234375