30 0.9453125 0.228125 0.0796875 0.2828125
5 0.93125 0.5328125 0.1375 0.934375
2 0.96484375 0.5640625 0.0703125 0.303125
11 0.64453125 0.5140625 0.3984375 0.971875
11 0.36640625 0.484375 0.4046875 0.96875
11 0.14609375 0.4640625 0.2921875 0.928125
24 0.7859375 0.15390625 0.05 0.0984375
24 0.50703125 0.11640625 0.046875 0.096875
24 0.228125 0.07421875 0.04375 0.0921875
2 0.73984375 0.4515625 0.096875 0.453125
2 0.4546875 0.47890625 0.115625 0.6078125
2 0.18671875 0.36640625 0.0921875 0.4421875
11 0.85703125 0.303125 0.1328125 0.4703125
2 0.875 0.18125 0.040625 0.11875
11 0.78828125 0.77578125 0.1328125 0.4484375
2 0.8078125 0.6703125 0.040625 0.1359375
2 0.69609375 0.22421875 0.0578125 0.259375
2 0.73984375 0.15703125 0.040625 0.1171875
2 0.67109375 0.14140625 0.0375 0.1109375
2 0.571875 0.8515625 0.0484375 0.1734375
2 0.60859375 0.84296875 0.0546875 0.2125
2 0.646875 0.8359375 0.0609375 0.2359375
2 0.29296875 0.815625 0.046875 0.1796875
2 0.3296875 0.80234375 0.0578125 0.2234375
2 0.365625 0.796875 0.0578125 0.2328125
2 0.01796875 0.77734375 0.0359375 0.1703125
2 0.05078125 0.76328125 0.0515625 0.203125
2 0.08828125 0.7578125 0.0546875 0.2234375
2 0.4171875 0.1859375 0.0625 0.271875
2 0.4609375 0.11484375 0.0375 0.10625
2 0.390625 0.103125 0.0390625 0.1296875
2 0.140625 0.14453125 0.0625 0.2609375
2 0.18515625 0.078125 0.0390625 0.1078125
2 0.11328125 0.0640625 0.0375 0.1171875
2 0.03203125 0.28359375 0.0578125 0.321875
2 0.31015625 0.26640625 0.0546875 0.2171875
2 0.58046875 0.35625 0.0671875 0.321875
23 0.33515625 0.08828125 0.0515625 0.0953125
23 0.06796875 0.04765625 0.03125 0.0890625
23 0.6125 0.1296875 0.05 0.0890625
23 0.83671875 0.44609375 0.0390625 0.0640625
23 0.7703125 0.928125 0.0359375 0.065625
24 0.90703125 0.96796875 0.0640625 0.0640625
31 0.8984375 0.528125 0.203125 0.94375
2 0.9484375 0.225 0.0609375 0.228125
30 0.9 0.55078125 0.0859375 0.328125
30 0.8515625 0.86484375 0.084375 0.2703125
2 0.90390625 0.55078125 0.0515625 0.2125
2 0.85546875 0.88125 0.05 0.1859375