11 0.50859375 0.89609375 0.9828125 0.2078125
31 0.51171875 0.9421875 0.9765625 0.115625
32 0.92421875 0.84921875 0.1515625 0.0578125
2 0.9640625 0.91796875 0.0453125 0.0265625
30 0.96328125 0.9203125 0.0734375 0.040625
10 0.1125 0.89140625 0.059375 0.053125
10 0.05625 0.89453125 0.053125 0.0515625
2 0.1125 0.89140625 0.0390625 0.0203125
23 0.0671875 0.89453125 0.0125 0.021875
2 0.05078125 0.8953125 0.0203125 0.0203125
11 0.5 0.4203125 1 0.840625
17 0.5 0.3828125 1 0.765625
2 0.98984375 0.75078125 0.0203125 0.0265625