30 0.171875 0.09921875 0.278125 0.03984375
5 0.5 0.0328125 1 0.065625
2 0.5 0.03125 0.29921875 0.03125
11 0.49921875 0.3546875 0.94375 0.2671875
11 0.4953125 0.63359375 0.95390625 0.271875
11 0.4953125 0.88828125 0.95390625 0.2234375
24 0.12109375 0.265625 0.09375 0.03828125
24 0.1234375 0.5453125 0.09375 0.0328125
24 0.1203125 0.825 0.08828125 0.03046875
2 0.42109375 0.2703125 0.45 0.0328125
2 0.48671875 0.54609375 0.6046875 0.03203125
2 0.41328125 0.8265625 0.43828125 0.03203125
11 0.25859375 0.17578125 0.46171875 0.0671875
2 0.1359375 0.17421875 0.115625 0.02421875
11 0.7421875 0.17578125 0.4578125 0.06953125
2 0.6265625 0.1734375 0.1328125 0.02109375
2 0.20390625 0.34453125 0.25859375 0.02265625
2 0.13125 0.31015625 0.11328125 0.02421875
2 0.125 0.38046875 0.109375 0.02265625
2 0.83671875 0.3796875 0.1703125 0.02421875
2 0.8234375 0.3453125 0.209375 0.025
2 0.8109375 0.3078125 0.2328125 0.02734375
2 0.83984375 0.659375 0.17578125 0.02265625
2 0.821875 0.62578125 0.21953125 0.0265625
2 0.8109375 0.590625 0.22890625 0.0265625
2 0.84140625 0.9390625 0.16796875 0.02265625
2 0.821875 0.9046875 0.2 0.0234375
2 0.8109375 0.86875 0.22109375 0.0234375
2 0.2046875 0.62421875 0.26796875 0.025
2 0.128125 0.590625 0.10390625 0.0234375
2 0.1265625 0.66171875 0.12734375 0.02265625
2 0.2015625 0.90234375 0.25859375 0.0265625
2 0.13046875 0.86796875 0.10390625 0.025
2 0.1265625 0.940625 0.115625 0.02265625
2 0.35390625 0.99296875 0.32109375 0.0140625
2 0.2984375 0.71875 0.21328125 0.025
2 0.34921875 0.43984375 0.31875 0.02265625
23 0.0609375 0.02890625 0.05859375 0.02421875
23 0.11953125 0.71875 0.08984375 0.0390625
23 0.11875 0.9890625 0.08828125 0.02109375
23 0.12265625 0.43984375 0.084375 0.0390625
23 0.40234375 0.17578125 0.0609375 0.03125
23 0.884375 0.17421875 0.0625 0.028125
24 0.93828125 0.0296875 0.1234375 0.04609375
31 0.5 0.09921875 1 0.0625
2 0.16953125 0.096875 0.225 0.02890625
30 0.49609375 0.09921875 0.32265625 0.03984375
30 0.83515625 0.1 0.3109375 0.03984375
2 0.4953125 0.0953125 0.209375 0.02109375
2 0.82734375 0.09765625 0.1828125 0.02421875