22 0.48515625 0.88203125 0.9703125 0.2359375
10 0.46640625 0.86953125 0.9328125 0.1671875
2 0.425 0.8703125 0.3234375 0.059375
10 0.46015625 0.94296875 0.9203125 0.1140625
2 0.4234375 0.95859375 0.1859375 0.0421875
11 0.50703125 0.2015625 0.9859375 0.4
11 0.4984375 0.4765625 0.996875 0.28125
11 0.4890625 0.68828125 0.978125 0.2828125
2 0.7875 0.1171875 0.346875 0.0671875
2 0.52578125 0.15234375 0.8578125 0.1015625
2 0.8734375 0.2140625 0.1609375 0.0390625
23 0.91328125 0.34921875 0.0578125 0.0359375
2 0.7953125 0.340625 0.15 0.04375
2 0.19921875 0.2890625 0.2234375 0.04375
23 0.046875 0.275 0.0453125 0.025
2 0.1109375 0.39921875 0.2078125 0.0515625
2 0.08671875 0.48828125 0.1734375 0.0453125
2 0.45703125 0.52109375 0.1265625 0.0359375
2 0.77265625 0.55 0.1640625 0.0453125
19 0.47890625 0.47890625 0.9515625 0.0953125
19 0.46796875 0.69296875 0.9359375 0.0921875
2 0.74921875 0.76640625 0.1640625 0.0453125
2 0.7390625 0.67109375 0.090625 0.0328125
2 0.76015625 0.45703125 0.090625 0.0359375
2 0.08671875 0.6125 0.1734375 0.05
2 0.43828125 0.73671875 0.1265625 0.0359375
2 0.07734375 0.70390625 0.1546875 0.0453125
24 0.8546875 0.6796875 0.10625 0.0625
24 0.8734375 0.46640625 0.10625 0.0625
23 0.89453125 0.56171875 0.0484375 0.0328125
23 0.875 0.77578125 0.0453125 0.0296875
14 0.77421875 0.265625 0.3171875 0.06875
14 0.44296875 0.23515625 0.3 0.065625
14 0.165625 0.2109375 0.2078125 0.0546875