24 0.9953125 0.09375 0.009375 0.109375
24 0.85 0.5 0.2 1
11 0.57265625 0.5 0.3171875 1
2 0.68671875 0.225 0.03125 0.3375
2 0.63359375 0.471875 0.021875 0.828125
2 0.60546875 0.13359375 0.021875 0.1609375
14 0.50625 0.20703125 0.034375 0.290625
2 0.55703125 0.20390625 0.021875 0.296875
2 0.5578125 0.828125 0.025 0.2515625
14 0.50546875 0.47421875 0.03125 0.1984375
14 0.50546875 0.6875 0.034375 0.178125
23 0.45078125 0.08125 0.03125 0.0546875
2 0.45078125 0.1921875 0.021875 0.1375
2 0.45078125 0.77734375 0.025 0.2046875
23 0.45078125 0.9234375 0.021875 0.0484375
11 0.28984375 0.3875 0.20625 0.775
24 0.34375 0.1109375 0.04375 0.09375
2 0.3421875 0.21875 0.025 0.08125
2 0.3421875 0.61171875 0.03125 0.19375
19 0.30078125 0.38125 0.009375 0.7015625
2 0.234375 0.15546875 0.021875 0.1421875
2 0.26015625 0.1515625 0.021875 0.125
2 0.23515625 0.384375 0.0171875 0.11875
2 0.26015625 0.38125 0.015625 0.109375
2 0.2359375 0.61328125 0.021875 0.15625
2 0.2609375 0.609375 0.0203125 0.1
11 0.29140625 0.9078125 0.20625 0.184375
2 0.2375 0.940625 0.021875 0.11875
2 0.2625 0.953125 0.021875 0.09375
22 0.08359375 0.5 0.1671875 1
10 0.11015625 0.50859375 0.071875 0.971875
2 0.11015625 0.5046875 0.025 0.3140625
10 0.03046875 0.51015625 0.05 0.971875
2 0.028125 0.503125 0.025 0.171875
24 0.34296875 0.92265625 0.04375 0.09375
19 0.3015625 0.921875 0.0109375 0.15625