24 0.1171875 0.0296875 0.1015625 0.04296875
2 0.2390625 0.028125 0.09765625 0.021875
23 0.8984375 0.0296875 0.08203125 0.0359375
24 0.49921875 0.18046875 0.93984375 0.1859375
11 0.503125 0.4375 0.94375 0.29453125
2 0.2390625 0.33125 0.31328125 0.0296875
2 0.46796875 0.38046875 0.7671875 0.0203125
2 0.1546875 0.40625 0.1484375 0.0203125
14 0.221875 0.4984375 0.26796875 0.0328125
2 0.21953125 0.45078125 0.27421875 0.01953125
2 0.79765625 0.45078125 0.2328125 0.02421875
14 0.46953125 0.4984375 0.184375 0.0296875
14 0.6671875 0.49921875 0.1640625 0.03046875
23 0.10546875 0.54921875 0.05078125 0.028125
2 0.20859375 0.54921875 0.12734375 0.0203125
2 0.75078125 0.54921875 0.18984375 0.021875
23 0.8859375 0.54921875 0.0453125 0.0203125
11 0.3875 0.6984375 0.721875 0.190625
24 0.1328125 0.6484375 0.0859375 0.040625
2 0.2328125 0.64921875 0.07421875 0.02421875
2 0.596875 0.64921875 0.1796875 0.028125
19 0.38359375 0.68828125 0.65 0.009375
2 0.175 0.74921875 0.13203125 0.0203125
2 0.17109375 0.72578125 0.115625 0.01953125
2 0.38671875 0.7484375 0.11015625 0.01640625
2 0.38359375 0.72578125 0.1015625 0.01484375
2 0.59921875 0.7484375 0.14453125 0.02109375
2 0.59453125 0.725 0.0921875 0.01875
11 0.89296875 0.69765625 0.21328125 0.19140625
2 0.9234375 0.74765625 0.15 0.02265625
2 0.9296875 0.72421875 0.11796875 0.01953125
22 0.5 0.90546875 1 0.1890625
10 0.5015625 0.8640625 0.89921875 0.06640625
2 0.49765625 0.8640625 0.29140625 0.02265625
10 0.503125 0.93828125 0.89921875 0.04609375
2 0.49609375 0.93984375 0.159375 0.02265625
24 0.88515625 0.64921875 0.08671875 0.04140625
2 0.9734375 0.6484375 0.053125 0.02265625
19 0.90703125 0.68828125 0.1859375 0.009375