24 0.53984375 0.840625 0.9203125 0.31875
11 0.509375 0.58125 0.98125 0.46875
2 0.83984375 0.64609375 0.3203125 0.0859375
2 0.59140625 0.63203125 0.8171875 0.1515625
2 0.92265625 0.5515625 0.1546875 0.046875
14 0.83984375 0.46484375 0.2921875 0.08125
2 0.85078125 0.51484375 0.296875 0.06875
2 0.23203125 0.6140625 0.2546875 0.065625
14 0.57421875 0.50625 0.203125 0.0625
14 0.36328125 0.5390625 0.18125 0.0625
23 0.95625 0.38984375 0.0609375 0.0390625
2 0.84609375 0.40703125 0.1390625 0.04375
2 0.26484375 0.49921875 0.2078125 0.05625
23 0.11953125 0.521875 0.053125 0.0296875
11 0.60234375 0.28203125 0.7515625 0.31875
24 0.91015625 0.2890625 0.1 0.0578125
2 0.803125 0.30390625 0.084375 0.0390625
2 0.4125 0.365625 0.1984375 0.0609375
19 0.6265625 0.290625 0.678125 0.1171875
2 0.8484375 0.18671875 0.1453125 0.04375
2 0.85625 0.2109375 0.1265625 0.040625
2 0.621875 0.2234375 0.1203125 0.0375
2 0.62890625 0.24765625 0.1109375 0.0328125
2 0.39375 0.26015625 0.159375 0.046875
2 0.40234375 0.284375 0.1015625 0.0359375
11 0.10859375 0.3640625 0.2171875 0.240625
2 0.06484375 0.31640625 0.1296875 0.0484375
2 0.05390625 0.34140625 0.1078125 0.0421875
22 0.471875 0.1296875 0.94375 0.259375
10 0.4703125 0.121875 0.940625 0.21875
2 0.48203125 0.11875 0.315625 0.0734375
10 0.4625 0.0703125 0.925 0.140625
2 0.47109375 0.0375 0.175 0.0515625
24 0.10390625 0.415625 0.1 0.059375
2 0.0203125 0.43125 0.040625 0.03125
19 0.08828125 0.37734375 0.1765625 0.0421875