22 0.5 0.89375 1 0.2125
10 0.50078125 0.84375 0.903125 0.075
2 0.50078125 0.8453125 0.2890625 0.028125
10 0.503125 0.925 0.90546875 0.05625
2 0.4953125 0.9234375 0.165625 0.02421875
11 0.5 0.23984375 0.9453125 0.28359375
11 0.50078125 0.4875 0.946875 0.17578125
11 0.50078125 0.67890625 0.946875 0.1765625
23 0.8984375 0.0375 0.08515625 0.046875
24 0.11171875 0.03671875 0.10390625 0.05546875
2 0.2390625 0.0375 0.1 0.02421875
2 0.2359375 0.1421875 0.30859375 0.03359375
2 0.4671875 0.19453125 0.7703125 0.02421875
2 0.15234375 0.22265625 0.14140625 0.02265625
23 0.10625 0.33984375 0.04921875 0.028125
2 0.21171875 0.3421875 0.1328125 0.028125
2 0.74765625 0.3421875 0.1984375 0.02265625
23 0.88515625 0.3421875 0.03984375 0.0203125
2 0.821875 0.4484375 0.19296875 0.03125
2 0.83671875 0.53046875 0.1578125 0.028125
2 0.5 0.53046875 0.1125 0.02265625
2 0.21640625 0.53046875 0.1453125 0.028125
19 0.4953125 0.490625 0.87421875 0.0109375
19 0.50078125 0.684375 0.8890625 0.00859375
2 0.2203125 0.7265625 0.1453125 0.028125
2 0.2359375 0.6421875 0.0796875 0.021875
2 0.234375 0.4484375 0.0796875 0.025
2 0.8296875 0.64140625 0.165625 0.03046875
2 0.5 0.72421875 0.1125 0.021875
2 0.8359375 0.72421875 0.16015625 0.028125
24 0.1328125 0.640625 0.090625 0.046875
24 0.1328125 0.4484375 0.090625 0.04765625
23 0.10625 0.53203125 0.0421875 0.025
23 0.10703125 0.725 0.03984375 0.02421875
14 0.2359375 0.27578125 0.28359375 0.03671875
14 0.534375 0.275 0.265625 0.03671875
14 0.784375 0.275 0.18359375 0.034375