22 0.45703125 0.16796875 0.9140625 0.3359375
10 0.4375 0.15859375 0.875 0.3015625
2 0.41171875 0.15703125 0.2984375 0.1
10 0.425 0.11015625 0.85 0.2203125
2 0.3984375 0.0765625 0.1734375 0.065625
11 0.52734375 0.75078125 0.9453125 0.4984375
11 0.5015625 0.51484375 0.99375 0.4125
11 0.475 0.32265625 0.95 0.4140625
24 0.9734375 0.865625 0.053125 0.071875
2 0.8765625 0.9 0.10625 0.0484375
2 0.846875 0.79453125 0.30625 0.1109375
2 0.60859375 0.80078125 0.7796875 0.2171875
2 0.9171875 0.69296875 0.1484375 0.0578125
23 0.93359375 0.5640625 0.0546875 0.0390625
2 0.828125 0.5890625 0.140625 0.0625
2 0.28984375 0.72265625 0.2046875 0.071875
23 0.1515625 0.7578125 0.0453125 0.03125
2 0.18984375 0.634375 0.2015625 0.0796875
2 0.153125 0.55625 0.165625 0.06875
2 0.4921875 0.471875 0.1171875 0.05
2 0.7765625 0.40078125 0.153125 0.065625
19 0.50625 0.51015625 0.8796875 0.2296875
19 0.45234375 0.31875 0.89375 0.23125
2 0.7234375 0.20625 0.153125 0.065625
2 0.728125 0.29453125 0.0859375 0.040625
2 0.77890625 0.48671875 0.0859375 0.04375
2 0.1328125 0.44296875 0.175 0.0734375
2 0.44375 0.27734375 0.1171875 0.0484375
2 0.10546875 0.36171875 0.1671875 0.06875
24 0.8328125 0.26953125 0.103125 0.0703125
24 0.88125 0.46171875 0.103125 0.071875
23 0.8859375 0.371875 0.0484375 0.034375
23 0.83671875 0.178125 0.0453125 0.034375
14 0.81953125 0.66015625 0.29375 0.1078125
14 0.52109375 0.7359375 0.275 0.103125
14 0.2703125 0.79921875 0.19375 0.08125