11 0.49140625 0.2578125 0.9828125 0.5
32 0.48203125 0.3671875 0.90625 0.215625
32 0.46953125 0.2734375 0.9109375 0.21875
32 0.45546875 0.18203125 0.909375 0.215625
23 0.975 0.91328125 0.05 0.0421875
11 0.41484375 0.70859375 0.821875 0.525
2 0.278125 0.96328125 0.35625 0.0734375
2 0.15625 0.5125 0.2640625 0.06875
11 0.89453125 0.628125 0.2109375 0.4375
2 0.94453125 0.7796875 0.1109375 0.053125
2 0.28125 0.8875 0.321875 0.08125
2 0.2109375 0.834375 0.209375 0.053125
2 0.94921875 0.71640625 0.1015625 0.0390625
2 0.18359375 0.6671875 0.196875 0.0484375
2 0.94375 0.65859375 0.1125 0.0390625
2 0.9390625 0.60390625 0.121875 0.0421875
2 0.9375 0.54765625 0.125 0.0390625
2 0.246875 0.77109375 0.2921875 0.0640625
2 0.290625 0.70859375 0.3890625 0.084375
2 0.20390625 0.58203125 0.209375 0.053125
2 0.20703125 0.603125 0.115625 0.0359375
2 0.97109375 0.4828125 0.0578125 0.025
2 0.9453125 0.46328125 0.109375 0.0359375
22 0.4640625 0.0828125 0.928125 0.165625
2 0.19140625 0.0859375 0.11875 0.034375
2 0.1875 0.06171875 0.321875 0.0734375
23 0.715625 0.81953125 0.05625 0.0359375
2 0.6703125 0.76171875 0.153125 0.040625
2 0.69921875 0.7 0.06875 0.0296875
2 0.68984375 0.64375 0.0703125 0.0265625
2 0.68359375 0.58828125 0.0640625 0.025
10 0.56015625 0.5359375 0.33125 0.0953125
2 0.56171875 0.53359375 0.1734375 0.0484375
23 0.61953125 0.59765625 0.04375 0.025
23 0.6390625 0.709375 0.040625 0.0234375
10 0.66796875 0.03359375 0.4703125 0.0671875
2 0.66875 0.01328125 0.228125 0.0265625
15 0.2109375 0.1421875 0.421875 0.10625
15 0.6796875 0.06640625 0.4234375 0.1046875
19 0.434375 0.8296875 0.671875 0.1125
19 0.415625 0.7171875 0.6875 0.11875
19 0.4296875 0.77109375 0.696875 0.1203125
19 0.4078125 0.6609375 0.6765625 0.1140625
19 0.403125 0.603125 0.6859375 0.1171875
19 0.9421875 0.74609375 0.115625 0.0328125
19 0.93828125 0.6890625 0.1234375 0.03125
19 0.9328125 0.63359375 0.134375 0.0328125
19 0.9265625 0.57734375 0.146875 0.0328125
19 0.9234375 0.52109375 0.153125 0.0328125