11 0.5015625 0.7265625 0.94765625 0.32890625
32 0.49921875 0.6203125 0.85859375 0.0703125
32 0.5015625 0.709375 0.8625 0.071875
32 0.50078125 0.79765625 0.86015625 0.07109375
2 0.1640625 0.02578125 0.2203125 0.0234375
23 0.9015625 0.0265625 0.08515625 0.03984375
11 0.3859375 0.3109375 0.725 0.38671875
2 0.21953125 0.090625 0.3375 0.02265625
2 0.17265625 0.5328125 0.2484375 0.0265625
11 0.8875 0.31015625 0.225 0.3890625
2 0.91015625 0.1625 0.1796875 0.02734375
2 0.234375 0.16328125 0.303125 0.0296875
2 0.17734375 0.2234375 0.196875 0.01953125
2 0.91875 0.221875 0.1625 0.01640625
2 0.1765625 0.384375 0.18671875 0.015625
2 0.91796875 0.27578125 0.1640625 0.0171875
2 0.91640625 0.3296875 0.1640625 0.01796875
2 0.91953125 0.3828125 0.1609375 0.015625
2 0.21953125 0.27734375 0.2765625 0.0171875
2 0.26953125 0.32890625 0.36875 0.021875
2 0.20703125 0.4609375 0.196875 0.01953125
2 0.20703125 0.43984375 0.1078125 0.01875
2 0.9578125 0.4390625 0.084375 0.0140625
2 0.93359375 0.4609375 0.13203125 0.01796875
22 0.5 0.9453125 1 0.109375
2 0.26953125 0.9265625 0.1109375 0.015625
2 0.26953125 0.95 0.30546875 0.021875
23 0.65078125 0.1625 0.05 0.0265625
2 0.6171875 0.2234375 0.14375 0.015625
2 0.653125 0.27734375 0.06328125 0.01875
2 0.65234375 0.33046875 0.06484375 0.01484375
2 0.6546875 0.384375 0.059375 0.0140625
10 0.546875 0.4515625 0.3109375 0.04296875
2 0.5484375 0.45234375 0.1625 0.02109375
23 0.59375 0.384375 0.0390625 0.01875
23 0.5953125 0.2765625 0.03671875 0.01640625
10 0.73046875 0.9390625 0.4390625 0.06171875
2 0.728125 0.93828125 0.215625 0.021875
15 0.2734375 0.871875 0.41015625 0.0375
15 0.728125 0.87265625 0.39921875 0.0359375
19 0.3859375 0.19453125 0.64375 0.00703125
19 0.38515625 0.303125 0.65703125 0.009375
19 0.390625 0.25 0.66484375 0.01015625
19 0.3859375 0.35703125 0.64765625 0.0078125
19 0.390625 0.4109375 0.6578125 0.00859375
19 0.9109375 0.1953125 0.178125 0.0078125
19 0.909375 0.24921875 0.18125 0.0078125
19 0.90859375 0.303125 0.1828125 0.00625
19 0.9078125 0.35625 0.184375 0.00625
19 0.90859375 0.4109375 0.1828125 0.0078125