2 0.08046875 0.059375 0.0421875 0.11875
10 0.940625 0.77421875 0.115625 0.4515625
11 0.4453125 0.5 0.84375 1
32 0.17265625 0.43828125 0.2390625 0.8765625
22 0.9296875 0.54296875 0.140625 0.9140625
2 0.95390625 0.7859375 0.05 0.2484375
13 0.78515625 0.19921875 0.084375 0.3078125
2 0.13828125 0.0796875 0.0640625 0.159375
32 0.26875 0.4421875 0.24375 0.884375
32 0.36875 0.45234375 0.2375 0.9046875
15 0.50703125 0.21484375 0.1515625 0.4296875
15 0.425 0.6953125 0.153125 0.459375
33 0.6015625 0.484375 0.3234375 0.9484375