11 0.7421875 0.51484375 0.50625 0.9703125
32 0.634375 0.52109375 0.225 0.8859375
32 0.725 0.53984375 0.228125 0.890625
32 0.8140625 0.55546875 0.2265625 0.8890625
2 0.08828125 0.09375 0.0640625 0.1875
11 0.33828125 0.3765625 0.5234375 0.753125
2 0.14453125 0.15703125 0.0828125 0.3140625
2 0.60390625 0.1734375 0.071875 0.2578125
11 0.25 0.85390625 0.4328125 0.2828125
2 0.09453125 0.84921875 0.0578125 0.1734375
2 0.21640625 0.1703125 0.084375 0.3125
2 0.2890625 0.12265625 0.0546875 0.203125
2 0.1546875 0.86875 0.04375 0.153125
2 0.4515625 0.15 0.0484375 0.19375
2 0.21015625 0.87734375 0.04375 0.15625
2 0.26328125 0.88671875 0.0453125 0.1578125
2 0.31953125 0.9 0.04375 0.15
2 0.33515625 0.175 0.06875 0.284375
2 0.3796875 0.23515625 0.0875 0.3796875
2 0.52421875 0.19453125 0.0546875 0.203125
2 0.50390625 0.19140625 0.0375 0.1140625
2 0.36796875 0.946875 0.028125 0.075
2 0.3953125 0.92734375 0.0375 0.1234375
22 0.91015625 0.53984375 0.1796875 0.9203125
2 0.984375 0.34140625 0.03125 0.1171875
2 0.9859375 0.34609375 0.028125 0.3140625
23 0.14140625 0.59375 0.0359375 0.05625
2 0.21015625 0.5703125 0.040625 0.1484375
2 0.25703125 0.61640625 0.0296875 0.0671875
2 0.31171875 0.62578125 0.0265625 0.06875
2 0.36640625 0.6375 0.0265625 0.0640625
10 0.45390625 0.540625 0.0984375 0.325
2 0.4546875 0.5421875 0.0515625 0.1703125
23 0.37734375 0.57578125 0.025 0.04375
23 0.2671875 0.55703125 0.0234375 0.040625
10 0.91640625 0.7921875 0.1421875 0.415625
2 0.91640625 0.8125 0.059375 0.221875
15 0.93125 0.33671875 0.1109375 0.425
15 0.84921875 0.79609375 0.1078125 0.4078125
19 0.22109375 0.3296875 0.121875 0.65625
19 0.33125 0.3484375 0.1265625 0.66875
19 0.2765625 0.34375 0.128125 0.678125
19 0.38671875 0.35859375 0.1234375 0.6609375
19 0.440625 0.37265625 0.128125 0.671875
19 0.128125 0.8546875 0.0359375 0.1703125
19 0.18359375 0.86484375 0.0359375 0.1703125
19 0.2390625 0.8734375 0.0359375 0.171875
19 0.29375 0.88203125 0.0375 0.175
19 0.3484375 0.89296875 0.0359375 0.171875