2 0.0734375 0.8125 0.0765625 0.3171875
10 0.0359375 0.328125 0.071875 0.475
23 0.90390625 0.02421875 0.0453125 0.0484375
2 0.096875 0.8109375 0.034375 0.1140625
11 0.5671875 0.5 0.809375 1
32 0.82734375 0.44296875 0.2296875 0.8859375
22 0.090625 0.5390625 0.18125 0.921875
2 0.01640625 0.3421875 0.0328125 0.234375
13 0.35234375 0.8171875 0.084375 0.3171875
2 0.97109375 0.753125 0.0578125 0.25625
32 0.73828125 0.453125 0.234375 0.9
32 0.64375 0.4671875 0.2265625 0.8984375
15 0.59375 0.715625 0.1484375 0.434375
15 0.5109375 0.25078125 0.1453125 0.43125
33 0.4234375 0.50625 0.3125 0.9234375