2 0.26953125 0.9546875 0.3046875 0.021875
2 0.16328125 0.02890625 0.22109375 0.0234375
10 0.73828125 0.94453125 0.45 0.06328125
23 0.8984375 0.0296875 0.0890625 0.03984375
2 0.26796875 0.9328125 0.1078125 0.01484375
11 0.50078125 0.43359375 0.94609375 0.61953125
32 0.50078125 0.18046875 0.8671875 0.07109375
22 0.5 0.94765625 1 0.10390625
2 0.725 0.94375 0.225 0.021875
13 0.21953125 0.69296875 0.303125 0.028125
2 0.17578125 0.09296875 0.24609375 0.0234375
32 0.4984375 0.2671875 0.8609375 0.0765625
32 0.50078125 0.36015625 0.8609375 0.06953125
15 0.27421875 0.44765625 0.409375 0.07109375
15 0.7265625 0.44921875 0.4078125 0.06796875
33 0.50078125 0.57421875 0.86953125 0.15