11 0.3875 0.74140625 0.721875 0.30546875
2 0.2375 0.63359375 0.30625 0.025
2 0.6515625 0.8015625 0.06484375 0.01484375
23 0.65 0.63359375 0.05 0.02734375
2 0.26953125 0.95625 0.30546875 0.021875
19 0.38671875 0.77421875 0.6421875 0.00546875
23 0.5953125 0.74765625 0.03671875 0.01640625
2 0.1796875 0.69296875 0.19765625 0.015625
23 0.5953125 0.85625 0.0359375 0.01640625
2 0.65234375 0.74765625 0.06015625 0.0140625
2 0.91953125 0.69296875 0.1609375 0.015625
2 0.9171875 0.8015625 0.16484375 0.01796875
2 0.9171875 0.74765625 0.165625 0.01796875
2 0.21953125 0.7484375 0.27421875 0.0171875
2 0.653125 0.85625 0.05859375 0.0140625
10 0.728125 0.94609375 0.44296875 0.0640625
2 0.73125 0.9453125 0.21015625 0.01953125
2 0.26953125 0.93359375 0.10703125 0.015625
2 0.17734375 0.85625 0.1828125 0.015625
11 0.8875 0.74140625 0.221875 0.30625
22 0.4984375 0.94765625 0.996875 0.1046875
2 0.6109375 0.69296875 0.1453125 0.01484375
2 0.9203125 0.85546875 0.159375 0.015625
19 0.38671875 0.7203125 0.64296875 0.00546875
2 0.91640625 0.63359375 0.16640625 0.028125
2 0.26953125 0.803125 0.37734375 0.0234375
19 0.3859375 0.82890625 0.64453125 0.00703125
19 0.38671875 0.8828125 0.6390625 0.00625
19 0.384375 0.66640625 0.64765625 0.0046875
19 0.9078125 0.66640625 0.1828125 0.0046875
19 0.9109375 0.7203125 0.1765625 0.00546875
19 0.90859375 0.775 0.18203125 0.0046875
19 0.9078125 0.828125 0.184375 0.00625
19 0.9078125 0.88203125 0.184375 0.0046875
2 0.22265625 0.5609375 0.33671875 0.02109375
11 0.5 0.3046875 0.94765625 0.4546875
2 0.12265625 0.496875 0.090625 0.01953125
2 0.88046875 0.49765625 0.090625 0.01796875
2 0.85703125 0.4609375 0.13125 0.0171875
2 0.83203125 0.4265625 0.178125 0.01796875
2 0.12265625 0.4265625 0.090625 0.01953125
2 0.1546875 0.46171875 0.159375 0.01796875
2 0.20234375 0.38984375 0.0890625 0.0140625
2 0.42734375 0.3890625 0.13125 0.01484375
2 0.6578125 0.3890625 0.10234375 0.0140625
2 0.8734375 0.3890625 0.0875 0.01328125
23 0.1125 0.38828125 0.06171875 0.02265625
23 0.31171875 0.38828125 0.05859375 0.028125
23 0.56171875 0.3890625 0.06171875 0.028125
23 0.78203125 0.38828125 0.06328125 0.02734375
24 0.50625 0.26640625 0.8015625 0.17890625
2 0.496875 0.1484375 0.3609375 0.01953125
2 0.496875 0.11640625 0.1890625 0.0234375
2 0.1578125 0.0296875 0.23125 0.0265625
23 0.9 0.03046875 0.08359375 0.03984375