11 0.7578125 0.409375 0.396875 0.7671875
2 0.6671875 0.2453125 0.0625 0.3125
2 0.78515625 0.684375 0.0234375 0.0671875
23 0.61640625 0.6625 0.034375 0.053125
2 0.9796875 0.31796875 0.040625 0.3109375
19 0.790625 0.41328125 0.0859375 0.6484375
23 0.73828125 0.61953125 0.0203125 0.0390625
2 0.73515625 0.19375 0.040625 0.2
23 0.846875 0.63359375 0.0203125 0.0390625
2 0.73046875 0.678125 0.0234375 0.0640625
2 0.6421875 0.92734375 0.0375 0.1453125
2 0.75078125 0.93359375 0.0390625 0.1328125
2 0.69765625 0.93046875 0.0390625 0.1390625
2 0.78515625 0.24140625 0.0515625 0.278125
2 0.83984375 0.69296875 0.0234375 0.0625
10 0.92109375 0.77578125 0.1203125 0.4484375
2 0.9203125 0.78203125 0.046875 0.215625
2 0.965625 0.3140625 0.028125 0.1109375
2 0.89921875 0.21171875 0.0375 0.1859375
11 0.69453125 0.89140625 0.3359375 0.2171875
22 0.91796875 0.52578125 0.1640625 0.9484375
2 0.68203125 0.6296875 0.0328125 0.1484375
2 0.8046875 0.93984375 0.034375 0.1203125
19 0.73671875 0.40625 0.0859375 0.65
2 0.5828125 0.92109375 0.05 0.1578125
2 0.834375 0.29765625 0.071875 0.384375
19 0.8453125 0.41875 0.0859375 0.6515625
19 0.9 0.4265625 0.0859375 0.6453125
19 0.68203125 0.396875 0.084375 0.6546875
19 0.615625 0.91484375 0.028125 0.1703125
19 0.67109375 0.921875 0.0265625 0.15625
19 0.72578125 0.9234375 0.0265625 0.153125
19 0.7796875 0.925 0.028125 0.15
19 0.834375 0.928125 0.028125 0.14375
2 0.59609375 0.2203125 0.0640625 0.3421875
11 0.30234375 0.48828125 0.5765625 0.9765625
2 0.54375 0.11171875 0.03125 0.09375
2 0.45078125 0.878125 0.0296875 0.09375
2 0.41640625 0.84921875 0.0328125 0.1359375
2 0.38515625 0.8203125 0.040625 0.1828125
2 0.47265625 0.103125 0.03125 0.09375
2 0.5046875 0.1390625 0.0390625 0.1640625
2 0.42578125 0.17890625 0.025 0.0921875
2 0.39765625 0.40625 0.03125 0.1359375
2 0.36875 0.63984375 0.0265625 0.1046875
2 0.3421875 0.85703125 0.025 0.090625
23 0.4359375 0.08828125 0.0296875 0.0640625
23 0.4109375 0.2890625 0.034375 0.0625
23 0.38046875 0.5421875 0.0359375 0.065625
23 0.35234375 0.76484375 0.0359375 0.0671875
24 0.26328125 0.47109375 0.2796875 0.83125
2 0.14609375 0.44609375 0.065625 0.36875
2 0.1140625 0.4421875 0.0484375 0.19375
2 0.06796875 0.10390625 0.0546875 0.2078125