11 0.375 0.73515625 0.7375 0.34375
2 0.23125 0.61953125 0.3078125 0.040625
2 0.6359375 0.809375 0.065625 0.01875
23 0.64296875 0.64140625 0.0515625 0.03125
2 0.24609375 0.94375 0.30625 0.0375
19 0.37265625 0.76796875 0.6421875 0.040625
23 0.58203125 0.75234375 0.0375 0.0171875
2 0.1703125 0.67578125 0.1984375 0.0265625
23 0.5765625 0.8609375 0.0359375 0.0171875
2 0.6390625 0.75546875 0.059375 0.0171875
2 0.90859375 0.71484375 0.1609375 0.0234375
2 0.90078125 0.82265625 0.165625 0.028125
2 0.90390625 0.76953125 0.165625 0.028125
2 0.20703125 0.73359375 0.275 0.03125
2 0.634375 0.8640625 0.059375 0.0171875
10 0.70390625 0.95625 0.4453125 0.0875
2 0.7078125 0.95703125 0.209375 0.0296875
2 0.246875 0.92109375 0.10625 0.021875
2 0.159375 0.8390625 0.1828125 0.025
11 0.87421875 0.76171875 0.2375 0.3171875
22 0.4875 0.934375 0.975 0.13125
2 0.60078125 0.6984375 0.1453125 0.0234375
2 0.90078125 0.87734375 0.159375 0.0234375
19 0.375 0.7140625 0.64375 0.040625
2 0.90859375 0.65546875 0.1671875 0.0375
2 0.25390625 0.790625 0.3765625 0.04375
19 0.36875 0.82265625 0.64375 0.040625
19 0.3671875 0.8765625 0.6390625 0.0390625
19 0.37578125 0.66015625 0.646875 0.0390625
19 0.8984375 0.6875 0.1828125 0.0140625
19 0.89921875 0.74140625 0.1765625 0.015625
19 0.89375 0.79609375 0.18125 0.0140625
19 0.88984375 0.84921875 0.184375 0.015625
19 0.8875 0.903125 0.184375 0.0140625
2 0.21953125 0.54609375 0.3375 0.0390625
11 0.51015625 0.3046875 0.96875 0.503125
2 0.1234375 0.47734375 0.0921875 0.025
2 0.8796875 0.5171875 0.0921875 0.0234375
2 0.85859375 0.4796875 0.13125 0.0234375
2 0.83515625 0.44375 0.178125 0.028125
2 0.12734375 0.40703125 0.0921875 0.025
2 0.15703125 0.44375 0.159375 0.0265625
2 0.20859375 0.37421875 0.0890625 0.01875
2 0.43359375 0.38515625 0.13125 0.021875
2 0.66328125 0.39765625 0.103125 0.01875
2 0.87890625 0.40859375 0.0875 0.01875
23 0.11875 0.36796875 0.0625 0.0265625
23 0.31796875 0.37890625 0.0609375 0.03125
23 0.5671875 0.3921875 0.0640625 0.03125
23 0.7875 0.403125 0.0640625 0.03125
24 0.51875 0.2671875 0.809375 0.221875
2 0.515625 0.1484375 0.3609375 0.0375
2 0.5171875 0.11640625 0.190625 0.0328125
2 0.18203125 0.015625 0.2328125 0.03125
23 0.92421875 0.05234375 0.0859375 0.0453125