11 0.50546875 0.603125 0.9890625 0.45625
32 0.52890625 0.55234375 0.9375 0.25
22 0.4703125 0.09375 0.940625 0.1875
10 0.46796875 0.0734375 0.9359375 0.146875
5 0.5296875 0.91015625 0.940625 0.1796875
23 0.1140625 0.99140625 0.078125 0.0171875
2 0.453125 0.0296875 0.309375 0.059375
2 0.5828125 0.9453125 0.24375 0.071875
2 0.5421875 0.68359375 0.3703125 0.0890625
24 0.990625 0.8859375 0.01875 0.0875
31 0.521875 0.8328125 0.95625 0.246875
30 0.30859375 0.87109375 0.4640625 0.13125
30 0.78203125 0.8015625 0.4359375 0.134375
2 0.296875 0.87421875 0.2625 0.0671875
2 0.83359375 0.7984375 0.146875 0.053125