11 0.50078125 0.38046875 0.93984375 0.296875
32 0.50078125 0.42734375 0.8609375 0.1125
22 0.5 0.91875 1 0.16171875
10 0.49921875 0.9234375 0.909375 0.10703125
5 0.5 0.05703125 1 0.1140625
23 0.06171875 0.06015625 0.0671875 0.04296875
2 0.5 0.9234375 0.28515625 0.03125
2 0.5 0.06015625 0.22421875 0.0359375
2 0.49609375 0.30546875 0.3421875 0.0359375
24 0.9390625 0.059375 0.121875 0.07265625
31 0.5 0.1671875 1 0.10078125
30 0.25703125 0.16328125 0.425 0.06328125
30 0.746875 0.16328125 0.49140625 0.06328125
2 0.246875 0.1625 0.24140625 0.02890625
2 0.7484375 0.16171875 0.13359375 0.03046875