11 0.48515625 0.38046875 0.9703125 0.4640625
32 0.48125 0.42734375 0.8828125 0.265625
22 0.53359375 0.875 0.9328125 0.25
10 0.5515625 0.8953125 0.896875 0.209375
5 0.46171875 0.09921875 0.9234375 0.1984375
2 0.56875 0.925 0.2921875 0.08125
2 0.415625 0.05859375 0.23125 0.0765625
2 0.45546875 0.30546875 0.35 0.096875
24 0.85390625 0.01328125 0.1328125 0.0265625
31 0.47109375 0.165625 0.9421875 0.275
30 0.2046875 0.20546875 0.409375 0.1390625
30 0.68125 0.11875 0.503125 0.1515625
2 0.18046875 0.20625 0.2484375 0.071875
2 0.6828125 0.1171875 0.1390625 0.0546875