11 0.5015625 0.49453125 0.99453125 0.9734375
31 0.50234375 0.10625 0.9828125 0.13515625
30 0.053125 0.1078125 0.06796875 0.09765625
2 0.1078125 0.1015625 0.0234375 0.0484375
30 0.109375 0.10625 0.03359375 0.09921875
2 0.0515625 0.103125 0.03125 0.04765625
2 0.078125 0.24375 0.11328125 0.06640625
15 0.18203125 0.4265625 0.31640625 0.0859375
2 0.0546875 0.35234375 0.05859375 0.04609375
33 0.18203125 0.6765625 0.315625 0.21796875
2 0.0359375 0.5390625 0.01875 0.04453125
10 0.86875 0.87421875 0.07109375 0.0890625
10 0.94921875 0.8734375 0.07109375 0.08984375
2 0.86796875 0.875 0.03359375 0.0421875
2 0.94921875 0.871875 0.0234375 0.0421875