11 0.5 0.5 1 1
31 0.9109375 0.521875 0.178125 0.95625
30 0.95234375 0.0859375 0.0796875 0.075
30 0.9484375 0.14453125 0.075 0.04375
2 0.9546875 0.0875 0.0375 0.034375
2 0.95078125 0.1453125 0.0328125 0.028125
2 0.846875 0.1078125 0.065625 0.121875
2 0.67421875 0.5 0.128125 0.9296875
2 0.76484375 0.0578125 0.046875 0.034375
2 0.64296875 0.05703125 0.0421875 0.05
2 0.50390625 0.04453125 0.0375 0.053125
15 0.57578125 0.18828125 0.09375 0.3265625
33 0.3609375 0.49765625 0.25 0.990625
11 0.196875 0.4875 0.18125 0.975
23 0.23671875 0.01328125 0.0484375 0.0203125
2 0.2234375 0.13515625 0.0546875 0.2171875
10 0.04609375 0.84609375 0.0734375 0.078125
10 0.040625 0.9265625 0.071875 0.075
2 0.04296875 0.84609375 0.03125 0.0359375
2 0.03984375 0.928125 0.03125 0.0265625