11 0.5 0.5 1 1
31 0.52265625 0.1171875 0.9546875 0.234375
30 0.09609375 0.053125 0.0796875 0.10625
2 0.153125 0.05234375 0.03125 0.053125
30 0.153125 0.05703125 0.046875 0.103125
2 0.09609375 0.046875 0.0375 0.05
2 0.10546875 0.1921875 0.1234375 0.08125
15 0.18671875 0.38828125 0.3265625 0.125
2 0.06796875 0.29765625 0.0640625 0.053125
33 0.1640625 0.6390625 0.328125 0.259375
2 0.0265625 0.4828125 0.0234375 0.0453125
10 0.8203125 0.92265625 0.0828125 0.0984375
10 0.90078125 0.93203125 0.0828125 0.0984375
2 0.81953125 0.9234375 0.0390625 0.046875
2 0.9015625 0.9296875 0.028125 0.046875