11 0.09609375 0.44453125 0.1921875 0.8890625
11 0.2703125 0.56796875 0.540625 0.8296875
11 0.29140625 0.1046875 0.2984375 0.209375
11 0.50859375 0.125 0.2265625 0.25
11 0.71953125 0.1609375 0.2890625 0.2890625
11 0.90859375 0.21640625 0.1828125 0.2890625
31 0.10546875 0.534375 0.2109375 0.74375
30 0.0234375 0.878125 0.046875 0.053125
30 0.0296875 0.8359375 0.0515625 0.0484375
2 0.0171875 0.88046875 0.021875 0.021875
2 0.025 0.8390625 0.0203125 0.0203125
2 0.07734375 0.87265625 0.053125 0.090625
2 0.2265625 0.58984375 0.184375 0.6890625
2 0.12109375 0.915625 0.028125 0.025
33 0.32734375 0.590625 0.259375 0.746875
2 0.18984375 0.925 0.0234375 0.0359375
10 0.4890625 0.2734375 0.0484375 0.0625
2 0.48828125 0.27421875 0.021875 0.021875
2 0.19375 0.11484375 0.040625 0.0765625
2 0.2296875 0.13125 0.03125 0.059375
2 0.25859375 0.15234375 0.025 0.034375
2 0.2984375 0.14375 0.0328125 0.0671875
2 0.32734375 0.16796875 0.025 0.03125
2 0.3625 0.16953125 0.028125 0.0453125
2 0.26484375 0.0109375 0.0390625 0.021875
2 0.44375 0.1703125 0.0421875 0.0796875
2 0.475 0.1953125 0.028125 0.046875
2 0.50546875 0.20859375 0.021875 0.034375
2 0.54140625 0.21171875 0.028125 0.04375
2 0.51484375 0.015625 0.0265625 0.03125
2 0.54453125 0.046875 0.0390625 0.09375
2 0.58046875 0.04296875 0.0359375 0.0765625
2 0.615625 0.2375 0.0265625 0.0296875
2 0.6671875 0.25234375 0.01875 0.01875
2 0.72578125 0.23359375 0.0359375 0.0796875
10 0.81640625 0.09140625 0.0515625 0.06875
2 0.81796875 0.090625 0.025 0.046875
31 0.86875 0.19453125 0.0953125 0.2421875
30 0.8453125 0.2890625 0.034375 0.0390625
2 0.8453125 0.28984375 0.0203125 0.025
30 0.85546875 0.2421875 0.0390625 0.0546875
2 0.85703125 0.24140625 0.025 0.03125
2 0.9109375 0.284375 0.0296875 0.0671875
2 0.95 0.1078125 0.021875 0.0359375
2 0.93828125 0.26171875 0.04375 0.121875
2 0.9734375 0.2984375 0.0296875 0.06875
2 0.9890625 0.2765625 0.021875 0.121875
19 0.96953125 0.2140625 0.0578125 0.2265625
19 0.7140625 0.1546875 0.059375 0.2265625
19 0.7671875 0.16640625 0.05625 0.2203125
23 0.7140625 0.04375 0.015625 0.00625
23 0.76640625 0.05546875 0.015625 0.00625