11 0.5015625 0.496875 0.9953125 0.97421875
31 0.50234375 0.08203125 0.98046875 0.09921875
30 0.0515625 0.08515625 0.06640625 0.071875
30 0.10859375 0.084375 0.0375 0.0703125
2 0.0515625 0.0828125 0.0296875 0.0328125
2 0.1078125 0.0828125 0.02421875 0.03203125
2 0.08046875 0.1859375 0.11484375 0.05546875
2 0.478125 0.321875 0.91015625 0.0453125
2 0.0390625 0.27109375 0.0296875 0.04375
2 0.0484375 0.38984375 0.046875 0.03671875
2 0.0484375 0.5265625 0.04921875 0.03203125
15 0.18203125 0.44375 0.31484375 0.06484375
33 0.5046875 0.628125 0.9609375 0.16171875
11 0.50390625 0.78984375 0.9609375 0.0953125
23 0.04140625 0.78984375 0.015625 0.0453125
2 0.1609375 0.7921875 0.21171875 0.03515625
10 0.86875 0.9046875 0.07109375 0.065625
10 0.94921875 0.90390625 0.07109375 0.065625
2 0.86875 0.90703125 0.03359375 0.028125
2 0.94921875 0.90390625 0.0234375 0.02890625