11 0.5 0.5 1 1
31 0.1203125 0.4515625 0.240625 0.903125
30 0.0203125 0.85546875 0.040625 0.0796875
30 0.02421875 0.79921875 0.0484375 0.0515625
2 0.0078125 0.8546875 0.015625 0.0375
2 0.01328125 0.8 0.0265625 0.03125
2 0.10390625 0.84765625 0.0796875 0.125
2 0.32109375 0.48515625 0.2359375 0.9046875
2 0.1796875 0.90625 0.0484375 0.0375
2 0.2984375 0.921875 0.046875 0.053125
2 0.43203125 0.95078125 0.040625 0.0546875
15 0.37890625 0.8015625 0.1296875 0.3234375
33 0.6265625 0.51640625 0.359375 0.9671875
11 0.78671875 0.53671875 0.2953125 0.9265625
2 0.7171875 0.89375 0.078125 0.2125
10 0.96796875 0.221875 0.0640625 0.084375
10 0.97578125 0.1421875 0.0484375 0.084375
2 0.978125 0.2234375 0.034375 0.0390625
2 0.9875 0.1421875 0.025 0.028125