11 0.76796875 0.59375 0.4640625 0.80625
11 0.8359375 0.0984375 0.275 0.196875
11 0.5984375 0.10234375 0.196875 0.2046875
11 0.3671875 0.10703125 0.265625 0.2125
11 0.11640625 0.115625 0.2328125 0.2125
31 0.94375 0.59140625 0.09375 0.7875
30 0.95546875 0.96875 0.05 0.0328125
30 0.95390625 0.92890625 0.0484375 0.04375
2 0.959375 0.9765625 0.0203125 0.015625
2 0.9578125 0.93359375 0.01875 0.01875
2 0.89453125 0.94921875 0.0390625 0.0765625
2 0.796875 0.62265625 0.053125 0.734375
2 0.840625 0.98515625 0.025 0.0078125
33 0.690625 0.603125 0.1265625 0.784375
2 0.76640625 0.98125 0.01875 0.01875
10 0.58671875 0.2453125 0.0421875 0.0609375
2 0.5875 0.24609375 0.01875 0.01875
2 0.928125 0.13828125 0.0296875 0.0796875
2 0.8875 0.1484375 0.021875 0.0609375
2 0.85234375 0.1640625 0.0203125 0.0328125
2 0.81171875 0.14765625 0.025 0.06875
2 0.7765625 0.1671875 0.021875 0.03125
2 0.73984375 0.16171875 0.021875 0.04375
2 0.88203125 0.0125 0.0234375 0.025
2 0.65390625 0.14609375 0.028125 0.0828125
2 0.61640625 0.165625 0.021875 0.046875
2 0.58125 0.1734375 0.0203125 0.0328125
2 0.54296875 0.16875 0.021875 0.04375
2 0.575 0.0234375 0.021875 0.046875
2 0.53671875 0.01171875 0.0234375 0.0234375
2 0.46015625 0.18125 0.0265625 0.028125
2 0.40234375 0.18671875 0.01875 0.015625
2 0.34453125 0.15546875 0.021875 0.084375
31 0.20390625 0.11171875 0.053125 0.2046875
30 0.2078125 0.18828125 0.03125 0.0390625
2 0.20859375 0.1890625 0.01875 0.025
30 0.20703125 0.1375 0.03125 0.0546875
2 0.20546875 0.13671875 0.0203125 0.0296875
2 0.13984375 0.1703125 0.021875 0.0703125
2 0.115625 0.14140625 0.0234375 0.13125
2 0.071875 0.171875 0.0203125 0.071875
2 0.046875 0.14296875 0.0234375 0.13125
2 0.00546875 0.165625 0.0109375 0.0875
19 0.0234375 0.11328125 0.0125 0.19375
19 0.09375 0.1109375 0.0125 0.19375
19 0.3734375 0.10078125 0.015625 0.19375
19 0.3171875 0.10234375 0.0125 0.1921875