11 0.5 0.03828125 0.99453125 0.07109375
11 0.37578125 0.27734375 0.74609375 0.396875
11 0.87421875 0.20078125 0.2453125 0.2421875
11 0.87421875 0.41484375 0.24609375 0.1703125
11 0.87421875 0.625 0.24453125 0.23515625
11 0.8734375 0.87421875 0.24453125 0.2515625
2 0.05078125 0.03828125 0.0765625 0.025
2 0.13046875 0.0390625 0.078125 0.02578125
31 0.37578125 0.11953125 0.73515625 0.059375
2 0.2171875 0.0390625 0.078125 0.01640625
14 0.2171875 0.0375 0.08515625 0.02734375
10 0.95 0.0375 0.0734375 0.03828125
2 0.9546875 0.0375 0.0453125 0.0140625
23 0.9265625 0.03671875 0.00703125 0.009375
30 0.0359375 0.1203125 0.046875 0.04453125
30 0.08125 0.1203125 0.0375 0.04296875
2 0.03515625 0.1171875 0.01875 0.01875
2 0.0765625 0.11640625 0.01640625 0.01640625
2 0.05625 0.175 0.0859375 0.03203125
2 0.3546875 0.253125 0.68359375 0.025
2 0.025 0.22421875 0.02265625 0.02265625
33 0.37578125 0.3484375 0.72421875 0.09140625
2 0.03203125 0.29140625 0.0328125 0.0171875
10 0.71171875 0.43046875 0.053125 0.0375
2 0.7109375 0.4296875 0.01796875 0.01796875
2 0.79765625 0.11796875 0.07109375 0.02421875
2 0.78984375 0.15546875 0.05546875 0.01875
2 0.7765625 0.1875 0.0296875 0.01796875
2 0.79296875 0.2234375 0.06171875 0.01875
2 0.77578125 0.25546875 0.028125 0.01796875
2 0.78203125 0.2890625 0.040625 0.01875
2 0.94375 0.15625 0.084375 0.01953125
2 0.9640625 0.1890625 0.0453125 0.01875
2 0.9609375 0.22265625 0.0515625 0.01796875
2 0.98046875 0.2546875 0.009375 0.015625
2 0.98046875 0.28828125 0.01015625 0.015625
2 0.79921875 0.365625 0.07421875 0.0234375
2 0.7828125 0.40078125 0.04140625 0.01796875
2 0.7765625 0.4328125 0.0296875 0.015625
2 0.78203125 0.4671875 0.0390625 0.01875
2 0.96640625 0.4 0.0375 0.0171875
2 0.93984375 0.43515625 0.09375 0.01796875
2 0.95 0.46796875 0.071875 0.01875
2 0.77421875 0.54296875 0.02421875 0.021875
2 0.7703125 0.59453125 0.01484375 0.01640625
2 0.80078125 0.64609375 0.07578125 0.01796875
10 0.95625 0.7015625 0.06015625 0.0375
2 0.95546875 0.7015625 0.04375 0.015625
31 0.875 0.7734375 0.24140625 0.040625
30 0.775 0.77109375 0.03359375 0.0265625
2 0.775 0.7703125 0.021875 0.015625
30 0.82109375 0.7703125 0.04765625 0.0265625
2 0.821875 0.77109375 0.0265625 0.01796875
2 0.79375 0.83203125 0.06328125 0.01640625
2 0.96953125 0.83046875 0.0328125 0.0140625
2 0.8203125 0.853125 0.11796875 0.0171875
2 0.79375 0.89375 0.06484375 0.015625
2 0.82109375 0.91484375 0.11875 0.0171875
2 0.96953125 0.89375 0.0328125 0.01484375
2 0.96953125 0.95546875 0.0328125 0.0140625
2 0.82109375 0.97734375 0.11796875 0.01640625
2 0.80078125 0.95703125 0.078125 0.0140625
19 0.87421875 0.93515625 0.225 0.00546875
19 0.87421875 0.87265625 0.22421875 0.00546875
19 0.8734375 0.61875 0.225 0.00625
19 0.8734375 0.6703125 0.21875 0.00703125
23 0.978125 0.59375 0.003125 0.015625
23 0.978125 0.6453125 0.00390625 0.015625