11 0.5 0.5 1 1
31 0.1203125 0.47109375 0.240625 0.9421875
30 0.04921875 0.8921875 0.0984375 0.08125
2 0.0453125 0.8359375 0.053125 0.03125
30 0.0515625 0.8359375 0.103125 0.0484375
2 0.03984375 0.8921875 0.0515625 0.0390625
2 0.18359375 0.88515625 0.0828125 0.121875
15 0.38125 0.8078125 0.1296875 0.328125
2 0.2890625 0.92421875 0.0546875 0.065625
33 0.62890625 0.83515625 0.2609375 0.3296875
2 0.471875 0.96953125 0.0453125 0.025
10 0.9234375 0.18671875 0.1 0.084375
10 0.934375 0.10546875 0.1 0.084375
2 0.92421875 0.1875 0.0484375 0.040625
2 0.9328125 0.10625 0.046875 0.0296875