5 0.4875 0.96171875 0.975 0.0765625
23 0.08984375 0.97109375 0.0171875 0.0171875
6 0.01171875 0.9609375 0.0234375 0.028125
23 0.046875 0.96796875 0.0171875 0.01875
24 0.91171875 0.99453125 0.0703125 0.0109375
2 0.865625 0.88515625 0.1421875 0.034375
17 0.490625 0.47890625 0.95 0.484375
10 0.8640625 0.75546875 0.1578125 0.05625
23 0.91640625 0.75859375 0.0140625 0.01875
2 0.6765625 0.8234375 0.5296875 0.053125
10 0.69609375 0.746875 0.1625 0.0578125
23 0.7515625 0.74921875 0.015625 0.0265625
2 0.68359375 0.74609375 0.1046875 0.0265625
2 0.85 0.7546875 0.1046875 0.025
32 0.14453125 0.71875 0.259375 0.0640625