5 0.5 0.04140625 1 0.0828125
23 0.021875 0.04140625 0.01875 0.0234375
23 0.859375 0.04296875 0.01875 0.0265625
23 0.90234375 0.04453125 0.0203125 0.0296875
23 0.978125 0.04296875 0.0140625 0.02734375
24 0.07421875 0.0453125 0.065625 0.05859375
6 0.93984375 0.04375 0.03125 0.04453125
2 0.1296875 0.1671875 0.153125 0.03046875
2 0.4140625 0.21484375 0.71640625 0.02421875
28 0.5 0.31171875 0.884375 0.0875
11 0.5 0.6359375 0.8859375 0.52890625
15 0.2828125 0.42421875 0.41796875 0.05078125
15 0.7171875 0.425 0.41640625 0.05234375
15 0.7171875 0.51015625 0.41796875 0.05078125
15 0.28359375 0.509375 0.41796875 0.05390625
32 0.2828125 0.59453125 0.41796875 0.0546875
32 0.2828125 0.6796875 0.41875 0.0546875
32 0.71640625 0.59453125 0.41796875 0.053125
32 0.71640625 0.67890625 0.41875 0.05390625
32 0.5 0.7640625 0.85078125 0.05390625
10 0.66328125 0.8453125 0.06640625 0.04453125
2 0.775 0.846875 0.11953125 0.0203125
10 0.77578125 0.84609375 0.13359375 0.0453125
10 0.89140625 0.846875 0.06953125 0.0484375
2 0.66171875 0.84609375 0.04140625 0.01953125
2 0.890625 0.8453125 0.04296875 0.02265625