5 0.96640625 0.4828125 0.0671875 0.965625
11 0.3734375 0.5109375 0.64375 0.978125
15 0.4328125 0.75703125 0.0875 0.45625
2 0.84921875 0.09140625 0.046875 0.1671875
2 0.821875 0.4 0.0828125 0.778125
28 0.7234375 0.49921875 0.1671875 0.9703125
32 0.6015625 0.50859375 0.1203125 0.9265625
32 0.49140625 0.2796875 0.0890625 0.45625
32 0.52421875 0.75 0.0890625 0.45625
25 0.40078125 0.2859375 0.090625 0.45625
15 0.30859375 0.29140625 0.0890625 0.4578125
15 0.34140625 0.7625 0.0890625 0.45625
13 0.2125 0.23359375 0.053125 0.31875
10 0.15703125 0.7078125 0.0546875 0.0765625
2 0.1625 0.83125 0.0296875 0.1296875
10 0.165625 0.834375 0.059375 0.15
10 0.17265625 0.96015625 0.0578125 0.0796875
2 0.1546875 0.70625 0.021875 0.0453125
2 0.171875 0.96171875 0.021875 0.0546875