5 0.5 0.0421875 1 0.084375
23 0.9015625 0.0421875 0.01484375 0.02578125
23 0.8609375 0.0421875 0.01484375 0.02265625
23 0.978125 0.0421875 0.00546875 0.0203125
24 0.071875 0.04296875 0.065625 0.04765625
23 0.02265625 0.04375 0.01796875 0.01796875
6 0.940625 0.0421875 0.03046875 0.04296875
2 0.13046875 0.1671875 0.15390625 0.028125
2 0.4140625 0.215625 0.715625 0.02421875
28 0.50078125 0.31171875 0.8890625 0.09140625
11 0.5 0.63515625 0.8890625 0.52890625
32 0.2828125 0.425 0.41796875 0.05234375
32 0.71640625 0.42421875 0.41796875 0.05078125
32 0.71640625 0.51015625 0.41796875 0.053125
15 0.2828125 0.51015625 0.4171875 0.053125
15 0.2828125 0.67890625 0.41796875 0.053125
13 0.71640625 0.67890625 0.41796875 0.05234375
25 0.2828125 0.76484375 0.41875 0.053125
15 0.7171875 0.76484375 0.4171875 0.053125
32 0.2828125 0.59453125 0.41953125 0.053125
32 0.7171875 0.59453125 0.41875 0.053125
10 0.8171875 0.8453125 0.0640625 0.04296875
10 0.89140625 0.846875 0.06796875 0.0484375
2 0.815625 0.8453125 0.0421875 0.0203125
2 0.89140625 0.846875 0.04609375 0.01875