5 0.05234375 0.49296875 0.1046875 0.9859375
23 0.02890625 0.91484375 0.0265625 0.0171875
23 0.03046875 0.871875 0.025 0.0171875
24 0.06015625 0.03984375 0.053125 0.0703125
6 0.02734375 0.95546875 0.046875 0.0328125
2 0.1890625 0.10703125 0.0359375 0.1640625
2 0.2296875 0.4078125 0.0515625 0.7546875
28 0.328125 0.5015625 0.1296875 0.940625
11 0.66796875 0.51328125 0.590625 0.95625
32 0.4546875 0.2765625 0.0703125 0.4421875
32 0.4390625 0.73359375 0.06875 0.4421875
32 0.528125 0.73671875 0.071875 0.4421875
15 0.54453125 0.28046875 0.071875 0.4421875
15 0.72265625 0.2859375 0.071875 0.4421875
13 0.70546875 0.74296875 0.0703125 0.4421875
25 0.81328125 0.28984375 0.071875 0.4421875
15 0.796875 0.746875 0.071875 0.4421875
32 0.63359375 0.2828125 0.071875 0.44375
32 0.6171875 0.740625 0.071875 0.4421875
10 0.87734375 0.85546875 0.046875 0.06875
10 0.8765625 0.934375 0.053125 0.0734375
2 0.878125 0.85390625 0.0234375 0.04375
2 0.8765625 0.93359375 0.0203125 0.0484375