5 0.8921875 0.4421875 0.215625 0.884375
2 0.7203125 0.05859375 0.071875 0.1171875
2 0.74375 0.35859375 0.2125 0.7171875
28 0.66484375 0.4640625 0.3203125 0.928125
11 0.359375 0.50546875 0.71875 0.9890625
15 0.4921875 0.26015625 0.1609375 0.4484375
15 0.6046875 0.7125 0.1625 0.446875
15 0.515625 0.734375 0.1609375 0.4484375
15 0.40390625 0.28203125 0.1640625 0.4484375
32 0.31484375 0.3046875 0.165625 0.45
32 0.2265625 0.3265625 0.1671875 0.4515625
32 0.42734375 0.75546875 0.1625 0.4484375
32 0.340625 0.77578125 0.165625 0.4484375
32 0.19453125 0.56171875 0.2765625 0.8765625
10 0.15234375 0.765625 0.0625 0.08125
2 0.18046875 0.88203125 0.0515625 0.1296875
10 0.18125 0.88203125 0.08125 0.1515625
10 0.2109375 0.9796875 0.06875 0.040625
2 0.1515625 0.7640625 0.03125 0.0484375
2 0.21015625 0.9875 0.0359375 0.025