5 0.465625 0.06015625 0.93125 0.1203125
23 0.05703125 0.06640625 0.021875 0.021875
23 0.01328125 0.07421875 0.025 0.025
2 0.828125 0.0859375 0.1625 0.0546875
2 0.54140625 0.1765625 0.74375 0.1296875
28 0.4671875 0.2890625 0.925 0.2203125
11 0.50859375 0.62265625 0.9828125 0.6765625
15 0.7078125 0.3734375 0.4390625 0.1125
15 0.259375 0.4375 0.4375 0.1140625
15 0.271875 0.525 0.4390625 0.1125
15 0.71953125 0.46171875 0.4390625 0.115625
32 0.7328125 0.54921875 0.4390625 0.1171875
32 0.74453125 0.63828125 0.440625 0.11875
32 0.284375 0.6125 0.4390625 0.115625
32 0.296875 0.7 0.440625 0.1171875
32 0.5328125 0.75625 0.8859375 0.1796875
10 0.375 0.86484375 0.075 0.05625
2 0.2609375 0.88125 0.1265625 0.0390625
10 0.26015625 0.88125 0.1453125 0.065625
10 0.140625 0.8984375 0.078125 0.059375
2 0.378125 0.86484375 0.046875 0.0265625
2 0.14140625 0.89765625 0.046875 0.0296875