5 0.5 0.04296875 1 0.08515625
23 0.8609375 0.04296875 0.01484375 0.02265625
6 0.940625 0.0421875 0.03046875 0.04296875
23 0.9015625 0.0421875 0.01484375 0.02578125
24 0.071875 0.04375 0.06484375 0.04765625
23 0.02265625 0.04296875 0.01796875 0.0171875
23 0.97734375 0.0421875 0.00546875 0.0203125
2 0.121875 0.16640625 0.134375 0.025
17 0.50078125 0.5359375 0.89140625 0.41796875
10 0.13046875 0.290625 0.14921875 0.04609375
23 0.07890625 0.28984375 0.0125 0.01796875
2 0.30625 0.215625 0.5078125 0.02421875
10 0.29140625 0.290625 0.15390625 0.0484375
23 0.23828125 0.290625 0.01328125 0.02578125
2 0.30390625 0.290625 0.09921875 0.021875
2 0.14375 0.290625 0.0984375 0.01875
32 0.82109375 0.28984375 0.246875 0.046875