5 0.5 0.04296875 1 0.0828125
23 0.02265625 0.04296875 0.01796875 0.01796875
23 0.97734375 0.0421875 0.00546875 0.0203125
24 0.071875 0.04296875 0.0640625 0.04765625
23 0.9015625 0.0421875 0.01484375 0.02578125
6 0.93984375 0.04375 0.03203125 0.0453125
23 0.8609375 0.0421875 0.01484375 0.02265625
11 0.50078125 0.634375 0.8890625 0.53125
15 0.7171875 0.59453125 0.41796875 0.05078125
2 0.13203125 0.1703125 0.15234375 0.03359375
2 0.4140625 0.21484375 0.71640625 0.0265625
28 0.5 0.31171875 0.88984375 0.0921875
32 0.5 0.42421875 0.85078125 0.05234375
32 0.2828125 0.51015625 0.41796875 0.053125
32 0.71640625 0.51015625 0.41796875 0.053125
25 0.2828125 0.59375 0.41796875 0.05390625
15 0.2828125 0.67890625 0.41875 0.053125
15 0.7171875 0.67890625 0.4171875 0.053125
13 0.22265625 0.76328125 0.2921875 0.028125
10 0.6546875 0.8453125 0.0671875 0.0453125
2 0.76875 0.84765625 0.1171875 0.01875
10 0.77109375 0.8453125 0.13515625 0.0453125
10 0.8890625 0.84609375 0.07421875 0.046875
2 0.65390625 0.84609375 0.03984375 0.01796875
2 0.88828125 0.846875 0.0484375 0.01796875