5 0.9296875 0.52265625 0.140625 0.9546875
23 0.90859375 0.9859375 0.028125 0.01875
23 0.91328125 0.94296875 0.025 0.01875
24 0.98515625 0.12421875 0.0296875 0.0734375
23 0.996875 0.07265625 0.00625 0.0203125
2 0.8625 0.171875 0.046875 0.1625
2 0.78125 0.4609375 0.103125 0.7453125
28 0.67265625 0.53671875 0.1921875 0.9265625
11 0.33671875 0.5046875 0.646875 0.98125
32 0.578125 0.30234375 0.1 0.4390625
32 0.53125 0.75234375 0.0984375 0.4390625
32 0.44296875 0.74296875 0.1015625 0.4390625
15 0.490625 0.29296875 0.1015625 0.4375
15 0.31484375 0.275 0.1015625 0.4390625
13 0.26796875 0.725 0.1 0.4390625
25 0.22578125 0.265625 0.1015625 0.440625
15 0.17890625 0.715625 0.1015625 0.4375
32 0.40234375 0.28359375 0.1015625 0.440625
32 0.35546875 0.73359375 0.1015625 0.440625
10 0.084375 0.8109375 0.0515625 0.0703125
10 0.07421875 0.8875 0.0578125 0.0765625
2 0.08359375 0.80859375 0.0265625 0.0453125
2 0.07421875 0.8875 0.0234375 0.05