23 0.0484375 0.91875 0.025 0.0171875
23 0.0484375 0.87734375 0.021875 0.015625
5 0.04609375 0.5078125 0.0921875 0.984375
23 0.05234375 0.99609375 0.01875 0.00625
10 0.28671875 0.25 0.0515625 0.1546875
23 0.28359375 0.19765625 0.0171875 0.0125
6 0.05 0.9578125 0.0453125 0.0328125
10 0.2921875 0.41328125 0.0515625 0.1546875
23 0.2890625 0.359375 0.0234375 0.015625
17 0.5453125 0.57265625 0.4515625 0.8296875
23 0.01875 0.03046875 0.015625 0.0171875
2 0.15078125 0.24453125 0.0296875 0.1421875
2 0.20703125 0.4296875 0.0421875 0.5078125
3 0.5234375 0.07890625 0.928125 0.1578125
32 0.3078125 0.8609375 0.05625 0.2515625
24 0.0234375 0.08046875 0.046875 0.0671875
2 0.28671875 0.2625 0.021875 0.103125
2 0.29140625 0.425 0.021875 0.109375