23 0.9015625 0.0421875 0.01484375 0.025
23 0.8609375 0.04296875 0.01484375 0.02265625
5 0.5 0.0421875 1 0.08359375
23 0.978125 0.04296875 0.00546875 0.01953125
10 0.24921875 0.3 0.15 0.0453125
23 0.19765625 0.29921875 0.01171875 0.0171875
6 0.940625 0.0421875 0.03046875 0.04296875
10 0.41015625 0.3 0.1515625 0.0453125
23 0.35703125 0.2984375 0.01328125 0.0234375
17 0.5765625 0.54453125 0.80625 0.41875
23 0.02265625 0.04296875 0.0171875 0.01640625
2 0.2390625 0.16640625 0.13828125 0.025
2 0.4234375 0.215625 0.50234375 0.02421875
3 0.075 0.5421875 0.15 0.915625
32 0.853125 0.3 0.246875 0.046875
24 0.071875 0.04296875 0.0640625 0.05078125
2 0.26171875 0.3 0.10078125 0.01953125
2 0.421875 0.29921875 0.10859375 0.01875