11 0.47890625 0.62265625 0.9578125 0.6171875
15 0.69921875 0.5875 0.4609375 0.071875
2 0.08515625 0.0984375 0.14375 0.040625
2 0.39296875 0.15859375 0.7625 0.05625
28 0.48359375 0.26796875 0.9546875 0.1328125
32 0.46875 0.390625 0.93125 0.090625
32 0.228125 0.478125 0.4546875 0.075
32 0.7015625 0.49453125 0.4609375 0.075
25 0.22578125 0.56875 0.4515625 0.075
15 0.22421875 0.6625 0.4484375 0.075
15 0.69609375 0.68046875 0.4609375 0.075
13 0.1546875 0.753125 0.309375 0.04375
10 0.62109375 0.86015625 0.0765625 0.053125
2 0.74609375 0.8671875 0.128125 0.025
10 0.74921875 0.8640625 0.15 0.0546875
10 0.87890625 0.8703125 0.0828125 0.0546875
2 0.61953125 0.86171875 0.0453125 0.0203125
2 0.878125 0.87109375 0.053125 0.0203125