23 0.91015625 0.00859375 0.0234375 0.0171875
23 0.91875 0.0515625 0.021875 0.01875
5 0.92734375 0.45703125 0.1453125 0.9140625
10 0.76171875 0.7484375 0.0765625 0.16875
23 0.77265625 0.803125 0.0203125 0.015625
10 0.73203125 0.57734375 0.0765625 0.16875
23 0.74296875 0.63359375 0.0265625 0.0203125
17 0.43984375 0.45625 0.5953125 0.9125
2 0.90546875 0.73359375 0.0515625 0.1515625
2 0.81953125 0.546875 0.11875 0.5375
3 0.53828125 0.90625 0.9234375 0.1875
32 0.64921875 0.12109375 0.0953125 0.2421875
2 0.759375 0.73515625 0.040625 0.109375
2 0.73046875 0.56484375 0.040625 0.11875