5 0.5 0.04375 1 0.08671875
23 0.08359375 0.0484375 0.0640625 0.0234375
23 0.9171875 0.0484375 0.053125 0.0296875
24 0.5 0.04921875 0.34765625 0.0359375
32 0.4984375 0.1328125 0.93671875 0.053125
11 0.5 0.22265625 0.9359375 0.10703125
11 0.5 0.33984375 0.93828125 0.10625
11 0.5 0.45625 0.9359375 0.10703125
11 0.5 0.571875 0.940625 0.10390625
11 0.5015625 0.6890625 0.94375 0.10625
11 0.49921875 0.80390625 0.93671875 0.10625
11 0.4984375 0.8875 0.934375 0.03984375
8 0.5 0.95390625 1 0.0921875
10 0.13359375 0.95234375 0.19609375 0.0671875
23 0.134375 0.93984375 0.06328125 0.03046875
10 0.37265625 0.9515625 0.09921875 0.06640625
23 0.375 0.9390625 0.06171875 0.02734375
10 0.6125 0.95078125 0.11328125 0.06640625
23 0.61640625 0.9390625 0.05703125 0.02890625
10 0.86015625 0.9515625 0.125 0.06328125
23 0.859375 0.93984375 0.0578125 0.03046875
2 0.13515625 0.9703125 0.1671875 0.0171875
2 0.3765625 0.96953125 0.06171875 0.015625
2 0.61484375 0.96953125 0.0828125 0.015625
2 0.8625 0.9703125 0.1015625 0.0171875
2 0.25703125 0.20703125 0.3625 0.021875
2 0.48515625 0.2390625 0.815625 0.02109375
2 0.1953125 0.321875 0.23046875 0.02109375
2 0.48515625 0.35625 0.815625 0.01953125
2 0.3859375 0.440625 0.6125 0.02421875
2 0.4828125 0.47265625 0.81328125 0.021875
2 0.4875 0.55625 0.81953125 0.02265625
2 0.48359375 0.5890625 0.8109375 0.0203125
2 0.24765625 0.67265625 0.3375 0.02421875
2 0.48359375 0.7046875 0.81328125 0.01953125
2 0.20703125 0.7890625 0.25625 0.0234375
2 0.4828125 0.82109375 0.815625 0.01953125
2 0.225 0.9 0.3 0.015625