5 0.484375 0.94375 0.96875 0.1125
23 0.01484375 0.9265625 0.0296875 0.028125
23 0.90859375 0.9859375 0.0640625 0.028125
2 0.45390625 0.95703125 0.2578125 0.0421875
11 0.4875 0.8765625 0.975 0.159375
32 0.46484375 0.875 0.9296875 0.1265625
11 0.5 0.51953125 1 0.6484375
2 0.47734375 0.74765625 0.9546875 0.0890625
2 0.078125 0.74921875 0.15625 0.0359375
2 0.084375 0.65859375 0.16875 0.0328125
2 0.09140625 0.47421875 0.1828125 0.03125
2 0.10625 0.26484375 0.1828125 0.03125
2 0.0875 0.56640625 0.175 0.0296875
2 0.48671875 0.65546875 0.9734375 0.0890625
2 0.4859375 0.378125 0.9515625 0.0875
2 0.09765625 0.38359375 0.18125 0.0296875
2 0.48984375 0.471875 0.9765625 0.0921875
2 0.5046875 0.35234375 0.9859375 0.0890625
2 0.50078125 0.259375 0.9671875 0.0875
2 0.49140625 0.56484375 0.9828125 0.0921875