5 0.0703125 0.4625 0.140625 0.925
2 0.028125 0.4359375 0.05625 0.278125
11 0.11875 0.46953125 0.2375 0.9390625
32 0.1109375 0.46875 0.221875 0.9375
11 0.49140625 0.5 0.7734375 1
2 0.246875 0.47734375 0.178125 0.9546875
2 0.14921875 0.87265625 0.0484375 0.15625
2 0.246875 0.884375 0.046875 0.1625
2 0.44453125 0.915625 0.04375 0.1609375
2 0.66875 0.93515625 0.04375 0.1296875
2 0.34453125 0.9 0.04375 0.1609375
2 0.3453125 0.48515625 0.178125 0.9703125
2 0.63984375 0.51796875 0.1765625 0.9640625
2 0.540625 0.925 0.04375 0.15
2 0.5421875 0.50546875 0.18125 0.9890625
2 0.6703125 0.515625 0.178125 0.96875
2 0.76875 0.5234375 0.178125 0.953125
2 0.44375 0.49375 0.18125 0.9875