5 0.5 0.03984375 1 0.0796875
23 0.06015625 0.04375 0.0453125 0.02421875
23 0.93515625 0.04296875 0.06171875 0.0296875
2 0.4953125 0.04453125 0.24765625 0.025
11 0.5 0.125 1 0.0859375
32 0.5 0.125 0.896875 0.06015625
11 0.5 0.47109375 1 0.5625
2 0.49609375 0.24921875 0.9421875 0.01875
2 0.10859375 0.21953125 0.1765625 0.021875
2 0.1109375 0.3078125 0.1828125 0.01796875
2 0.11015625 0.48671875 0.18359375 0.01796875
2 0.1109375 0.6921875 0.18046875 0.0171875
2 0.109375 0.396875 0.18359375 0.01640625
2 0.49765625 0.3390625 0.96328125 0.01875
2 0.48125 0.60625 0.93359375 0.01875
2 0.109375 0.57578125 0.1828125 0.0171875
2 0.49296875 0.5171875 0.95625 0.0203125
2 0.49609375 0.63359375 0.97109375 0.01953125
2 0.4875 0.7234375 0.9515625 0.01953125
2 0.4984375 0.42734375 0.96953125 0.021875