5 0.06328125 0.48046875 0.1265625 0.9609375
23 0.08125 0.04609375 0.03125 0.0671875
23 0.0125 0.8796875 0.025 0.05625
24 0.04609375 0.46328125 0.065625 0.3515625
32 0.1296875 0.4703125 0.134375 0.940625
11 0.21953125 0.47890625 0.1890625 0.946875
11 0.33671875 0.4890625 0.1875 0.95
11 0.45390625 0.49921875 0.1890625 0.946875
11 0.56953125 0.509375 0.1875 0.953125
11 0.6875 0.5203125 0.1890625 0.9546875
11 0.8015625 0.52734375 0.1875 0.9453125
11 0.8859375 0.53203125 0.121875 0.9359375
8 0.93203125 0.51875 0.1359375 0.9625
10 0.9703125 0.17421875 0.059375 0.2015625
23 0.97109375 0.175 0.0359375 0.065625
10 0.9625 0.41484375 0.0734375 0.1046875
23 0.94921875 0.41640625 0.0328125 0.0640625
10 0.93984375 0.6546875 0.075 0.11875
23 0.928125 0.65703125 0.0328125 0.0578125
10 0.91875 0.903125 0.0734375 0.1296875
23 0.90703125 0.90078125 0.0359375 0.0625
2 0.99296875 0.17734375 0.0140625 0.1703125
2 0.9796875 0.41953125 0.0203125 0.0640625
2 0.959375 0.65859375 0.0234375 0.084375
2 0.9375 0.9078125 0.0265625 0.1046875
2 0.225 0.23359375 0.053125 0.3640625
2 0.2375 0.465625 0.09375 0.81875
2 0.34609375 0.18125 0.0421875 0.2328125
2 0.3546875 0.47578125 0.090625 0.81875
2 0.4484375 0.38359375 0.078125 0.615625
2 0.471875 0.4828125 0.09375 0.8171875
2 0.55546875 0.49453125 0.09375 0.8234375
2 0.58828125 0.49453125 0.090625 0.8140625
2 0.69296875 0.26484375 0.0546875 0.3421875
2 0.70390625 0.5046875 0.0921875 0.8171875
2 0.81328125 0.234375 0.0453125 0.259375
2 0.82109375 0.51328125 0.0921875 0.81875
2 0.9234375 0.2625 0.0421875 0.303125