5 0.5 0.0328125 1 0.0640625
23 0.06015625 0.0375 0.06171875 0.02890625
2 0.49765625 0.03828125 0.278125 0.025
32 0.5 0.12265625 0.940625 0.05625
11 0.49765625 0.21484375 0.94140625 0.109375
11 0.4984375 0.33125 0.95 0.109375
11 0.4984375 0.4484375 0.94296875 0.10859375
11 0.5 0.56796875 0.93984375 0.1078125
11 0.50078125 0.684375 0.94140625 0.11015625
11 0.5 0.80078125 0.94296875 0.10859375
11 0.49765625 0.884375 0.93828125 0.040625
8 0.5 0.95234375 1 0.0953125
10 0.13515625 0.94765625 0.1984375 0.06796875
2 0.1359375 0.96796875 0.17265625 0.01796875
23 0.134375 0.93671875 0.0640625 0.0296875
10 0.37109375 0.9484375 0.09921875 0.065625
2 0.3765625 0.96875 0.07109375 0.0171875
23 0.3734375 0.93671875 0.07109375 0.0296875
10 0.6140625 0.95 0.1171875 0.06875
2 0.6140625 0.96875 0.08515625 0.01875
23 0.61328125 0.9375 0.06640625 0.02890625
10 0.8609375 0.94921875 0.12265625 0.06875
2 0.8625 0.96875 0.103125 0.01875
23 0.8578125 0.9375 0.0640625 0.03203125
2 0.484375 0.23046875 0.81953125 0.02421875
2 0.25703125 0.19765625 0.37109375 0.02421875
2 0.48359375 0.3484375 0.8140625 0.021875
2 0.1953125 0.3140625 0.24453125 0.025
2 0.48203125 0.46484375 0.82109375 0.025
2 0.38984375 0.434375 0.634375 0.02734375
2 0.48359375 0.5828125 0.82421875 0.02109375
2 0.4875 0.55 0.82578125 0.021875
2 0.48515625 0.70078125 0.82109375 0.021875
2 0.246875 0.66796875 0.334375 0.02578125
2 0.48515625 0.81796875 0.8140625 0.02109375
2 0.20703125 0.7859375 0.2609375 0.025
2 0.21953125 0.896875 0.296875 0.0171875