5 0.49609375 0.95625 0.9921875 0.0875
23 0.909375 0.9671875 0.065625 0.0265625
23 0.05703125 0.95234375 0.053125 0.0328125
24 0.48359375 0.959375 0.35625 0.04375
32 0.4875 0.87421875 0.9609375 0.071875
11 0.48671875 0.78203125 0.9578125 0.1265625
11 0.48828125 0.6625 0.9609375 0.125
11 0.490625 0.54453125 0.9578125 0.1265625
11 0.49296875 0.42578125 0.9640625 0.1234375
11 0.49296875 0.30625 0.9671875 0.125
11 0.49765625 0.1890625 0.9609375 0.1265625
11 0.50078125 0.10390625 0.95625 0.0578125
8 0.503125 0.0453125 0.99375 0.090625
10 0.8734375 0.04375 0.203125 0.071875
23 0.87265625 0.05625 0.065625 0.0328125
10 0.62890625 0.03984375 0.103125 0.0703125
23 0.62734375 0.053125 0.0625 0.0296875
10 0.384375 0.03671875 0.1171875 0.0703125
23 0.38046875 0.0484375 0.0578125 0.03125
10 0.13046875 0.0328125 0.1296875 0.065625
23 0.13203125 0.04453125 0.059375 0.0328125
2 0.87265625 0.025 0.171875 0.021875
2 0.6265625 0.021875 0.0625 0.0171875
2 0.3828125 0.0171875 0.084375 0.0171875
2 0.12890625 0.01328125 0.103125 0.0203125
2 0.734375 0.80234375 0.3703125 0.0296875
2 0.5015625 0.765625 0.834375 0.0359375
2 0.8 0.68671875 0.2359375 0.0265625
2 0.50390625 0.64609375 0.834375 0.034375
2 0.60703125 0.5609375 0.625 0.0359375
2 0.50859375 0.5265625 0.83125 0.0375
2 0.50546875 0.4421875 0.8375 0.0375
2 0.509375 0.40859375 0.828125 0.0359375
2 0.753125 0.328125 0.3453125 0.03125
2 0.51171875 0.290625 0.83125 0.034375
2 0.796875 0.209375 0.2625 0.028125
2 0.51484375 0.17109375 0.834375 0.034375
2 0.7796875 0.09609375 0.3078125 0.0203125