5 0.034375 0.503125 0.06875 0.99375
23 0.02578125 0.05625 0.03125 0.0625
2 0.03515625 0.5 0.0296875 0.2828125
32 0.1203125 0.50078125 0.0734375 0.9578125
11 0.2140625 0.496875 0.128125 0.9578125
11 0.33203125 0.49609375 0.128125 0.9671875
11 0.4515625 0.49375 0.1265625 0.9609375
11 0.5734375 0.49296875 0.1265625 0.9578125
11 0.69140625 0.4921875 0.1296875 0.9578125
11 0.8109375 0.4890625 0.1265625 0.9609375
11 0.8953125 0.48515625 0.0578125 0.953125
8 0.953125 0.49609375 0.09375 0.9921875
10 0.95234375 0.115625 0.071875 0.203125
2 0.97421875 0.115625 0.021875 0.175
23 0.94140625 0.1140625 0.0328125 0.065625
10 0.95859375 0.35546875 0.06875 0.1015625
2 0.97890625 0.36015625 0.01875 0.071875
23 0.94609375 0.3578125 0.0328125 0.071875
10 0.9640625 0.60234375 0.071875 0.1203125
2 0.9828125 0.6015625 0.0203125 0.0859375
23 0.95078125 0.6015625 0.03125 0.0671875
10 0.965625 0.85390625 0.06875 0.1265625
2 0.9875 0.8546875 0.0203125 0.10625
23 0.95546875 0.85078125 0.034375 0.065625
2 0.2296875 0.4828125 0.0390625 0.8328125
2 0.1921875 0.25234375 0.03125 0.378125
2 0.35078125 0.4796875 0.0359375 0.828125
2 0.31015625 0.1875 0.0296875 0.2484375
2 0.46796875 0.4765625 0.0390625 0.834375
2 0.43515625 0.38359375 0.0390625 0.6453125
2 0.5875 0.47578125 0.0359375 0.8375
2 0.55546875 0.48125 0.0359375 0.840625
2 0.7078125 0.475 0.0359375 0.834375
2 0.6703125 0.23359375 0.03125 0.340625
2 0.82734375 0.4734375 0.0359375 0.828125
2 0.78984375 0.190625 0.0296875 0.265625
2 0.90234375 0.20234375 0.021875 0.3015625