24 0.5 0.5 1 1
24 0.50078125 0.10546875 0.56328125 0.05625
2 0.4984375 0.90859375 0.42109375 0.02265625
11 0.49921875 0.5046875 0.9328125 0.6015625
2 0.21484375 0.2828125 0.20078125 0.0328125
2 0.37578125 0.32421875 0.521875 0.03046875
32 0.5 0.3984375 0.82578125 0.0578125
32 0.49921875 0.48203125 0.8265625 0.0578125
13 0.13359375 0.56328125 0.05625 0.028125
2 0.325 0.565625 0.25703125 0.02421875
2 0.73125 0.5671875 0.3125 0.02734375
10 0.5 0.65546875 0.825 0.0734375
2 0.5015625 0.65546875 0.14296875 0.02421875
2 0.50078125 0.740625 0.3765625 0.02578125