24 0.5 0.5 1 1
24 0.115625 0.41015625 0.18125 0.5609375
2 0.89765625 0.59375 0.115625 0.415625
11 0.50390625 0.5 0.7953125 1
2 0.22421875 0.72890625 0.0765625 0.2015625
2 0.30078125 0.58125 0.1484375 0.515625
32 0.40078125 0.47734375 0.2421875 0.8171875
32 0.48203125 0.496875 0.2421875 0.81875
13 0.47890625 0.87109375 0.040625 0.0609375
2 0.52421875 0.68515625 0.08125 0.2546875
2 0.6171875 0.28984375 0.0984375 0.3109375
10 0.6515625 0.53515625 0.2578125 0.8203125
2 0.6515625 0.53359375 0.05625 0.1453125
2 0.734375 0.553125 0.109375 0.371875