24 0.5 0.5 1 1
24 0.89453125 0.54765625 0.125 0.56875
2 0.09296875 0.4515625 0.0734375 0.4234375
11 0.4953125 0.5 0.715625 1
2 0.6828125 0.81171875 0.059375 0.2046875
2 0.6609375 0.6453125 0.0953125 0.525
32 0.60234375 0.5125 0.1609375 0.8328125
32 0.51875 0.503125 0.159375 0.8328125
13 0.3921875 0.85859375 0.034375 0.059375
2 0.41328125 0.6671875 0.05625 0.2609375
2 0.4625 0.2609375 0.065625 0.315625
10 0.3453125 0.48125 0.1734375 0.8328125
2 0.3453125 0.4796875 0.0421875 0.1453125
2 0.26015625 0.46953125 0.071875 0.378125