11 0.509375 0.53125 0.93671875 0.67265625
2 0.940625 0.82578125 0.03359375 0.0140625
10 0.9421875 0.825 0.05 0.0359375
2 0.140625 0.15390625 0.2015625 0.01796875
2 0.084375 0.12265625 0.090625 0.02109375
5 0.5 0.021875 1 0.04375
2 0.0609375 0.02265625 0.06796875 0.0203125
10 0.8890625 0.82421875 0.0484375 0.0375
2 0.8890625 0.82578125 0.02890625 0.01328125
3 0.01484375 0.52265625 0.028125 0.9546875
23 0.01484375 0.021875 0.01171875 0.0171875
23 0.90859375 0.02265625 0.0125 0.021875
7 0.9359375 0.02265625 0.01328125 0.02265625
7 0.9609375 0.021875 0.0203125 0.03515625
23 0.98515625 0.0234375 0.00546875 0.0234375
9 0.11171875 0.07109375 0.1453125 0.01796875
31 0.50859375 0.225 0.93203125 0.04921875
30 0.0734375 0.22265625 0.05625 0.034375
30 0.13203125 0.22265625 0.05234375 0.034375
30 0.19921875 0.22265625 0.06484375 0.0359375
2 0.0671875 0.21953125 0.03828125 0.01484375
2 0.1296875 0.21875 0.03828125 0.015625
2 0.19921875 0.21953125 0.0484375 0.0171875
2 0.18046875 0.37734375 0.25 0.01796875
2 0.07734375 0.34140625 0.04296875 0.01796875
2 0.0796875 0.30234375 0.0515625 0.02109375
29 0.1296875 0.43046875 0.14765625 0.03046875
33 0.5109375 0.53046875 0.91015625 0.11875