3 0.4875 0.9125 0.975 0.175
9 0.9515625 0.77265625 0.025 0.153125
2 0.89609375 0.8 0.025 0.090625
2 0.865625 0.73671875 0.028125 0.215625
11 0.4796875 0.421875 0.740625 0.84375
31 0.803125 0.425 0.0765625 0.83125
30 0.79140625 0.80703125 0.0328125 0.0609375
30 0.79453125 0.7453125 0.0328125 0.0578125
30 0.79609375 0.67578125 0.0328125 0.06875
2 0.79453125 0.81328125 0.015625 0.0375
2 0.796875 0.746875 0.0171875 0.0375
2 0.7984375 0.67421875 0.0171875 0.046875
2 0.7078125 0.7984375 0.0203125 0.05
2 0.6328125 0.6875 0.028125 0.2625
2 0.665625 0.7984375 0.0171875 0.0484375
29 0.5734375 0.7390625 0.0375 0.159375
33 0.47890625 0.40703125 0.1515625 0.8140625
10 0.18203125 0.05703125 0.0359375 0.0484375
10 0.1828125 0.01328125 0.0375 0.0265625
2 0.18046875 0.05703125 0.0171875 0.03125
2 0.18203125 0.009375 0.0171875 0.01875