11 0.5140625 0.5 0.928125 1
2 0.92734375 0.1546875 0.0234375 0.0390625
10 0.9265625 0.153125 0.05 0.0609375
2 0.03203125 0.79609375 0.0640625 0.1953125
10 0.91171875 0.2078125 0.0515625 0.059375
2 0.9140625 0.2078125 0.021875 0.034375
31 0.1984375 0.45859375 0.2875 0.9171875
30 0.084375 0.8875 0.0484375 0.0546875
30 0.0984375 0.8328125 0.05 0.0640625
30 0.11640625 0.76328125 0.053125 0.075
2 0.07890625 0.89453125 0.0234375 0.034375
2 0.09375 0.834375 0.025 0.04375
2 0.1125 0.7625 0.03125 0.0546875
2 0.2703125 0.821875 0.0828125 0.2609375
2 0.20625 0.91875 0.028125 0.046875
2 0.16796875 0.90625 0.034375 0.0546875
29 0.3125 0.88828125 0.0703125 0.159375
33 0.51171875 0.51875 0.3546875 0.9625