5 0.5 0.021875 1 0.04375
3 0.08046875 0.52265625 0.1609375 0.9546875
23 0.01484375 0.021875 0.0140625 0.021875
2 0.06015625 0.0234375 0.065625 0.021875
23 0.9078125 0.02265625 0.01171875 0.0203125
7 0.9359375 0.02265625 0.0125 0.0234375
7 0.9609375 0.02265625 0.0203125 0.0359375
23 0.9859375 0.02265625 0.00546875 0.0171875
9 0.24375 0.07109375 0.1453125 0.01953125
2 0.21640625 0.12265625 0.08671875 0.02109375
2 0.27578125 0.1546875 0.203125 0.01953125
11 0.58046875 0.53125 0.815625 0.67578125
31 0.58046875 0.225 0.80859375 0.04296875
30 0.20625 0.221875 0.05625 0.02890625
30 0.2640625 0.22109375 0.053125 0.02890625
30 0.33046875 0.221875 0.0640625 0.0296875
2 0.2 0.21875 0.03515625 0.01328125
2 0.26328125 0.21875 0.0359375 0.0140625
2 0.33203125 0.21953125 0.04453125 0.0140625
2 0.21171875 0.3015625 0.046875 0.01796875
2 0.3140625 0.3765625 0.24921875 0.01796875
2 0.21015625 0.3421875 0.04609375 0.015625
29 0.26328125 0.43046875 0.14921875 0.0296875
33 0.58203125 0.53125 0.784375 0.11640625
10 0.89609375 0.825 0.0453125 0.03203125
10 0.94921875 0.82578125 0.04765625 0.03515625
2 0.89609375 0.82578125 0.0296875 0.01484375
2 0.9484375 0.82734375 0.0328125 0.015625