11 0.48671875 0.5 0.9015625 1
2 0.08359375 0.09921875 0.0234375 0.0390625
10 0.08515625 0.10078125 0.046875 0.053125
2 0.95703125 0.78046875 0.0625 0.2140625
2 0.990625 0.8328125 0.01875 0.1
10 0.09609375 0.153125 0.05 0.059375
2 0.09453125 0.15234375 0.0203125 0.0328125
3 0.55625 0.93671875 0.8875 0.1265625
31 0.8046875 0.45234375 0.253125 0.9046875
30 0.90078125 0.86640625 0.0484375 0.065625
30 0.8875 0.80546875 0.0484375 0.0625
30 0.87265625 0.7359375 0.0515625 0.075
2 0.90546875 0.871875 0.0234375 0.04375
2 0.89296875 0.80703125 0.0234375 0.04375
2 0.87578125 0.7359375 0.0296875 0.0546875
2 0.71640625 0.7890625 0.0734375 0.2640625
2 0.7765625 0.88828125 0.028125 0.05
2 0.81640625 0.87734375 0.0328125 0.0578125
29 0.67265625 0.853125 0.0640625 0.159375
33 0.4859375 0.48203125 0.321875 0.9640625