5 0.47890625 0.9546875 0.9578125 0.090625
3 0.10859375 0.4609375 0.2171875 0.921875
2 0.0296875 0.93671875 0.059375 0.0296875
9 0.22421875 0.90234375 0.1578125 0.034375
2 0.2 0.8453125 0.0953125 0.0296875
2 0.26640625 0.81640625 0.21875 0.0390625
11 0.57890625 0.43984375 0.8421875 0.7953125
31 0.5703125 0.76796875 0.8140625 0.1171875
30 0.19765625 0.7375 0.0640625 0.0359375
30 0.2609375 0.74453125 0.059375 0.0359375
30 0.33046875 0.75 0.071875 0.0375
2 0.19140625 0.74140625 0.0390625 0.0171875
2 0.25859375 0.746875 0.0390625 0.01875
2 0.33203125 0.75234375 0.0484375 0.0203125
2 0.21171875 0.65390625 0.053125 0.0234375
2 0.328125 0.5828125 0.2671875 0.0421875
2 0.21328125 0.6109375 0.05 0.021875
29 0.27890625 0.5203125 0.1609375 0.0453125
33 0.6015625 0.440625 0.796875 0.19375
10 0.9828125 0.15703125 0.034375 0.0390625
2 0.9875 0.15625 0.025 0.01875