20 0.50234375 0.1296875 0.94140625 0.084375
20 0.50078125 0.228125 0.94296875 0.08125
20 0.50625 0.6109375 0.94296875 0.08046875
20 0.49921875 0.321875 0.946875 0.08203125
20 0.50625 0.51328125 0.940625 0.07890625
2 0.165625 0.51328125 0.18828125 0.0265625
20 0.50078125 0.70546875 0.946875 0.08671875
2 0.49765625 0.0375 0.28984375 0.025
2 0.24609375 0.22578125 0.35546875 0.03046875
2 0.16328125 0.41640625 0.17578125 0.0234375
5 0.5 0.0390625 1 0.0765625
2 0.18828125 0.321875 0.23984375 0.02578125
2 0.215625 0.6078125 0.284375 0.0265625
20 0.5046875 0.4171875 0.94296875 0.084375
2 0.2046875 0.12890625 0.27578125 0.03203125
2 0.13984375 0.70625 0.13515625 0.0328125
24 0.9390625 0.0390625 0.12109375 0.04453125
23 0.059375 0.0390625 0.053125 0.02890625
23 0.8875 0.12890625 0.0234375 0.015625
23 0.8875 0.225 0.0234375 0.01640625
23 0.8875 0.3203125 0.02421875 0.01640625
23 0.8875 0.41640625 0.02421875 0.01640625
23 0.8875 0.5125 0.02421875 0.01640625
23 0.8875 0.60859375 0.025 0.01640625
23 0.8875 0.70390625 0.025 0.0171875