20 0.48046875 0.1328125 0.9609375 0.15625
20 0.4859375 0.234375 0.971875 0.153125
20 0.5015625 0.63125 0.984375 0.153125
20 0.490625 0.33125 0.98125 0.153125
20 0.49453125 0.53046875 0.98125 0.15
2 0.84765625 0.50625 0.196875 0.0421875
20 0.509375 0.728125 0.98125 0.159375
2 0.46953125 0.0375 0.303125 0.046875
2 0.74296875 0.21328125 0.3703125 0.05625
2 0.84296875 0.40546875 0.184375 0.0375
5 0.484375 0.05546875 0.96875 0.1109375
2 0.81015625 0.309375 0.2515625 0.0453125
2 0.803125 0.60703125 0.2984375 0.0484375
20 0.490625 0.43125 0.98125 0.15625
2 0.7796875 0.11015625 0.2890625 0.0546875
2 0.8875 0.70390625 0.1421875 0.04375
24 0.03828125 0.06953125 0.0765625 0.0546875
23 0.921875 0.01171875 0.05625 0.0234375
23 0.07109375 0.16015625 0.0265625 0.0171875
23 0.078125 0.259375 0.0265625 0.0171875
23 0.08515625 0.359375 0.0265625 0.01875
23 0.0921875 0.4578125 0.0265625 0.01875
23 0.09921875 0.55703125 0.0265625 0.01875
23 0.10625 0.65703125 0.0265625 0.01875
23 0.11328125 0.7546875 0.028125 0.0203125