20 0.91015625 0.503125 0.1078125 0.99375
20 0.8046875 0.5015625 0.1046875 0.99375
20 0.39296875 0.49765625 0.1046875 0.9953125
20 0.70390625 0.5 0.1046875 0.99375
20 0.49765625 0.49765625 0.1015625 0.9953125
2 0.503125 0.12578125 0.03125 0.2015625
20 0.290625 0.49453125 0.109375 0.9890625
2 0.8109375 0.21796875 0.0390625 0.38125
2 0.60703125 0.125 0.028125 0.1890625
5 0.97890625 0.50390625 0.0421875 0.9921875
2 0.709375 0.15390625 0.0328125 0.25625
2 0.40078125 0.178125 0.0328125 0.30625
20 0.60078125 0.49921875 0.1078125 0.9953125
2 0.91640625 0.175 0.0390625 0.296875
2 0.296875 0.09453125 0.0375 0.1453125
24 0.98359375 0.94921875 0.0171875 0.1015625
23 0.903125 0.9078125 0.0171875 0.025
23 0.80078125 0.90625 0.0171875 0.025
23 0.69765625 0.90390625 0.0171875 0.0265625
23 0.59453125 0.90234375 0.01875 0.0265625
23 0.49140625 0.90078125 0.0171875 0.0265625
23 0.38828125 0.89921875 0.01875 0.0265625
23 0.2859375 0.896875 0.01875 0.028125