22 0.5171875 0.87265625 0.965625 0.2546875
10 0.521875 0.94140625 0.946875 0.1171875
2 0.5171875 0.96796875 0.378125 0.0640625
2 0.8921875 0.8015625 0.1671875 0.0421875
2 0.8078125 0.86015625 0.3296875 0.0625
2 0.184375 0.875 0.2953125 0.0578125
2 0.21953125 0.925 0.3515625 0.06875
11 0.5 0.52578125 1 0.6515625
11 0.478125 0.55234375 0.95 0.2
13 0.87265625 0.51171875 0.08125 0.0421875
2 0.59375 0.528125 0.434375 0.071875
2 0.325 0.5578125 0.0953125 0.025
2 0.19296875 0.57109375 0.1640625 0.0375
2 0.64921875 0.54921875 0.3234375 0.0546875
2 0.2734375 0.58984375 0.425 0.0640625
11 0.47265625 0.3859375 0.9453125 0.309375
23 0.8359375 0.28203125 0.0609375 0.0359375
2 0.5359375 0.31328125 0.48125 0.075
24 0.8453125 0.33203125 0.078125 0.0359375
2 0.53671875 0.36328125 0.49375 0.0703125
2 0.70078125 0.378125 0.1703125 0.0390625
10 0.46171875 0.45390625 0.3 0.0640625
2 0.4640625 0.45078125 0.2015625 0.04375
11 0.45859375 0.1390625 0.9171875 0.278125
24 0.43359375 0.12109375 0.4296875 0.1921875