11 0.128125 0.475 0.25625 0.95
24 0.11015625 0.47421875 0.190625 0.4390625
11 0.53125 0.5 0.665625 1
11 0.37265625 0.48828125 0.2921875 0.965625
24 0.27421875 0.8703125 0.0421875 0.09375
24 0.32265625 0.8734375 0.0359375 0.0984375
2 0.3 0.5734375 0.0671875 0.484375
2 0.34453125 0.62890625 0.053125 0.36875
2 0.36640625 0.72421875 0.040625 0.1828125
10 0.4359375 0.4984375 0.0703125 0.340625
2 0.4359375 0.49609375 0.0421875 0.2
11 0.53828125 0.49921875 0.1828125 0.9578125
13 0.50234375 0.903125 0.0421875 0.071875
2 0.5140625 0.62109375 0.059375 0.421875
2 0.53828125 0.3578125 0.021875 0.0921875
2 0.534375 0.6765625 0.0421875 0.3125
2 0.56875 0.30703125 0.0515625 0.421875
2 0.54765625 0.22734375 0.0328125 0.1578125
22 0.8890625 0.51484375 0.221875 0.9703125
2 0.846875 0.83203125 0.059375 0.3234375
2 0.89921875 0.24765625 0.0546875 0.3328125
2 0.9359375 0.53046875 0.128125 0.9390625
2 0.94765625 0.54140625 0.0546875 0.36875