11 0.4796875 0.8703125 0.90625 0.2578125
24 0.471875 0.8640625 0.4125 0.1640625
11 0.5 0.46484375 1 0.6015625
11 0.49296875 0.6171875 0.909375 0.2453125
24 0.12265625 0.65859375 0.0875 0.0359375
24 0.12578125 0.61171875 0.09375 0.0328125
2 0.40390625 0.6734375 0.4578125 0.0484375
2 0.35703125 0.625 0.3484375 0.0375
2 0.2703125 0.59140625 0.1734375 0.034375
10 0.4921875 0.55625 0.3234375 0.05625
2 0.49375 0.55625 0.1890625 0.034375
11 0.5046875 0.459375 0.90625 0.140625
13 0.12109375 0.440625 0.0671875 0.0375
2 0.3875 0.46640625 0.4 0.0421875
2 0.63828125 0.478125 0.084375 0.0171875
2 0.33828125 0.4390625 0.296875 0.03125
2 0.6890625 0.45703125 0.3984375 0.0359375
2 0.7609375 0.48671875 0.15 0.0265625
22 0.50859375 0.1078125 0.9828125 0.215625
2 0.23359375 0.1265625 0.3046875 0.04375
2 0.78828125 0.15546875 0.3140625 0.040625
2 0.5234375 0.0703125 0.8984375 0.1125
2 0.51875 0.0703125 0.3484375 0.040625