11 0.49921875 0.12890625 0.89609375 0.2109375
24 0.490625 0.13515625 0.40546875 0.14375
11 0.50078125 0.534375 0.99765625 0.55
11 0.49921875 0.3828125 0.9 0.1984375
24 0.13125 0.321875 0.0859375 0.03125
24 0.13203125 0.36875 0.0921875 0.02734375
2 0.41328125 0.321875 0.4578125 0.02421875
2 0.3640625 0.36796875 0.3484375 0.01875
2 0.27578125 0.396875 0.171875 0.02421875
10 0.4953125 0.44375 0.32109375 0.0390625
2 0.496875 0.44375 0.18828125 0.02421875
11 0.50234375 0.540625 0.90234375 0.09453125
13 0.11875 0.53984375 0.06484375 0.034375
2 0.3859375 0.52734375 0.39921875 0.021875
2 0.63671875 0.52890625 0.08515625 0.01328125
2 0.33515625 0.55234375 0.29609375 0.015625
2 0.68671875 0.553125 0.3984375 0.015625
2 0.76015625 0.5265625 0.14921875 0.01796875
22 0.5 0.90546875 1 0.1890625
2 0.2140625 0.85859375 0.30390625 0.02890625
2 0.76953125 0.859375 0.31328125 0.025
2 0.50078125 0.93046875 0.89765625 0.06484375
2 0.49609375 0.9296875 0.3484375 0.021875