22 0.5 0.8859375 1 0.228125
10 0.50078125 0.9296875 0.89609375 0.065625
2 0.4984375 0.93046875 0.35390625 0.025
2 0.13203125 0.809375 0.1546875 0.0234375
2 0.21640625 0.85703125 0.30703125 0.0265625
2 0.7984375 0.809375 0.27421875 0.025
2 0.77109375 0.85859375 0.32890625 0.03046875
11 0.5 0.515625 1 0.5140625
11 0.50234375 0.5390625 0.90234375 0.09296875
13 0.12265625 0.5390625 0.07265625 0.03203125
2 0.38359375 0.5265625 0.40703125 0.025
2 0.63671875 0.528125 0.0875 0.015625
2 0.76015625 0.5265625 0.1515625 0.01875
2 0.334375 0.55234375 0.303125 0.01953125
2 0.68828125 0.553125 0.3984375 0.01875
11 0.50078125 0.38203125 0.9 0.196875
23 0.13359375 0.32109375 0.05390625 0.0265625
2 0.41640625 0.32109375 0.45 0.02265625
24 0.13046875 0.36875 0.06953125 0.0265625
2 0.42109375 0.36796875 0.4625 0.0171875
2 0.26953125 0.39765625 0.1578125 0.01953125
10 0.5 0.44453125 0.2796875 0.03125
2 0.496875 0.4421875 0.1875 0.021875
11 0.5 0.12890625 0.9 0.2109375
24 0.49296875 0.1328125 0.38828125 0.13984375