22 0.84453125 0.53203125 0.3109375 0.9359375
10 0.91171875 0.5546875 0.1765625 0.890625
2 0.94921875 0.57578125 0.0953125 0.371875
2 0.8984375 0.17421875 0.05625 0.1640625
2 0.9296875 0.2703125 0.0890625 0.321875
2 0.76328125 0.85859375 0.0796875 0.2828125
2 0.8203125 0.83515625 0.096875 0.3296875
11 0.51953125 0.5 0.7203125 1
11 0.5453125 0.5015625 0.2765625 0.95
13 0.62109375 0.109375 0.0484375 0.0796875
2 0.55625 0.37734375 0.10625 0.425
2 0.50625 0.63828125 0.0328125 0.09375
2 0.48125 0.765625 0.0484375 0.159375
2 0.5921875 0.33125 0.08125 0.3171875
2 0.52265625 0.69609375 0.0984375 0.4140625
11 0.38359375 0.47578125 0.3828125 0.9515625
23 0.39453125 0.078125 0.0390625 0.0609375
2 0.3375 0.36953125 0.1125 0.4671875
24 0.44375 0.084375 0.0421875 0.078125
2 0.38515625 0.3828125 0.1109375 0.48125
2 0.44609375 0.23359375 0.0515625 0.1671875
10 0.4484375 0.48046875 0.0875 0.29375
2 0.446875 0.47734375 0.0609375 0.1984375
11 0.1609375 0.45078125 0.321875 0.9015625
24 0.128125 0.41015625 0.221875 0.4296875