8 0.5 0.95234375 1 0.0953125
10 0.6421875 0.953125 0.3015625 0.08125
2 0.62421875 0.965625 0.21875 0.01640625
23 0.62265625 0.9375 0.0484375 0.02109375
10 0.37890625 0.95390625 0.18984375 0.08125
23 0.3734375 0.93671875 0.05703125 0.0265625
2 0.3734375 0.965625 0.12109375 0.01484375
10 0.13828125 0.953125 0.24453125 0.07734375
2 0.125 0.96640625 0.12109375 0.015625
23 0.1265625 0.93671875 0.04921875 0.0234375
10 0.89453125 0.95234375 0.1796875 0.08203125
2 0.871875 0.965625 0.08046875 0.015625
23 0.87265625 0.9375 0.0546875 0.02734375
20 0.5 0.69375 0.9453125 0.0796875
2 0.2390625 0.6921875 0.1375 0.01875
2 0.2390625 0.60234375 0.1328125 0.021875
20 0.50078125 0.51171875 0.94765625 0.078125
2 0.34140625 0.5125 0.35390625 0.02421875
20 0.50078125 0.421875 0.94765625 0.08125
2 0.33046875 0.421875 0.325 0.02421875
23 0.1109375 0.42265625 0.0453125 0.02890625
23 0.115625 0.5125 0.05859375 0.03046875
23 0.1125 0.60234375 0.05703125 0.03203125
23 0.109375 0.69296875 0.05078125 0.03046875
20 0.5 0.603125 0.94765625 0.08125
11 0.50234375 0.228125 0.953125 0.29453125
2 0.49453125 0.3359375 0.3265625 0.0234375
2 0.496875 0.30234375 0.55625 0.02734375
24 0.5 0.196875 0.2875 0.1375
5 0.5 0.034375 1 0.06875
2 0.49609375 0.0328125 0.2484375 0.025
24 0.9390625 0.03359375 0.12109375 0.0453125