8 0.52265625 0.928125 0.9546875 0.14375
10 0.68203125 0.94296875 0.315625 0.1125
2 0.665625 0.95859375 0.225 0.0390625
23 0.66171875 0.9296875 0.0515625 0.0265625
10 0.40859375 0.96015625 0.2046875 0.0796875
23 0.40390625 0.95625 0.0625 0.034375
2 0.4078125 0.9859375 0.128125 0.028125
10 0.16875 0.971875 0.246875 0.05625
23 0.15 0.9828125 0.053125 0.0296875
10 0.921875 0.91484375 0.15625 0.1015625
2 0.9203125 0.93203125 0.084375 0.0234375
23 0.91875 0.903125 0.059375 0.034375
20 0.50859375 0.6921875 0.9796875 0.184375
2 0.2390625 0.71875 0.1453125 0.034375
2 0.2296875 0.62734375 0.1390625 0.0359375
20 0.490625 0.50546875 0.98125 0.1828125
2 0.32578125 0.52421875 0.365625 0.0625
20 0.48515625 0.41328125 0.9703125 0.1859375
2 0.30546875 0.4328125 0.3359375 0.059375
23 0.078125 0.45703125 0.05 0.034375
23 0.09375 0.5484375 0.0640625 0.0375
23 0.1 0.64140625 0.0625 0.0390625
23 0.10703125 0.734375 0.05625 0.0359375
20 0.4984375 0.6 0.9796875 0.1859375
11 0.48203125 0.2140625 0.9640625 0.40625
2 0.4640625 0.3265625 0.3390625 0.0609375
2 0.46328125 0.29140625 0.575 0.0875
24 0.4546875 0.1828125 0.3109375 0.171875
5 0.475 0.0515625 0.95 0.103125
2 0.43125 0.0203125 0.25625 0.040625