8 0.09921875 0.4453125 0.1984375 0.890625
10 0.04140625 0.53046875 0.0828125 0.3234375
2 0.0140625 0.5078125 0.028125 0.228125
23 0.02421875 0.5140625 0.0328125 0.053125
10 0.07578125 0.26015625 0.109375 0.2109375
23 0.08359375 0.25703125 0.040625 0.0640625
2 0.0546875 0.25078125 0.04375 0.128125
10 0.13046875 0.07265625 0.1171875 0.1453125
2 0.1125 0.02890625 0.04375 0.0578125
23 0.14140625 0.015625 0.0359375 0.03125
20 0.30390625 0.4703125 0.3046875 0.940625
2 0.36875 0.17734375 0.0515625 0.1453125
2 0.4609375 0.1984375 0.0546875 0.1421875
20 0.490625 0.49375 0.3046875 0.9859375
2 0.528125 0.325 0.109375 0.3703125
20 0.5828125 0.5109375 0.30625 0.978125
2 0.62421875 0.33515625 0.1015625 0.340625
23 0.6765625 0.10859375 0.040625 0.053125
23 0.5828125 0.0921875 0.0453125 0.06875
23 0.490625 0.06796875 0.046875 0.065625
23 0.39765625 0.04375 0.04375 0.059375
20 0.396875 0.48125 0.30625 0.9625
11 0.759375 0.521875 0.48125 0.95625
2 0.67421875 0.52421875 0.1015625 0.3421875
2 0.70859375 0.53515625 0.159375 0.578125
24 0.81640625 0.56328125 0.209375 0.3296875
5 0.91640625 0.5578125 0.1671875 0.884375
2 0.971875 0.59609375 0.05625 0.2578125