10 0.8671875 0.96015625 0.11328125 0.0609375
23 0.871875 0.94765625 0.0515625 0.02578125
10 0.62265625 0.9609375 0.24296875 0.0609375
2 0.6234375 0.97734375 0.21640625 0.015625
10 0.12265625 0.96171875 0.15078125 0.0609375
2 0.12421875 0.978125 0.121875 0.015625
2 0.496875 0.03046875 0.23984375 0.02109375
24 0.93671875 0.03125 0.12265625 0.04609375
11 0.5 0.37890625 0.94609375 0.35078125
2 0.47578125 0.3953125 0.6671875 0.0203125
10 0.371875 0.9609375 0.1484375 0.0625
2 0.3734375 0.97734375 0.11796875 0.01484375
8 0.5 0.9609375 1 0.078125
5 0.50078125 0.03359375 0.99765625 0.06640625
2 0.871875 0.97734375 0.0734375 0.01484375
23 0.12421875 0.9484375 0.0609375 0.02578125
23 0.371875 0.95 0.0625 0.0296875
23 0.62265625 0.94921875 0.0484375 0.02109375
23 0.10390625 0.43828125 0.05078125 0.03125
23 0.10234375 0.3953125 0.03671875 0.02578125
11 0.5015625 0.76328125 0.94921875 0.31171875
23 0.10234375 0.79921875 0.03671875 0.0265625
23 0.1015625 0.840625 0.0484375 0.0265625
2 0.46171875 0.43984375 0.603125 0.0203125
2 0.30625 0.51015625 0.45234375 0.021875
2 0.30546875 0.9109375 0.44296875 0.01640625
23 0.56640625 0.50703125 0.021875 0.01484375
23 0.56640625 0.9109375 0.02109375 0.01484375
2 0.4078125 0.84296875 0.503125 0.01875
2 0.4921875 0.7984375 0.6671875 0.02578125
19 0.50078125 0.871875 0.871875 0.00859375
19 0.49765625 0.46953125 0.86953125 0.00859375
2 0.23125 0.58125 0.39140625 0.02109375
2 0.24296875 0.17734375 0.41875 0.0203125
24 0.5015625 0.69140625 0.928125 0.153125
24 0.5 0.28671875 0.92421875 0.14375
32 0.5015625 0.11640625 0.94609375 0.071875