10 0.01640625 0.13203125 0.0328125 0.1203125
23 0.0125 0.12734375 0.025 0.0546875
10 0.02109375 0.38828125 0.0421875 0.2578125
10 0.03515625 0.9125 0.0484375 0.159375
2 0.9828125 0.48515625 0.03125 0.25
24 0.9640625 0.0453125 0.04375 0.090625
11 0.61875 0.49765625 0.4 0.9953125
2 0.60234375 0.5203125 0.046875 0.696875
10 0.0265625 0.65078125 0.05 0.159375
8 0.034375 0.5078125 0.06875 0.984375
5 0.9640625 0.4921875 0.071875 0.984375
23 0.0375 0.9078125 0.028125 0.065625
23 0.02578125 0.64921875 0.0328125 0.0671875
23 0.01875 0.38671875 0.0234375 0.05
23 0.5703125 0.91015625 0.034375 0.0546875
23 0.615625 0.9109375 0.0296875 0.0390625
11 0.2171875 0.50234375 0.359375 0.9953125
23 0.19453125 0.92578125 0.0296875 0.0390625
23 0.15078125 0.92734375 0.0296875 0.0515625
2 0.55625 0.53671875 0.04375 0.63125
2 0.4890625 0.7015625 0.0390625 0.471875
2 0.06953125 0.7171875 0.0328125 0.4625
23 0.48203125 0.4296875 0.015625 0.021875
23 0.06015625 0.44453125 0.015625 0.021875
2 0.1375 0.60703125 0.0375 0.525
2 0.18046875 0.51796875 0.0515625 0.696875
19 0.103125 0.51171875 0.040625 0.9109375
19 0.52421875 0.5 0.040625 0.909375
2 0.4171875 0.78203125 0.0359375 0.409375
2 0.83828125 0.75546875 0.0375 0.4375
24 0.2921875 0.50390625 0.19375 0.975
24 0.71484375 0.49140625 0.184375 0.9703125
32 0.8921875 0.48828125 0.109375 0.9765625