23 0.18828125 0.14609375 0.0578125 0.0390625
2 0.89375 0.3734375 0.203125 0.0609375
2 0.2140625 0.2171875 0.15625 0.0515625
2 0.1578125 0.2640625 0.0640625 0.0296875
19 0.54765625 0.26875 0.9046875 0.225
2 0.83828125 0.42109375 0.2875 0.084375
23 0.21875 0.278125 0.040625 0.0265625
19 0.54296875 0.32421875 0.9140625 0.2234375
19 0.534375 0.38046875 0.9203125 0.2234375
2 0.14609375 0.3203125 0.0703125 0.03125
19 0.52578125 0.4375 0.921875 0.2234375
23 0.19296875 0.38984375 0.0421875 0.025
2 0.8546875 0.54296875 0.1921875 0.059375
2 0.13203125 0.37578125 0.0640625 0.0296875
11 0.51171875 0.33984375 0.9765625 0.5328125
10 0.496875 0.5546875 0.9703125 0.284375
2 0.77421875 0.465625 0.390625 0.109375
2 0.75703125 0.27890625 0.4859375 0.1390625
2 0.503125 0.55546875 0.3234375 0.0921875
10 0.48203125 0.6375 0.9640625 0.2875
2 0.478125 0.6390625 0.20625 0.0671875
11 0.5515625 0.13984375 0.896875 0.2796875
23 0.98828125 0.23125 0.0234375 0.04375
2 0.64453125 0.146875 0.634375 0.16875
2 0.61953125 0.09765625 0.709375 0.1890625