23 0.87734375 0.2484375 0.05078125 0.02734375
23 0.89609375 0.02578125 0.0859375 0.03984375
2 0.17734375 0.3078125 0.19375 0.015625
2 0.83828125 0.3078125 0.14765625 0.01640625
2 0.88046875 0.36328125 0.059375 0.0140625
19 0.50625 0.28203125 0.90546875 0.009375
2 0.21875 0.36328125 0.275 0.01796875
23 0.82109375 0.36328125 0.03671875 0.01640625
19 0.50546875 0.33671875 0.89609375 0.01015625
19 0.5078125 0.390625 0.8921875 0.01171875
2 0.878125 0.41796875 0.0640625 0.01484375
19 0.50390625 0.4453125 0.89296875 0.01015625
23 0.82109375 0.47265625 0.03671875 0.01640625
2 0.17734375 0.47265625 0.1828125 0.015625
2 0.8796875 0.47265625 0.059375 0.0140625
11 0.5 0.353125 0.9578125 0.303125
10 0.5 0.5609375 0.9421875 0.06171875
2 0.26796875 0.41796875 0.375 0.01875
2 0.31953125 0.24921875 0.4734375 0.02578125
2 0.49921875 0.55859375 0.31015625 0.01796875
10 0.50078125 0.640625 0.94140625 0.065625
2 0.5046875 0.6421875 0.1953125 0.021875
11 0.50078125 0.13125 0.95 0.1109375
2 0.31953125 0.02734375 0.53984375 0.025
23 0.1 0.1515625 0.059375 0.02890625
23 0.10078125 0.11171875 0.03828125 0.025
2 0.45625 0.1515625 0.6109375 0.0234375
2 0.48984375 0.11171875 0.6828125 0.0265625