23 0.3265625 0.040625 0.0421875 0.0609375
23 0.10625 0.01015625 0.03125 0.0203125
2 0.23125 0.8015625 0.0609375 0.2109375
2 0.38203125 0.09609375 0.05 0.1609375
2 0.45078125 0.0640625 0.0296875 0.0671875
19 0.27734375 0.465625 0.2140625 0.93125
2 0.30078125 0.76953125 0.08125 0.296875
23 0.43671875 0.12734375 0.0265625 0.04375
19 0.3375 0.46875 0.215625 0.9375
19 0.39609375 0.471875 0.2140625 0.94375
2 0.5078125 0.078125 0.0296875 0.071875
19 0.453125 0.484375 0.2140625 0.95625
23 0.55390625 0.15234375 0.0265625 0.04375
2 0.4078125 0.8390625 0.0578125 0.1984375
2 0.5671875 0.0890625 0.0296875 0.0671875
11 0.3515625 0.49609375 0.53125 0.9921875
10 0.5734375 0.509375 0.275 0.98125
2 0.36953125 0.7296875 0.10625 0.4046875
2 0.20078125 0.63671875 0.134375 0.5125
2 0.57265625 0.515625 0.090625 0.334375
10 0.659375 0.51796875 0.278125 0.9640625
2 0.66328125 0.528125 0.06875 0.2125
11 0.1390625 0.459375 0.278125 0.91875
2 0.01875 0.5890625 0.0375 0.578125
23 0.04609375 0.84921875 0.04375 0.0703125
23 0.0109375 0.8390625 0.021875 0.046875
2 0.128125 0.46875 0.1625 0.65625
2 0.09296875 0.4234375 0.184375 0.7359375