10 0.96015625 0.09765625 0.0546875 0.1203125
23 0.9546875 0.09140625 0.028125 0.0546875
10 0.9703125 0.35 0.059375 0.253125
2 0.990625 0.34765625 0.0171875 0.221875
10 0.98125 0.8640625 0.0375 0.15625
2 0.02734375 0.5109375 0.03125 0.246875
24 0.01796875 0.06875 0.0359375 0.10625
11 0.38515625 0.4953125 0.39375 0.9859375
2 0.40234375 0.51875 0.0453125 0.6859375
10 0.975 0.6078125 0.05 0.15625
2 0.99609375 0.60546875 0.0078125 0.1203125
8 0.96171875 0.4921875 0.0765625 0.984375
5 0.040625 0.5078125 0.08125 0.984375
2 0.98125 0.09296875 0.0125 0.0734375
23 0.98203125 0.8609375 0.0265625 0.0640625
23 0.975 0.60625 0.0328125 0.065625
23 0.965625 0.3484375 0.0234375 0.05
23 0.46015625 0.9 0.0328125 0.0546875
23 0.415625 0.903125 0.028125 0.0390625
11 0.77734375 0.48671875 0.3546875 0.9734375
23 0.8296875 0.8890625 0.0296875 0.0390625
23 0.87265625 0.88828125 0.0296875 0.0515625
2 0.4484375 0.53125 0.04375 0.6203125
2 0.52578125 0.6890625 0.0375 0.465625
2 0.9375 0.6765625 0.0328125 0.45625
23 0.5140625 0.421875 0.015625 0.021875
23 0.92734375 0.4078125 0.015625 0.021875
2 0.8640625 0.57265625 0.0375 0.5171875
2 0.815625 0.4875 0.0484375 0.6875
19 0.890625 0.4765625 0.040625 0.896875
19 0.47734375 0.49375 0.040625 0.89375
2 0.6015625 0.7640625 0.0359375 0.403125
2 0.1875 0.765625 0.0375 0.43125
24 0.7046875 0.48203125 0.1890625 0.959375
24 0.28984375 0.4984375 0.1796875 0.9546875
32 0.115625 0.50234375 0.1078125 0.975