24 0.1109375 0.0484375 0.1078125 0.0609375
2 0.2359375 0.0484375 0.096875 0.03125
23 0.8984375 0.04921875 0.0765625 0.05
24 0.49921875 0.24453125 0.93828125 0.24453125
11 0.4984375 0.44375 0.94296875 0.1046875
11 0.50078125 0.571875 0.94453125 0.1078125
2 0.23515625 0.56953125 0.11328125 0.028125
2 0.821875 0.5703125 0.22109375 0.028125
11 0.49921875 0.7 0.94765625 0.1078125
2 0.24453125 0.7 0.13046875 0.0265625
2 0.80859375 0.6984375 0.2453125 0.02890625
2 0.83203125 0.44140625 0.20078125 0.028125
22 0.5 0.88828125 1 0.2234375
10 0.5 0.92109375 0.9015625 0.08671875
2 0.49609375 0.9234375 0.365625 0.028125
2 0.50078125 0.81875 0.66796875 0.028125
2 0.5015625 0.853125 0.44375 0.021875
2 0.33359375 0.44375 0.31484375 0.03828125
24 0.1125 0.4421875 0.08125 0.05390625
24 0.1109375 0.5703125 0.0734375 0.0453125
24 0.1125 0.7 0.075 0.0453125