24 0.93828125 0.921875 0.11875 0.075
2 0.8078125 0.9359375 0.1046875 0.04375
23 0.11875 0.98828125 0.084375 0.0234375
24 0.5078125 0.7609375 0.984375 0.35625
11 0.49609375 0.55546875 0.9875 0.2109375
11 0.48671875 0.42109375 0.9734375 0.2140625
2 0.75234375 0.3953125 0.1203125 0.040625
2 0.1421875 0.459375 0.2328125 0.053125
11 0.48125 0.28984375 0.9625 0.2140625
2 0.7296875 0.26171875 0.1390625 0.0421875
2 0.14296875 0.325 0.2578125 0.0578125
2 0.14609375 0.59296875 0.2109375 0.0515625
22 0.4828125 0.1296875 0.965625 0.259375
10 0.45625 0.0765625 0.9125 0.153125
2 0.4421875 0.05703125 0.3828125 0.06875
2 0.44921875 0.165625 0.6984375 0.103125
2 0.44453125 0.13046875 0.4640625 0.071875
2 0.66328125 0.5359375 0.33125 0.075
24 0.89453125 0.5140625 0.0890625 0.0640625
24 0.88125 0.38125 0.08125 0.0546875
24 0.86640625 0.246875 0.0828125 0.0546875