24 0.52265625 0.20625 0.9546875 0.4125
11 0.50859375 0.39921875 0.9828125 0.3046875
11 0.496875 0.540625 0.99375 0.309375
2 0.7890625 0.596875 0.128125 0.0546875
2 0.14609375 0.47265625 0.2484375 0.078125
11 0.48359375 0.6796875 0.9671875 0.309375
2 0.75234375 0.7375 0.15 0.0578125
2 0.1359375 0.61484375 0.271875 0.0828125
2 0.1625 0.3296875 0.2265625 0.0734375
22 0.46953125 0.83515625 0.9390625 0.3296875
10 0.45859375 0.890625 0.9171875 0.21875
2 0.42890625 0.92890625 0.4078125 0.109375
2 0.4453125 0.81328125 0.7390625 0.1734375
2 0.4375 0.85078125 0.490625 0.11875
2 0.7078125 0.43828125 0.353125 0.1078125
24 0.95078125 0.4828125 0.0984375 0.075
24 0.92578125 0.62421875 0.0890625 0.0640625
24 0.89609375 0.765625 0.0921875 0.065625