18 0.50078125 0.48046875 0.74140625 0.7953125
2 0.3828125 0.15 0.390625 0.04765625
27 0.353125 0.26015625 0.3328125 0.04609375
27 0.296875 0.32265625 0.2140625 0.04453125
27 0.334375 0.3828125 0.2875 0.0421875
27 0.315625 0.44375 0.24609375 0.04296875
27 0.296875 0.50625 0.21171875 0.04453125
27 0.30234375 0.5671875 0.2203125 0.04140625
27 0.28359375 0.62890625 0.1859375 0.04296875
27 0.2796875 0.68984375 0.178125 0.04140625
27 0.29296875 0.75 0.20625 0.0421875
2 0.2453125 0.8265625 0.11640625 0.025
2 0.39765625 0.8265625 0.09140625 0.0265625