18 0.478125 0.48828125 0.9140625 0.8625
2 0.1453125 0.328125 0.0921875 0.4140625
27 0.2640625 0.31015625 0.084375 0.353125
27 0.3359375 0.25703125 0.0703125 0.228125
27 0.3953125 0.30390625 0.075 0.30625
27 0.4609375 0.28984375 0.071875 0.2625
27 0.528125 0.27734375 0.0703125 0.225
27 0.59140625 0.290625 0.0671875 0.234375
27 0.6578125 0.278125 0.065625 0.1984375
27 0.72265625 0.28046875 0.0625 0.190625
27 0.78359375 0.30078125 0.065625 0.2203125
2 0.86875 0.259375 0.0390625 0.1234375
2 0.85234375 0.41875 0.0375 0.1