18 0.50390625 0.51640625 0.875 0.91875
2 0.42890625 0.8703125 0.4078125 0.10625
27 0.38359375 0.7625 0.346875 0.09375
27 0.31640625 0.70625 0.2265625 0.0765625
27 0.346875 0.6390625 0.3 0.084375
27 0.31796875 0.5796875 0.259375 0.0796875
27 0.290625 0.51953125 0.2234375 0.0765625
27 0.28671875 0.45546875 0.23125 0.075
27 0.25859375 0.39609375 0.196875 0.0703125
27 0.24609375 0.33359375 0.1890625 0.06875
27 0.25078125 0.27109375 0.21875 0.0734375
2 0.19140625 0.19921875 0.121875 0.0421875
2 0.34765625 0.1765625 0.0984375 0.040625