10 0.8984375 0.14375 0.203125 0.1375
10 0.615625 0.0640625 0.284375 0.128125
10 0.29140625 0.0234375 0.2765625 0.046875
10 0.88828125 0.2421875 0.2234375 0.128125
10 0.5890625 0.1625 0.284375 0.1359375
10 0.26484375 0.08125 0.2734375 0.128125
10 0.87421875 0.3421875 0.2515625 0.1375
10 0.56796875 0.26171875 0.28125 0.1296875
10 0.240625 0.18125 0.2734375 0.128125
10 0.2140625 0.28125 0.2703125 0.1265625
10 0.86171875 0.44296875 0.2765625 0.1359375
10 0.5421875 0.36171875 0.2796875 0.128125
10 0.8328125 0.575 0.2890625 0.1390625
10 0.5109375 0.49453125 0.290625 0.140625
10 0.1859375 0.41328125 0.290625 0.140625
10 0.80859375 0.66875 0.284375 0.1234375
10 0.48671875 0.5875 0.2828125 0.125
10 0.16015625 0.50703125 0.2953125 0.1265625
10 0.778125 0.79140625 0.2890625 0.14375
10 0.45546875 0.71171875 0.2828125 0.1296875
10 0.13359375 0.63125 0.2671875 0.125
10 0.7546875 0.89140625 0.290625 0.14375
10 0.43125 0.8125 0.2828125 0.1296875
10 0.121875 0.73046875 0.24375 0.1296875
10 0.72890625 0.96015625 0.2859375 0.0796875
10 0.40546875 0.9109375 0.2796875 0.1296875
10 0.10859375 0.8296875 0.2171875 0.128125
2 0.915625 0.1375 0.1390625 0.0609375
23 0.99296875 0.15859375 0.0140625 0.0359375
23 0.6828125 0.08046875 0.0484375 0.034375
23 0.35859375 0.009375 0.0515625 0.01875
2 0.58828125 0.0578125 0.128125 0.0578125
2 0.56484375 0.15625 0.125 0.053125
2 0.24140625 0.07578125 0.1265625 0.0546875
2 0.890625 0.23828125 0.1328125 0.0578125
2 0.8640625 0.3375 0.1296875 0.0578125
2 0.5390625 0.25546875 0.1265625 0.05625
2 0.21484375 0.17421875 0.13125 0.059375
2 0.19296875 0.2734375 0.13125 0.0578125
2 0.515625 0.3546875 0.1296875 0.0578125
2 0.84140625 0.4359375 0.1359375 0.059375
2 0.4828125 0.4875 0.1296875 0.0578125
2 0.16015625 0.40703125 0.13125 0.0578125
2 0.80703125 0.56875 0.13125 0.059375
2 0.784375 0.6609375 0.134375 0.0578125
2 0.46015625 0.578125 0.13125 0.0578125
2 0.13671875 0.5 0.134375 0.0578125
2 0.7515625 0.78515625 0.128125 0.0578125
2 0.42734375 0.7046875 0.13125 0.0578125
2 0.10390625 0.62421875 0.1296875 0.053125
2 0.0796875 0.725 0.1328125 0.059375
2 0.4046875 0.80546875 0.1296875 0.0546875
2 0.7265625 0.88515625 0.1265625 0.0546875
2 0.70234375 0.97890625 0.1296875 0.0421875
2 0.3765625 0.90390625 0.128125 0.0578125
2 0.059375 0.82421875 0.11875 0.0578125
23 0.98046875 0.2609375 0.0390625 0.034375
23 0.65703125 0.1796875 0.0453125 0.03125
23 0.33359375 0.0984375 0.040625 0.0296875
23 0.96015625 0.3609375 0.0515625 0.0359375
23 0.6328125 0.28046875 0.0484375 0.034375
23 0.309375 0.19765625 0.0453125 0.0359375
23 0.934375 0.46015625 0.046875 0.034375
23 0.6078125 0.378125 0.0421875 0.0328125
23 0.28515625 0.29765625 0.046875 0.0375
23 0.25390625 0.43046875 0.0484375 0.0359375
23 0.57734375 0.51015625 0.0515625 0.034375
23 0.90234375 0.5921875 0.0484375 0.0359375
23 0.878125 0.68515625 0.05 0.0375
23 0.55234375 0.603125 0.0484375 0.034375
23 0.22890625 0.52265625 0.0453125 0.03125
23 0.84453125 0.809375 0.0453125 0.0328125
23 0.5203125 0.728125 0.04375 0.03125
23 0.19609375 0.64609375 0.0421875 0.0328125
23 0.81953125 0.90859375 0.04375 0.0328125
23 0.49453125 0.82734375 0.0453125 0.034375
23 0.17109375 0.746875 0.0421875 0.0328125
23 0.79609375 0.996875 0.0453125 0.00625
23 0.46953125 0.92734375 0.0453125 0.0328125
23 0.146875 0.84765625 0.0484375 0.0328125