10 0.809375 0.1171875 0.125 0.234375
10 0.8796875 0.40625 0.1203125 0.26875
10 0.94609375 0.71015625 0.1078125 0.2609375
10 0.715625 0.12578125 0.115625 0.2515625
10 0.78671875 0.42890625 0.121875 0.2671875
10 0.85703125 0.73515625 0.1171875 0.2578125
10 0.621875 0.14296875 0.125 0.26875
10 0.6921875 0.44765625 0.1171875 0.2640625
10 0.76328125 0.75625 0.115625 0.2578125
10 0.66796875 0.7796875 0.1171875 0.2546875
10 0.5265625 0.16328125 0.1234375 0.2671875
10 0.59921875 0.4703125 0.115625 0.2625
10 0.403125 0.19375 0.1265625 0.271875
10 0.47265625 0.49765625 0.1296875 0.271875
10 0.54375 0.803125 0.1296875 0.2734375
10 0.3140625 0.21484375 0.109375 0.2640625
10 0.38359375 0.51796875 0.1109375 0.265625
10 0.45546875 0.82734375 0.1140625 0.2796875
10 0.1984375 0.24140625 0.128125 0.26875
10 0.2671875 0.546875 0.1171875 0.2671875
10 0.3375 0.84921875 0.1125 0.2515625
10 0.10390625 0.2625 0.1296875 0.271875
10 0.171875 0.5671875 0.11875 0.2671875
10 0.24375 0.871875 0.11875 0.25625
10 0.0359375 0.284375 0.071875 0.26875
10 0.0796875 0.5890625 0.11875 0.2625
10 0.15078125 0.88359375 0.1171875 0.2328125
2 0.815625 0.1234375 0.05625 0.1296875
23 0.79609375 0.0359375 0.0328125 0.0421875
23 0.865625 0.34296875 0.0328125 0.0453125
23 0.9359375 0.64765625 0.034375 0.0484375
2 0.88515625 0.43203125 0.05 0.1203125
2 0.95546875 0.73828125 0.05 0.1171875
2 0.7921875 0.4515625 0.0484375 0.1171875
2 0.8625 0.75703125 0.0484375 0.11875
2 0.7203125 0.1453125 0.0515625 0.125
2 0.6265625 0.16796875 0.0515625 0.121875
2 0.69765625 0.47421875 0.05 0.11875
2 0.76875 0.78046875 0.0546875 0.1234375
2 0.675 0.7984375 0.053125 0.121875
2 0.60390625 0.49453125 0.053125 0.121875
2 0.5328125 0.18828125 0.053125 0.128125
2 0.478125 0.5234375 0.0515625 0.121875
2 0.5484375 0.82890625 0.0515625 0.1234375
2 0.40859375 0.21796875 0.053125 0.125
2 0.32109375 0.2375 0.0515625 0.125
2 0.39375 0.54375 0.053125 0.121875
2 0.4609375 0.8484375 0.0515625 0.125
2 0.203125 0.26640625 0.053125 0.121875
2 0.27265625 0.57265625 0.0515625 0.121875
2 0.34296875 0.8765625 0.0484375 0.1203125
2 0.25 0.8984375 0.0515625 0.125
2 0.17890625 0.5921875 0.05 0.121875
2 0.10859375 0.28828125 0.0515625 0.121875
2 0.01953125 0.309375 0.0390625 0.121875
2 0.08515625 0.61640625 0.0515625 0.121875
2 0.1546875 0.9203125 0.0515625 0.1234375
23 0.70078125 0.0578125 0.03125 0.0421875
23 0.771875 0.36484375 0.0296875 0.0421875
23 0.84140625 0.66953125 0.028125 0.0375
23 0.60546875 0.078125 0.03125 0.046875
23 0.6765625 0.3859375 0.03125 0.0453125
23 0.7484375 0.69140625 0.0328125 0.0421875
23 0.51171875 0.1 0.0328125 0.04375
23 0.58359375 0.40859375 0.0328125 0.0390625
23 0.65390625 0.71328125 0.0328125 0.0421875
23 0.52890625 0.73984375 0.0328125 0.0453125
23 0.45859375 0.43515625 0.03125 0.046875
23 0.3875 0.128125 0.0328125 0.0453125
23 0.3 0.15 0.034375 0.0484375
23 0.37109375 0.45703125 0.03125 0.0453125
23 0.4421875 0.76171875 0.028125 0.040625
23 0.18203125 0.17890625 0.0296875 0.04375
23 0.253125 0.48359375 0.0296875 0.0421875
23 0.32421875 0.790625 0.0328125 0.040625
23 0.08828125 0.2015625 0.0296875 0.0421875
23 0.159375 0.50625 0.03125 0.0421875
23 0.23046875 0.8125 0.0328125 0.040625
23 0.003125 0.221875 0.00625 0.040625
23 0.06484375 0.5296875 0.0296875 0.0421875
23 0.13515625 0.8328125 0.0296875 0.04375