10 0.1953125 0.12265625 0.25234375 0.0671875
10 0.5 0.1234375 0.25390625 0.06015625
10 0.8046875 0.1234375 0.24609375 0.0609375
10 0.1953125 0.2171875 0.2453125 0.059375
10 0.5015625 0.2171875 0.2515625 0.06484375
10 0.80703125 0.2171875 0.24296875 0.06015625
10 0.19453125 0.3109375 0.25078125 0.0671875
10 0.4984375 0.3109375 0.25 0.059375
10 0.80703125 0.3109375 0.24375 0.059375
10 0.8078125 0.40625 0.240625 0.06015625
10 0.19296875 0.40546875 0.25234375 0.06484375
10 0.49921875 0.4046875 0.24921875 0.05859375
10 0.19453125 0.5296875 0.25546875 0.06640625
10 0.49765625 0.5296875 0.25625 0.06953125
10 0.803125 0.5296875 0.25703125 0.06875
10 0.1953125 0.61875 0.253125 0.05234375
10 0.4984375 0.61796875 0.25234375 0.053125
10 0.80625 0.61875 0.26640625 0.0515625
10 0.1953125 0.734375 0.253125 0.0703125
10 0.49921875 0.73515625 0.2515625 0.059375
10 0.80234375 0.73515625 0.23828125 0.0578125
10 0.19453125 0.828125 0.25546875 0.0703125
10 0.4984375 0.8296875 0.2515625 0.06015625
10 0.80625 0.82890625 0.24765625 0.06015625
10 0.1953125 0.92265625 0.253125 0.06796875
10 0.49921875 0.92265625 0.2484375 0.0609375
10 0.80625 0.92265625 0.24453125 0.06015625
2 0.21796875 0.1234375 0.1234375 0.02734375
23 0.13046875 0.12265625 0.03671875 0.02421875
23 0.4375 0.1234375 0.040625 0.0234375
23 0.74140625 0.1234375 0.0421875 0.025
2 0.52578125 0.12421875 0.1140625 0.025
2 0.83203125 0.125 0.11171875 0.0234375
2 0.525 0.2171875 0.1125 0.02265625
2 0.8296875 0.2171875 0.1140625 0.02265625
2 0.21796875 0.21796875 0.11796875 0.0234375
2 0.21953125 0.31171875 0.115625 0.025
2 0.525 0.31171875 0.11328125 0.02421875
2 0.83046875 0.31171875 0.1171875 0.0265625
2 0.828125 0.40390625 0.11640625 0.02578125
2 0.52421875 0.40546875 0.115625 0.02578125
2 0.21796875 0.4046875 0.12109375 0.025
2 0.52421875 0.5296875 0.115625 0.025
2 0.828125 0.5296875 0.1171875 0.025
2 0.21875 0.5296875 0.11796875 0.02578125
2 0.21875 0.6171875 0.11953125 0.02421875
2 0.52421875 0.61484375 0.11640625 0.02578125
2 0.828125 0.6171875 0.11953125 0.025
2 0.2203125 0.734375 0.11484375 0.02578125
2 0.52578125 0.73515625 0.11640625 0.02578125
2 0.82890625 0.73515625 0.11640625 0.021875
2 0.82890625 0.82890625 0.11875 0.025
2 0.5234375 0.82890625 0.1171875 0.02265625
2 0.2203125 0.82890625 0.11484375 0.02421875
2 0.21953125 0.92421875 0.115625 0.025
2 0.5265625 0.9234375 0.11484375 0.025
2 0.82890625 0.92421875 0.11640625 0.025
23 0.13125 0.2171875 0.0375 0.02265625
23 0.4375 0.2171875 0.0359375 0.0203125
23 0.7421875 0.21796875 0.0328125 0.01953125
23 0.1296875 0.31171875 0.0421875 0.021875
23 0.43671875 0.3125 0.03984375 0.02265625
23 0.7421875 0.31015625 0.0375 0.02421875
23 0.13046875 0.40625 0.03828125 0.0234375
23 0.4375 0.40546875 0.03359375 0.0234375
23 0.74140625 0.4046875 0.0375 0.025
23 0.73984375 0.5296875 0.040625 0.02421875
23 0.43515625 0.5296875 0.0421875 0.021875
23 0.1296875 0.5296875 0.0390625 0.02421875
23 0.13046875 0.6171875 0.04140625 0.025
23 0.43671875 0.6171875 0.03984375 0.02265625
23 0.74140625 0.6171875 0.03671875 0.0203125
23 0.1328125 0.73515625 0.0375 0.02109375
23 0.4375 0.73515625 0.03515625 0.02109375
23 0.74296875 0.734375 0.03515625 0.0234375
23 0.1328125 0.82890625 0.0359375 0.02109375
23 0.43828125 0.82890625 0.03671875 0.02265625
23 0.74296875 0.828125 0.03515625 0.0234375
23 0.13203125 0.9234375 0.03671875 0.0203125
23 0.43984375 0.9234375 0.03671875 0.02109375
23 0.7421875 0.9234375 0.040625 0.021875