11 0.67578125 0.5 0.6109375 1
2 0.89921875 0.23828125 0.075 0.2375
2 0.77734375 0.9015625 0.0609375 0.196875
11 0.26796875 0.49140625 0.5359375 0.9828125
2 0.334375 0.8390625 0.0625 0.2375
2 0.45703125 0.15 0.0671875 0.2171875
24 0.790625 0.30859375 0.1796875 0.43125
24 0.34609375 0.22265625 0.184375 0.434375
23 0.53125 0.41953125 0.0203125 0.025
23 0.08671875 0.34140625 0.021875 0.025
2 0.565625 0.22265625 0.0828125 0.321875
2 0.11875 0.15078125 0.08125 0.3015625
2 0.68125 0.15546875 0.046875 0.1453125
2 0.63515625 0.1734375 0.0578125 0.209375
2 0.675 0.46953125 0.0421875 0.146875
2 0.5625 0.83359375 0.0828125 0.321875
2 0.6296875 0.72109375 0.034375 0.1109375
2 0.2390625 0.075 0.0453125 0.1453125
2 0.11875 0.7546875 0.0796875 0.3234375
2 0.675 0.86015625 0.0875 0.2796875
2 0.71796875 0.84609375 0.0796875 0.3078125
2 0.51328125 0.8625 0.06875 0.259375
2 0.18984375 0.1 0.0578125 0.2
10 0.04921875 0.66640625 0.0984375 0.4859375
2 0.06875 0.7828125 0.06875 0.259375
2 0.22890625 0.40078125 0.040625 0.1453125
2 0.2328125 0.7859375 0.0890625 0.303125
2 0.2734375 0.78125 0.0796875 0.3296875
23 0.19921875 0.5578125 0.0421875 0.0609375
2 0.18359375 0.646875 0.0328125 0.08125
2 0.58828125 0.95 0.0359375 0.1
2 0.71796875 0.22421875 0.0328125 0.0890625
2 0.1453125 0.87109375 0.0375 0.1078125
2 0.27265625 0.14375 0.0375 0.090625
2 0.471875 0.7453125 0.04375 0.1
2 0.02734375 0.66796875 0.0359375 0.0875
10 0.47421875 0.7515625 0.140625 0.496875
32 0.9515625 0.334375 0.096875 0.509375
32 0.896875 0.79921875 0.1625 0.4015625
23 0.290625 0.05 0.0421875 0.06875
23 0.73515625 0.12734375 0.034375 0.0625
23 0.24921875 0.2734375 0.046875 0.0625
23 0.16171875 0.7734375 0.0453125 0.0671875
23 0.60703125 0.85234375 0.04375 0.06875
23 0.696875 0.34609375 0.0453125 0.0609375
23 0.646875 0.61640625 0.0453125 0.0703125