11 0.39921875 0.5 0.6046875 1
2 0.17578125 0.20625 0.0734375 0.234375
2 0.2953125 0.878125 0.0609375 0.225
11 0.76796875 0.48515625 0.4640625 0.9703125
2 0.73359375 0.80078125 0.0625 0.234375
2 0.61328125 0.11875 0.0640625 0.2140625
24 0.2828125 0.27578125 0.178125 0.4265625
24 0.721875 0.20234375 0.18125 0.4046875
5 0.084375 0.540625 0.16875 0.91875
24 0.11875 0.98671875 0.06875 0.0265625
23 0.5390625 0.3859375 0.0203125 0.025
23 0.97109375 0.30703125 0.0078125 0.021875
2 0.50546875 0.19140625 0.08125 0.31875
2 0.93515625 0.13515625 0.0609375 0.2703125
2 0.390625 0.12421875 0.046875 0.14375
2 0.43671875 0.1421875 0.0578125 0.20625
2 0.39765625 0.4359375 0.0421875 0.1453125
2 0.50859375 0.79609375 0.0796875 0.31875
2 0.4421875 0.68359375 0.034375 0.1109375
2 0.82734375 0.0578125 0.0453125 0.115625
2 0.946875 0.7171875 0.078125 0.3203125
2 0.396875 0.83125 0.084375 0.2953125
2 0.3546875 0.821875 0.0796875 0.3296875
2 0.5578125 0.8234375 0.065625 0.25625
2 0.87734375 0.08515625 0.0578125 0.1703125
10 0.9828125 0.63125 0.034375 0.475
2 0.98125 0.74375 0.0375 0.25625
2 0.83828125 0.3671875 0.040625 0.14375
2 0.834375 0.7484375 0.0890625 0.2984375
2 0.79453125 0.74375 0.078125 0.3265625
23 0.8671875 0.5234375 0.040625 0.0609375
2 0.8828125 0.61015625 0.0328125 0.08125
2 0.4828125 0.91171875 0.0359375 0.1
2 0.35546875 0.1921875 0.0328125 0.0890625
2 0.921875 0.8328125 0.034375 0.1046875
2 0.7953125 0.11328125 0.0375 0.090625
2 0.5984375 0.7078125 0.0421875 0.1
10 0.5984375 0.71484375 0.1375 0.4921875
2 0.05625 0.571875 0.090625 0.396875
2 0.02890625 0.58046875 0.0578125 0.2078125
32 0.08984375 0.309375 0.1640625 0.4875
32 0.178125 0.78046875 0.165625 0.4390625
23 0.778125 0.0265625 0.040625 0.053125
23 0.3375 0.09609375 0.0328125 0.0625
23 0.81796875 0.240625 0.0453125 0.0609375
23 0.9046875 0.7359375 0.04375 0.065625
23 0.46484375 0.81328125 0.0421875 0.0671875
23 0.37578125 0.31328125 0.04375 0.0609375
23 0.425 0.5796875 0.04375 0.0703125