11 0.7140625 0.48515625 0.459375 0.9703125
11 0.165625 0.534375 0.33125 0.93125
32 0.21953125 0.78359375 0.1578125 0.43125
2 0.15703125 0.81171875 0.0953125 0.3765625
2 0.090625 0.93046875 0.05625 0.1390625
22 0.89375 0.4578125 0.2125 0.915625
10 0.8859375 0.20390625 0.146875 0.4078125
11 0.41015625 0.50234375 0.5078125 0.9953125
32 0.13046875 0.3359375 0.1578125 0.43125
2 0.359375 0.8859375 0.0609375 0.1875
13 0.37890625 0.67265625 0.146875 0.584375
13 0.44375 0.71640625 0.125 0.4765625
13 0.49296875 0.6640625 0.140625 0.559375
13 0.565625 0.73046875 0.10625 0.3859375
2 0.69140625 0.81640625 0.065625 0.19375
13 0.74375 0.7734375 0.0734375 0.2421875
13 0.8 0.77421875 0.071875 0.209375
13 0.85390625 0.74765625 0.078125 0.2515625
2 0.8875 0.18671875 0.059375 0.2
10 0.95 0.64453125 0.1 0.4578125
2 0.9734375 0.64453125 0.053125 0.1921875