11 0.5015625 0.37734375 0.95234375 0.403125
2 0.18515625 0.2234375 0.21484375 0.03046875
2 0.8140625 0.22421875 0.20703125 0.01875
11 0.5 0.7890625 0.9484375 0.40546875
2 0.8140625 0.63359375 0.215625 0.01953125
2 0.1765625 0.63359375 0.19609375 0.0265625
24 0.265625 0.309375 0.38203125 0.09921875
24 0.259375 0.72109375 0.38359375 0.10234375
5 0.5 0.03984375 1 0.0796875
24 0.9375 0.03984375 0.125 0.0484375
23 0.40703125 0.52421875 0.02109375 0.015625
23 0.40625 0.93515625 0.0203125 0.01640625
2 0.22421875 0.52421875 0.29296875 0.025
2 0.2234375 0.93671875 0.290625 0.02421875
2 0.1453125 0.43125 0.13125 0.02109375
2 0.16875 0.4703125 0.190625 0.0203125
2 0.42890625 0.3875 0.13359375 0.015625
2 0.7734375 0.43046875 0.29296875 0.02421875
2 0.66171875 0.3875 0.1 0.01484375
2 0.14375 0.840625 0.13125 0.01875
2 0.77265625 0.840625 0.296875 0.02109375
2 0.7875 0.3234375 0.27109375 0.0328125
2 0.77265625 0.28671875 0.30625 0.0203125
2 0.80703125 0.4703125 0.23671875 0.02109375
2 0.17109375 0.88125 0.1890625 0.0203125
10 0.70703125 0.93515625 0.43984375 0.05078125
2 0.80546875 0.88125 0.23671875 0.02109375
2 0.4375 0.7984375 0.1328125 0.01484375
2 0.7828125 0.73359375 0.27421875 0.034375
2 0.771875 0.6984375 0.30234375 0.0203125
23 0.58359375 0.8 0.05078125 0.0296875
2 0.66484375 0.8 0.07265625 0.01796875
2 0.87421875 0.38828125 0.090625 0.01796875
2 0.2015625 0.38828125 0.08046875 0.015625
2 0.87265625 0.79921875 0.09609375 0.01640625
2 0.2 0.8 0.0796875 0.0203125
2 0.7078125 0.52578125 0.0890625 0.02421875
2 0.709375 0.93671875 0.07578125 0.01953125
10 0.71484375 0.525 0.4515625 0.04921875
2 0.49765625 0.05625 0.3671875 0.01875
2 0.50078125 0.02890625 0.190625 0.02421875
32 0.2578125 0.12890625 0.4578125 0.07421875
32 0.740625 0.13046875 0.459375 0.07421875
23 0.1125 0.7984375 0.0578125 0.02734375
23 0.11171875 0.3875 0.05390625 0.021875
23 0.31953125 0.8 0.05078125 0.03359375
23 0.7828125 0.8 0.05625 0.03125
23 0.78203125 0.38828125 0.05859375 0.0296875
23 0.3140625 0.3875 0.05078125 0.0328125
23 0.5640625 0.3890625 0.06015625 0.03046875
23 0.0609375 0.04140625 0.0421875 0.02578125