11 0.48828125 0.75 0.9765625 0.4375
11 0.52265625 0.16640625 0.9546875 0.3328125
32 0.77265625 0.22578125 0.4453125 0.1484375
2 0.80234375 0.16171875 0.3953125 0.0859375
2 0.9234375 0.0875 0.153125 0.053125
22 0.46328125 0.9234375 0.9265625 0.153125
10 0.20546875 0.92890625 0.4109375 0.1234375
11 0.5 0.43515625 1 0.4890625
32 0.3078125 0.1515625 0.4453125 0.1484375
2 0.884375 0.36796875 0.1921875 0.0578125
13 0.6640625 0.3953125 0.6078125 0.1296875
13 0.7109375 0.46171875 0.49375 0.1125
13 0.65859375 0.5140625 0.5796875 0.1265625
13 0.73046875 0.58671875 0.4 0.096875
2 0.8234375 0.7125 0.2015625 0.0625
13 0.78125 0.76875 0.2484375 0.0671875
13 0.78359375 0.82734375 0.2171875 0.0671875
13 0.75859375 0.884375 0.2609375 0.071875
2 0.18046875 0.9390625 0.2078125 0.053125
10 0.65859375 0.97109375 0.4703125 0.0578125
2 0.65625 0.99296875 0.2 0.0140625