11 0.5 0.71875 0.97265625 0.26953125
23 0.89765625 0.025 0.0890625 0.040625
11 0.5015625 0.15703125 0.95625 0.17109375
32 0.278125 0.17890625 0.415625 0.07734375
2 0.253125 0.11328125 0.3890625 0.0203125
2 0.14140625 0.02421875 0.17578125 0.02265625
22 0.5 0.94375 1 0.1125
10 0.73359375 0.9375 0.4421875 0.0625
11 0.5 0.41484375 0.959375 0.32109375
32 0.72578125 0.178125 0.415625 0.0765625
2 0.15234375 0.2953125 0.18203125 0.0265625
13 0.35546875 0.3546875 0.57890625 0.03359375
13 0.30078125 0.41015625 0.47109375 0.034375
13 0.3421875 0.46640625 0.553125 0.034375
13 0.2640625 0.52421875 0.3796875 0.03203125
2 0.1578125 0.62890625 0.1890625 0.0296875
13 0.18984375 0.68828125 0.23515625 0.028125
13 0.178125 0.74296875 0.20390625 0.03203125
13 0.19296875 0.8 0.24609375 0.03046875
2 0.728125 0.9375 0.196875 0.0203125
10 0.26953125 0.93671875 0.4453125 0.06484375
2 0.2703125 0.93671875 0.1890625 0.021875