11 0.50078125 0.3328125 0.94375 0.4859375
32 0.50078125 0.15 0.85703125 0.0734375
15 0.49921875 0.33984375 0.85703125 0.0734375
32 0.5 0.240625 0.859375 0.08359375
33 0.50234375 0.4734375 0.859375 0.15234375
11 0.5 0.6421875 0.94140625 0.09296875
13 0.1109375 0.6421875 0.0609375 0.0296875
2 0.2609375 0.64375 0.20546875 0.025
2 0.61484375 0.64453125 0.48515625 0.01796875
5 0.5 0.03828125 1 0.0765625
2 0.4984375 0.04140625 0.11953125 0.0265625
22 0.5 0.94453125 1 0.1109375
10 0.4984375 0.94140625 0.8984375 0.0671875
2 0.496875 0.94296875 0.20390625 0.02265625
23 0.06171875 0.040625 0.04921875 0.02265625
24 0.9375 0.040625 0.125 0.04296875