11 0.5 0.3109375 1 0.621875
32 0.44921875 0.10390625 0.8984375 0.2046875
15 0.471875 0.3046875 0.9125 0.2046875
32 0.45703125 0.2 0.9140625 0.215625
33 0.48828125 0.44609375 0.9265625 0.2875
11 0.50703125 0.621875 0.9859375 0.2375
13 0.92578125 0.565625 0.06875 0.040625
2 0.7671875 0.5890625 0.2203125 0.05625
2 0.3953125 0.64140625 0.5140625 0.0921875
5 0.4640625 0.04765625 0.928125 0.0953125
22 0.52890625 0.90625 0.9421875 0.1875
10 0.54296875 0.91796875 0.9140625 0.1640625
2 0.56328125 0.93828125 0.21875 0.0546875