22 0.09453125 0.54921875 0.1890625 0.9015625
2 0.303125 0.659375 0.1328125 0.5125
5 0.91328125 0.4484375 0.1734375 0.896875
10 0.084375 0.56875 0.16875 0.8625
2 0.03359375 0.6125 0.0640625 0.215625
2 0.96953125 0.41328125 0.040625 0.1078125
32 0.8671875 0.45234375 0.265625 0.9046875
2 0.22578125 0.3 0.0640625 0.2015625
13 0.19140625 0.13828125 0.0453125 0.0734375
33 0.4140625 0.525 0.35625 0.95
15 0.56015625 0.4984375 0.275 0.9453125
32 0.66484375 0.47890625 0.2734375 0.9421875
32 0.7671875 0.4625 0.271875 0.925