24 0.934375 0.0296875 0.11953125 0.046875
23 0.0609375 0.0296875 0.04609375 0.02109375
22 0.5 0.94296875 1 0.1109375
2 0.59765625 0.7 0.49453125 0.0234375
5 0.5 0.03203125 1 0.0640625
10 0.50078125 0.940625 0.90390625 0.065625
2 0.5015625 0.9421875 0.20625 0.01796875
2 0.50078125 0.02890625 0.10078125 0.01875
32 0.49921875 0.12421875 0.90390625 0.075
2 0.2484375 0.7 0.1921875 0.0203125
13 0.09140625 0.7 0.06484375 0.02890625
33 0.5 0.5703125 0.90234375 0.15546875
15 0.49921875 0.428125 0.90390625 0.07578125
32 0.50078125 0.3265625 0.9 0.075
32 0.50078125 0.2265625 0.89609375 0.075