11 0.35078125 0.5 0.7015625 1
32 0.13515625 0.54140625 0.2703125 0.9171875
15 0.33828125 0.5171875 0.2765625 0.9484375
32 0.23046875 0.53125 0.2890625 0.9375
33 0.4828125 0.4828125 0.3625 0.965625
11 0.66875 0.48203125 0.309375 0.9640625
13 0.75546875 0.86875 0.0453125 0.071875
2 0.72265625 0.70546875 0.075 0.2296875
2 0.640625 0.32109375 0.13125 0.53125
5 0.0796875 0.55234375 0.159375 0.8953125
2 0.02109375 0.5859375 0.0421875 0.134375
22 0.915625 0.44765625 0.16875 0.8953125
10 0.9265625 0.4375 0.146875 0.875
2 0.9765625 0.38359375 0.046875 0.2234375