2 0.30390625 0.6078125 0.51875 0.0625
5 0.48359375 0.05 0.9671875 0.1
2 0.496875 0.0265625 0.1875 0.0375
23 0.93671875 0.00390625 0.0578125 0.0078125
28 0.50703125 0.1078125 0.6546875 0.0890625
32 0.509375 0.20859375 0.9421875 0.1296875
2 0.80703125 0.646875 0.3859375 0.053125
32 0.5125 0.2984375 0.9484375 0.1296875
22 0.515625 0.9546875 0.96875 0.090625
10 0.54609375 0.9625 0.9078125 0.075
2 0.56015625 0.9890625 0.2484375 0.021875
27 0.90390625 0.69765625 0.1921875 0.0515625
27 0.44453125 0.7328125 0.171875 0.04375
29 0.94296875 0.56171875 0.1140625 0.0453125
33 0.521875 0.45 0.95625 0.253125