5 0.934375 0.46171875 0.13125 0.9234375
11 0.61015625 0.4796875 0.559375 0.6625
2 0.8265625 0.70703125 0.028125 0.05
10 0.475 0.64296875 0.08125 0.28125
2 0.47578125 0.6453125 0.0171875 0.0359375
2 0.73359375 0.61484375 0.059375 0.25625
23 0.9078125 0.01328125 0.021875 0.015625
2 0.78671875 0.71484375 0.0203125 0.0421875
29 0.6875 0.67578125 0.0484375 0.1484375
33 0.55625 0.4890625 0.2015625 0.5734375
10 0.43046875 0.36796875 0.0796875 0.278125
28 0.87890625 0.43671875 0.1640625 0.5984375
2 0.43125 0.36875 0.01875 0.0453125