2 0.4015625 0.6953125 0.090625 0.4765625
5 0.9234375 0.53125 0.153125 0.9375
2 0.95 0.5546875 0.0453125 0.1734375
23 0.99609375 0.1453125 0.0078125 0.065625
28 0.87578125 0.53984375 0.1234375 0.603125
32 0.78203125 0.53046875 0.18125 0.875
2 0.4 0.21484375 0.075 0.384375
32 0.7 0.51796875 0.1828125 0.8875
22 0.0890625 0.46953125 0.178125 0.9390625
10 0.078125 0.4328125 0.15625 0.865625
2 0.0578125 0.4328125 0.053125 0.2296875
27 0.3578125 0.1328125 0.059375 0.184375
27 0.29609375 0.55703125 0.0515625 0.1609375
29 0.484375 0.103125 0.05 0.121875
33 0.56171875 0.49921875 0.2953125 0.9015625