5 0.5 0.0234375 1 0.04609375
23 0.01484375 0.02265625 0.01328125 0.01640625
2 0.0609375 0.02265625 0.071875 0.0203125
11 0.5 0.3828125 0.5859375 0.46328125
2 0.24609375 0.2078125 0.04609375 0.0203125
10 0.36171875 0.5390625 0.2734375 0.03671875
2 0.359375 0.5390625 0.034375 0.01328125
2 0.35 0.28359375 0.25234375 0.01875
23 0.90859375 0.021875 0.01328125 0.01953125
7 0.9359375 0.01796875 0.0109375 0.0328125
7 0.9609375 0.025 0.0203125 0.03984375
23 0.98515625 0.02265625 0.00390625 0.01796875
2 0.24453125 0.24765625 0.040625 0.0140625
29 0.29765625 0.3375 0.14453125 0.02578125
33 0.5 0.43671875 0.55234375 0.11484375
10 0.63671875 0.5390625 0.26953125 0.0359375
28 0.5 0.11484375 0.584375 0.0703125
2 0.6359375 0.5390625 0.04296875 0.01328125