5 0.52890625 0.9421875 0.9421875 0.115625
2 0.5921875 0.9765625 0.309375 0.046875
28 0.53828125 0.90234375 0.9234375 0.1671875
32 0.53984375 0.8046875 0.9203125 0.178125
32 0.53671875 0.7171875 0.9265625 0.18125
33 0.52265625 0.56953125 0.9546875 0.2984375
29 0.11171875 0.47890625 0.1421875 0.0578125
2 0.2390625 0.38984375 0.43125 0.078125
2 0.74609375 0.40234375 0.4875 0.084375
27 0.6140625 0.2859375 0.1765625 0.0515625
10 0.48671875 0.203125 0.95625 0.1921875
2 0.50546875 0.20078125 0.25 0.05
27 0.14296875 0.34375 0.209375 0.059375