2 0.71171875 0.5578125 0.465625 0.02421875
5 0.5046875 0.04140625 0.96171875 0.0828125
2 0.50234375 0.0484375 0.1671875 0.02265625
23 0.10078125 0.0484375 0.0609375 0.021875
28 0.4984375 0.12265625 0.58671875 0.0390625
32 0.5015625 0.21328125 0.85078125 0.05859375
2 0.24921875 0.62421875 0.37421875 0.02265625
32 0.50078125 0.29453125 0.8640625 0.05703125
22 0.5 0.93671875 1 0.1265625
10 0.5 0.92421875 0.8546875 0.07265625
2 0.50546875 0.9234375 0.2234375 0.02109375
27 0.17578125 0.6765625 0.1765625 0.03359375
27 0.59375 0.678125 0.15390625 0.02890625
29 0.13046875 0.5578125 0.115625 0.034375
33 0.5015625 0.43046875 0.8625 0.16875