5 0.5 0.0390625 1 0.07734375
23 0.05859375 0.040625 0.06171875 0.028125
2 0.49765625 0.0390625 0.28203125 0.0234375
28 0.50234375 0.11640625 0.9328125 0.04453125
32 0.496875 0.20625 0.8984375 0.059375
32 0.49921875 0.28828125 0.890625 0.06171875
33 0.496875 0.42421875 0.890625 0.16796875
29 0.11640625 0.5546875 0.125 0.0375
2 0.24140625 0.621875 0.39453125 0.0234375
2 0.71953125 0.55390625 0.48125 0.02421875
27 0.59453125 0.675 0.159375 0.02734375
10 0.49921875 0.765625 0.89375 0.071875
2 0.50546875 0.76484375 0.2296875 0.01875
27 0.159375 0.675 0.18828125 0.03203125