31 0.4765625 0.07109375 0.953125 0.1421875
30 0.0125 0.096875 0.025 0.0625
30 0.0484375 0.090625 0.0484375 0.0578125
2 0.046875 0.0875 0.028125 0.028125
2 0.0375 0.17421875 0.075 0.0421875
2 0.4578125 0.328125 0.915625 0.15625
2 0.46015625 0.24921875 0.9203125 0.1515625
2 0.00390625 0.24140625 0.0078125 0.0359375
17 0.23515625 0.64375 0.4609375 0.3375
2 0.06015625 0.47734375 0.1203125 0.0359375
2 0.02734375 0.4390625 0.0546875 0.040625
13 0.1203125 0.9375 0.146875 0.05
2 0.1015625 0.88515625 0.11875 0.0421875
2 0.0671875 0.84921875 0.0578125 0.034375
10 0.9296875 0.91953125 0.0765625 0.0578125
10 0.98671875 0.9109375 0.0265625 0.05625
2 0.93046875 0.92109375 0.0359375 0.025