31 0.49921875 0.04921875 0.99296875 0.0828125
30 0.040625 0.04921875 0.06484375 0.05390625
30 0.09921875 0.04921875 0.04140625 0.053125
2 0.0421875 0.046875 0.028125 0.02265625
2 0.09765625 0.0453125 0.0234375 0.0234375
2 0.06328125 0.12734375 0.1046875 0.03125
2 0.465625 0.321875 0.90859375 0.05859375
2 0.4734375 0.2453125 0.921875 0.0515625
2 0.02734375 0.190625 0.03046875 0.03203125
17 0.22421875 0.6078125 0.42421875 0.28828125
2 0.0703125 0.4265625 0.1171875 0.0234375
2 0.0390625 0.38671875 0.05859375 0.03359375
13 0.08203125 0.88125 0.13984375 0.03515625
2 0.06875 0.828125 0.1125 0.02890625
2 0.0390625 0.790625 0.05390625 0.02734375
10 0.871875 0.946875 0.07109375 0.04921875
10 0.95390625 0.94765625 0.07109375 0.05
2 0.87265625 0.94921875 0.034375 0.021875
2 0.95390625 0.946875 0.0234375 0.0234375