11 0.5 0.5 1 1
31 0.4984375 0.1078125 0.990625 0.15625
30 0.03671875 0.11328125 0.0625 0.11484375
2 0.1015625 0.11328125 0.040625 0.05546875
30 0.10234375 0.11015625 0.05703125 0.11484375
32 0.12734375 0.31640625 0.24453125 0.09453125
2 0.01640625 0.23203125 0.02578125 0.05078125
2 0.0359375 0.11328125 0.02734375 0.05
15 0.046875 0.6109375 0.0828125 0.09765625
2 0.01953125 0.52734375 0.03046875 0.04453125
15 0.046875 0.8015625 0.0828125 0.09765625
2 0.021875 0.71640625 0.0328125 0.04140625
27 0.29765625 0.8 0.08359375 0.0703125
27 0.40390625 0.7984375 0.1171875 0.075
32 0.375 0.31640625 0.24453125 0.09453125
32 0.621875 0.315625 0.24375 0.0921875
32 0.86875 0.3171875 0.24453125 0.0921875
25 0.12734375 0.421875 0.24453125 0.0953125
32 0.1703125 0.79921875 0.1578125 0.09296875
32 0.1703125 0.61171875 0.15859375 0.09453125
10 0.91328125 0.92578125 0.053125 0.09375
2 0.9140625 0.9265625 0.03515625 0.040625
10 0.9671875 0.925 0.04765625 0.0921875
23 0.9578125 0.92734375 0.00859375 0.03515625
2 0.97265625 0.92890625 0.01796875 0.03125