11 0.5 0.5 1 1
31 0.9 0.48984375 0.2 0.9796875
30 0.8765625 0.01796875 0.121875 0.0359375
2 0.878125 0.06796875 0.0578125 0.0453125
30 0.88203125 0.06875 0.1203125 0.0640625
32 0.6734375 0.115625 0.109375 0.23125
2 0.87421875 0.0078125 0.0515625 0.015625
15 0.3671875 0.04375 0.103125 0.0796875
2 0.4515625 0.01171875 0.046875 0.021875
15 0.17421875 0.05390625 0.103125 0.0796875
2 0.26015625 0.0234375 0.0453125 0.025
27 0.1859375 0.3046875 0.0765625 0.0875
27 0.19375 0.4125 0.0828125 0.121875
32 0.68515625 0.35703125 0.109375 0.2546875
32 0.69921875 0.609375 0.10625 0.2546875
32 0.7109375 0.8609375 0.10625 0.2546875
25 0.565625 0.11875 0.109375 0.2375
32 0.18046875 0.175 0.103125 0.1671875
32 0.371875 0.16484375 0.1046875 0.1671875
10 0.090625 0.9390625 0.1 0.059375
2 0.08984375 0.9390625 0.0421875 0.0375
10 0.09375 0.98359375 0.096875 0.0328125
23 0.09140625 0.98359375 0.0359375 0.0109375
2 0.08984375 0.99453125 0.0328125 0.0109375