11 0.5 0.5 1 1
31 0.86015625 0.55 0.2796875 0.9
2 0.81875 0.98359375 0.06875 0.0328125
30 0.82109375 0.975 0.1359375 0.05
32 0.6140625 0.8875 0.1625 0.225
15 0.28359375 0.91953125 0.121875 0.1046875
2 0.3640625 0.96875 0.053125 0.0359375
15 0.08515625 0.8703125 0.121875 0.1046875
2 0.1671875 0.91796875 0.05 0.0375
27 0.14765625 0.61015625 0.096875 0.10625
27 0.17734375 0.49921875 0.109375 0.140625
32 0.67578125 0.65546875 0.1640625 0.28125
32 0.74140625 0.39765625 0.1609375 0.278125
32 0.7984375 0.16640625 0.146875 0.2265625
25 0.503125 0.8734375 0.1625 0.253125
32 0.115625 0.74296875 0.1375 0.1890625
32 0.3125 0.79296875 0.1421875 0.1921875