11 0.5 0.55625 1 0.73125
27 0.8078125 0.81171875 0.2296875 0.053125
10 0.03984375 0.76015625 0.0796875 0.0421875
10 0.125 0.77265625 0.075 0.040625
2 0.125 0.77265625 0.0453125 0.01875
2 0.03828125 0.76015625 0.053125 0.01875
31 0.528125 0.2828125 0.94375 0.171875
30 0.95234375 0.34140625 0.0953125 0.0421875
30 0.85 0.32578125 0.1046875 0.0421875
30 0.73984375 0.31015625 0.1109375 0.0421875
2 0.9671875 0.340625 0.065625 0.021875
2 0.85859375 0.32578125 0.0703125 0.021875
2 0.73984375 0.30859375 0.0828125 0.0234375
32 0.83671875 0.3921875 0.303125 0.103125
32 0.52421875 0.34765625 0.303125 0.103125
32 0.21171875 0.3046875 0.3 0.1046875
15 0.828125 0.46171875 0.303125 0.1046875
15 0.51484375 0.41796875 0.303125 0.10625
25 0.20390625 0.365625 0.2984375 0.0890625
20 0.490625 0.5890625 0.9546875 0.3984375