11 0.4640625 0.5109375 0.728125 0.978125
27 0.2109375 0.2359375 0.0546875 0.221875
10 0.2734375 0.9734375 0.04375 0.053125
10 0.2609375 0.903125 0.0421875 0.0734375
2 0.2609375 0.903125 0.01875 0.0453125
2 0.2734375 0.98046875 0.01875 0.0390625
31 0.7328125 0.4921875 0.184375 0.934375
30 0.66796875 0.08046875 0.04375 0.1046875
30 0.684375 0.1859375 0.04375 0.103125
30 0.70234375 0.29375 0.04375 0.109375
2 0.66796875 0.0703125 0.0234375 0.06875
2 0.6859375 0.17890625 0.021875 0.0671875
2 0.703125 0.29375 0.025 0.0828125
32 0.62109375 0.2 0.1078125 0.296875
32 0.66953125 0.5046875 0.10625 0.296875
32 0.71640625 0.809375 0.10625 0.29375
15 0.553125 0.2109375 0.1078125 0.296875
15 0.6015625 0.515625 0.1078125 0.296875
25 0.65703125 0.81953125 0.0921875 0.2921875
20 0.43203125 0.53671875 0.4046875 0.9265625