11 0.46171875 0.5 0.7546875 1
20 0.4421875 0.49296875 0.453125 0.9546875
27 0.2015625 0.79296875 0.06875 0.225
31 0.71640625 0.5421875 0.2390625 0.915625
32 0.59453125 0.8453125 0.109375 0.2984375
32 0.659375 0.53984375 0.109375 0.2984375
32 0.72421875 0.23515625 0.109375 0.296875
25 0.67734375 0.225 0.09375 0.2921875
15 0.53984375 0.834375 0.1078125 0.296875
15 0.6046875 0.52890625 0.1078125 0.296875
10 0.3046875 0.03828125 0.046875 0.0765625
10 0.2875 0.121875 0.046875 0.0796875
2 0.2875 0.121875 0.021875 0.0453125
2 0.30546875 0.03671875 0.0203125 0.0515625