11 0.49921875 0.5 0.8875 0.52578125
20 0.50078125 0.51953125 0.8515625 0.24921875
27 0.18203125 0.6796875 0.2078125 0.0203125
31 0.49765625 0.259375 0.88203125 0.0390625
32 0.2109375 0.31328125 0.271875 0.046875
32 0.49921875 0.31328125 0.271875 0.046875
32 0.7890625 0.31328125 0.27109375 0.04609375
25 0.7890625 0.3578125 0.2703125 0.03125
15 0.21015625 0.36484375 0.271875 0.0453125
15 0.5 0.36484375 0.271875 0.04453125
10 0.88828125 0.73125 0.0734375 0.02890625
10 0.80703125 0.73125 0.06953125 0.028125
2 0.8078125 0.73125 0.040625 0.01171875
2 0.88828125 0.73125 0.04609375 0.0078125