11 0.50546875 0.49296875 0.64375 0.978125
20 0.525 0.490625 0.35 0.909375
27 0.7265625 0.803125 0.04375 0.2171875
31 0.25546875 0.52109375 0.1359375 0.9171875
32 0.34296875 0.81328125 0.0796875 0.2875
32 0.3109375 0.51328125 0.078125 0.2875
32 0.2796875 0.21328125 0.078125 0.2859375
25 0.32578125 0.20859375 0.0625 0.2828125
15 0.39609375 0.8078125 0.0765625 0.2875
15 0.36484375 0.5078125 0.0765625 0.2875
10 0.70234375 0.06484375 0.0375 0.0796875
10 0.7109375 0.1484375 0.0375 0.075
2 0.7109375 0.1484375 0.0171875 0.04375
2 0.70234375 0.065625 0.0140625 0.0484375