7 0.903125 0.02265625 0.01796875 0.04140625
7 0.940625 0.03046875 0.03125 0.04609375
23 0.02265625 0.02890625 0.01875 0.01796875
23 0.8609375 0.028125 0.01484375 0.02265625
11 0.50078125 0.52890625 0.8890625 0.85625
2 0.8875 0.90234375 0.05078125 0.015625
5 0.5 0.0296875 1 0.059375
10 0.80859375 0.903125 0.07109375 0.0453125
2 0.80859375 0.903125 0.040625 0.01796875
2 0.09296875 0.028125 0.109375 0.02734375
23 0.978125 0.02890625 0.00546875 0.021875
10 0.88828125 0.903125 0.07578125 0.04609375
2 0.1140625 0.2359375 0.0703125 0.02421875
2 0.26796875 0.3328125 0.378125 0.02421875
31 0.5 0.13671875 0.8796875 0.06171875
30 0.2953125 0.13828125 0.10625 0.04921875
30 0.19140625 0.1375 0.09140625 0.046875
30 0.1015625 0.13828125 0.07578125 0.0484375
2 0.0953125 0.13046875 0.053125 0.01796875
2 0.19140625 0.13125 0.05859375 0.0203125
2 0.2953125 0.13203125 0.07734375 0.02265625
2 0.11171875 0.2875 0.06484375 0.0203125
29 0.19375 0.40078125 0.23046875 0.03671875
33 0.49921875 0.528125 0.8390625 0.1484375