5 0.5 0.04296875 1 0.08515625
23 0.08125 0.05 0.07109375 0.025
24 0.49921875 0.05234375 0.346875 0.03671875
31 0.5 0.12109375 1 0.06015625
12 0.5 0.2671875 1 0.22421875
2 0.184375 0.41796875 0.29375 0.025
14 0.1828125 0.47265625 0.2953125 0.0453125
14 0.47265625 0.471875 0.2171875 0.0421875
23 0.084375 0.05 0.05625 0.01796875
14 0.7203125 0.47265625 0.21796875 0.04375
14 0.93203125 0.47265625 0.13515625 0.04375
11 0.3140625 0.61484375 0.56640625 0.19921875
11 0.8125 0.61328125 0.375 0.1984375
2 0.1578125 0.54765625 0.19375 0.02265625
2 0.75 0.546875 0.19765625 0.0203125
2 0.309375 0.63125 0.51015625 0.11640625
2 0.825 0.63125 0.35 0.11171875
8 0.5 0.9453125 1 0.109375
10 0.13125 0.9390625 0.1984375 0.06796875
23 0.1328125 0.92421875 0.0609375 0.02734375
10 0.37109375 0.93671875 0.103125 0.065625
23 0.37265625 0.92421875 0.06484375 0.03046875
10 0.609375 0.93671875 0.11484375 0.065625
23 0.61328125 0.92421875 0.06875 0.02734375
10 0.859375 0.9359375 0.12265625 0.06796875
23 0.85546875 0.92421875 0.06171875 0.0296875
2 0.13125 0.9546875 0.17421875 0.01796875
2 0.859375 0.95390625 0.1 0.01875
2 0.37265625 0.9546875 0.0671875 0.01640625
2 0.6109375 0.95390625 0.08359375 0.0171875
20 0.503125 0.81484375 0.93828125 0.15546875