23 0.03046875 0.87734375 0.0203125 0.0265625
5 0.44375 0.90859375 0.8875 0.1828125
11 0.5 0.4953125 1 0.990625
2 0.203125 0.00703125 0.053125 0.0140625
10 0.28359375 0.025 0.0890625 0.05
2 0.28359375 0.01875 0.04375 0.028125
10 0.2015625 0.01484375 0.084375 0.0296875
32 0.721875 0.83203125 0.2875 0.1375
32 0.43359375 0.765625 0.2859375 0.1375
32 0.14609375 0.6984375 0.2875 0.1390625
20 0.51015625 0.43125 0.94375 0.60625
15 0.73984375 0.74921875 0.2875 0.1375
15 0.453125 0.68125 0.2859375 0.1375
25 0.1625 0.62578125 0.2828125 0.1171875
13 0.88671875 0.24375 0.2171875 0.0796875
31 0.43046875 0.85234375 0.8609375 0.2609375
30 0.80859375 0.9421875 0.096875 0.06875
30 0.715625 0.921875 0.096875 0.06875
30 0.6171875 0.89921875 0.103125 0.0703125
2 0.815625 0.95078125 0.059375 0.0328125
2 0.71953125 0.92890625 0.0640625 0.034375
2 0.615625 0.9046875 0.0765625 0.0359375