5 0.9328125 0.45625 0.134375 0.9125
11 0.4953125 0.5 0.990625 1
2 0.1453125 0.97578125 0.025 0.0484375
2 0.90625 0.02421875 0.040625 0.0484375
10 0.13046875 0.896875 0.059375 0.084375
2 0.1296875 0.89765625 0.028125 0.046875
2 0.71484375 0.05078125 0.0375 0.078125
10 0.1453125 0.96796875 0.0625 0.0640625
2 0.709375 0.21796875 0.09375 0.3953125
13 0.51171875 0.16015625 0.06875 0.2203125
32 0.69609375 0.69921875 0.1296875 0.440625
32 0.6203125 0.24765625 0.1375 0.4421875
31 0.86953125 0.45078125 0.2265625 0.9015625
30 0.7984375 0.03828125 0.0625 0.0765625
30 0.81640625 0.12890625 0.06875 0.10625
30 0.83515625 0.23203125 0.06875 0.0984375
2 0.80234375 0.0265625 0.0328125 0.053125
2 0.82109375 0.11953125 0.0328125 0.0703125
2 0.83984375 0.2296875 0.034375 0.0765625