11 0.50078125 0.4296875 0.75234375 0.6734375
2 0.8390625 0.721875 0.034375 0.01328125
5 0.5 0.02421875 1 0.0484375
32 0.2546875 0.1890625 0.23359375 0.06015625
10 0.78671875 0.721875 0.04765625 0.0359375
2 0.7859375 0.7234375 0.02734375 0.0140625
10 0.840625 0.721875 0.04765625 0.0359375
2 0.0671875 0.021875 0.08125 0.0203125
32 0.74609375 0.18828125 0.23359375 0.05859375
23 0.01484375 0.02265625 0.0125 0.01484375
32 0.5 0.18984375 0.23515625 0.06171875
15 0.25390625 0.25546875 0.234375 0.05859375
15 0.5 0.25703125 0.23515625 0.0609375
25 0.74609375 0.24765625 0.234375 0.0421875
7 0.96015625 0.025 0.01875 0.0421875
23 0.9078125 0.021875 0.009375 0.0171875
7 0.93671875 0.01796875 0.0125 0.034375
23 0.98515625 0.0234375 0.00390625 0.0171875
31 0.49921875 0.12265625 0.74765625 0.0484375
30 0.1546875 0.12265625 0.05625 0.03984375
30 0.2234375 0.12109375 0.0671875 0.03984375
30 0.2921875 0.121875 0.0578125 0.0390625
2 0.153125 0.115625 0.04296875 0.01875
2 0.21875 0.115625 0.04453125 0.01796875
2 0.29140625 0.11640625 0.05 0.015625
27 0.20703125 0.6578125 0.140625 0.02734375
20 0.5 0.45234375 0.7265625 0.31796875