7 0.984375 0.0328125 0.03125 0.034375
7 0.9890625 0.07421875 0.021875 0.01875
23 0.990625 0.11875 0.01875 0.015625
5 0.9796875 0.5 0.040625 1
11 0.459375 0.50234375 0.915625 0.95
2 0.06015625 0.08984375 0.0171875 0.053125
2 0.990625 0.9390625 0.01875 0.1109375
10 0.059375 0.1765625 0.0484375 0.084375
2 0.059375 0.17421875 0.01875 0.04375
10 0.05859375 0.0875 0.05 0.078125
32 0.78515625 0.8125 0.0796875 0.290625
32 0.784375 0.50390625 0.0796875 0.290625
32 0.784375 0.1953125 0.08125 0.290625
20 0.42578125 0.503125 0.4390625 0.9109375
15 0.69609375 0.81171875 0.0796875 0.290625
15 0.69453125 0.503125 0.0796875 0.2890625
25 0.70625 0.19453125 0.0578125 0.2890625
13 0.146875 0.8421875 0.03125 0.225
31 0.87890625 0.50546875 0.0625 0.940625
30 0.87734375 0.92734375 0.053125 0.0921875
30 0.87734375 0.8265625 0.0515625 0.0921875
30 0.87734375 0.721875 0.0515625 0.0984375
2 0.88359375 0.9359375 0.021875 0.0578125
2 0.88359375 0.8328125 0.021875 0.0625
2 0.88359375 0.721875 0.021875 0.0765625