5 0.06953125 0.4765625 0.1390625 0.953125
23 0.0125 0.86953125 0.025 0.0734375
24 0.0546875 0.45390625 0.0734375 0.3484375
31 0.12265625 0.4796875 0.1640625 0.959375
12 0.26875 0.4921875 0.328125 0.984375
2 0.38515625 0.80546875 0.05625 0.2953125
14 0.43984375 0.8125 0.0765625 0.2984375
14 0.46953125 0.52421875 0.0640625 0.2203125
23 0.0109375 0.86640625 0.021875 0.0578125
14 0.49609375 0.278125 0.065625 0.221875
14 0.51796875 0.06796875 0.0578125 0.1359375
11 0.59453125 0.696875 0.2578125 0.5828125
11 0.6453125 0.20078125 0.2359375 0.39375
2 0.51171875 0.8453125 0.0421875 0.1953125
2 0.57265625 0.25625 0.040625 0.1984375
2 0.6109375 0.703125 0.16875 0.51875
2 0.66484375 0.190625 0.1484375 0.359375
8 0.91796875 0.521875 0.1640625 0.95625
10 0.89765625 0.9046875 0.0890625 0.190625
23 0.88359375 0.909375 0.034375 0.0640625
10 0.92109375 0.67421875 0.0765625 0.109375
23 0.90859375 0.67109375 0.0375 0.06875
10 0.94609375 0.43671875 0.078125 0.121875
23 0.93359375 0.43203125 0.0359375 0.071875
10 0.96484375 0.1875 0.0703125 0.128125
23 0.959375 0.190625 0.0359375 0.065625
2 0.9125 0.91328125 0.0375 0.1734375
2 0.98671875 0.18984375 0.0265625 0.1015625
2 0.9390625 0.67421875 0.021875 0.06875
2 0.96328125 0.4375 0.0265625 0.0859375
20 0.8125 0.52734375 0.253125 0.9453125