7 0.940625 0.0296875 0.03125 0.04609375
7 0.903125 0.021875 0.01796875 0.04140625
23 0.02265625 0.02890625 0.01796875 0.01796875
23 0.86015625 0.02890625 0.01484375 0.0234375
23 0.978125 0.02890625 0.00546875 0.021875
5 0.5 0.03046875 1 0.06015625
11 0.50078125 0.52890625 0.890625 0.85703125
2 0.8875 0.90234375 0.05078125 0.015625
2 0.09296875 0.02890625 0.10390625 0.02421875
10 0.80625 0.903125 0.07890625 0.0453125
2 0.8078125 0.903125 0.03984375 0.01875
10 0.8890625 0.90390625 0.07421875 0.04609375
32 0.21015625 0.2234375 0.27265625 0.07421875
32 0.5 0.22421875 0.27109375 0.075
32 0.7890625 0.225 0.27109375 0.0765625
20 0.50078125 0.56015625 0.853125 0.4109375
15 0.2109375 0.30625 0.27265625 0.075
15 0.5 0.30859375 0.27109375 0.075
25 0.78984375 0.296875 0.27109375 0.05390625
13 0.18203125 0.821875 0.21171875 0.0296875
31 0.49765625 0.1359375 0.88046875 0.0578125
30 0.103125 0.1375 0.08671875 0.04921875
30 0.196875 0.13671875 0.0859375 0.0484375
30 0.2953125 0.13671875 0.09140625 0.0484375
2 0.0953125 0.13203125 0.05390625 0.01953125
2 0.19140625 0.13125 0.059375 0.0203125
2 0.2953125 0.13203125 0.071875 0.01953125