5 0.94140625 0.484375 0.1171875 0.96875
23 0.92265625 0.04921875 0.0296875 0.0734375
24 0.95078125 0.4703125 0.0625 0.3515625
31 0.88046875 0.48671875 0.1296875 0.9734375
12 0.734375 0.49453125 0.29375 0.9890625
2 0.55859375 0.17890625 0.0453125 0.2984375
14 0.50390625 0.18125 0.0671875 0.303125
14 0.52578125 0.4734375 0.059375 0.221875
23 0.92265625 0.05234375 0.021875 0.0578125
14 0.54140625 0.7234375 0.059375 0.225
14 0.5578125 0.93203125 0.053125 0.13125
11 0.3703125 0.3234375 0.240625 0.584375
11 0.4078125 0.8140625 0.225 0.371875
2 0.4265625 0.16015625 0.0359375 0.1984375
2 0.46953125 0.75859375 0.034375 0.2015625
2 0.35234375 0.3203125 0.153125 0.521875
2 0.38984375 0.828125 0.1359375 0.34375
8 0.06875 0.5140625 0.1375 0.971875
10 0.03515625 0.16171875 0.0703125 0.2046875
23 0.04453125 0.1625 0.0328125 0.0640625
10 0.04921875 0.40390625 0.0734375 0.109375
23 0.06171875 0.40390625 0.0359375 0.0671875
10 0.065625 0.64375 0.0734375 0.121875
23 0.07890625 0.646875 0.0328125 0.071875
10 0.084375 0.8953125 0.0765625 0.1296875
23 0.09609375 0.890625 0.034375 0.0640625
2 0.01484375 0.16328125 0.0296875 0.1765625
2 0.06640625 0.89765625 0.025 0.1015625
2 0.03125 0.40625 0.0203125 0.0703125
2 0.04921875 0.646875 0.0234375 0.0859375
20 0.18046875 0.52421875 0.2234375 0.9515625