11 0.5078125 0.50390625 0.984375 0.9921875
2 0.13671875 0.97265625 0.0203125 0.0546875
10 0.13125 0.8890625 0.0546875 0.08125
2 0.13046875 0.88828125 0.021875 0.0453125
10 0.1359375 0.96640625 0.05625 0.0671875
2 0.80546875 0.08125 0.03125 0.078125
2 0.71171875 0.25625 0.0546875 0.4140625
31 0.9375 0.490625 0.125 0.959375
30 0.925 0.271875 0.0609375 0.11875
30 0.91875 0.15859375 0.0578125 0.103125
30 0.9109375 0.0609375 0.059375 0.0859375
2 0.91796875 0.05234375 0.0234375 0.059375
2 0.92578125 0.1578125 0.0265625 0.065625
2 0.93203125 0.271875 0.03125 0.0859375
2 0.74921875 0.0828125 0.0265625 0.071875
29 0.63203125 0.18046875 0.0578125 0.2515625
33 0.515625 0.5234375 0.2265625 0.925