11 0.56484375 0.49453125 0.784375 0.8515625
2 0.31796875 0.8765625 0.0171875 0.0359375
5 0.9390625 0.465625 0.121875 0.93125
32 0.771875 0.21328125 0.09375 0.24375
10 0.3109375 0.82421875 0.04375 0.053125
2 0.309375 0.82265625 0.01875 0.0296875
10 0.31796875 0.878125 0.04375 0.053125
2 0.9140625 0.02109375 0.03125 0.0421875
32 0.8421875 0.7078125 0.0921875 0.24375
32 0.80625 0.46015625 0.0953125 0.2453125
15 0.70546875 0.221875 0.0921875 0.24375
15 0.7390625 0.46953125 0.0953125 0.2453125
25 0.78359375 0.715625 0.075 0.240625
31 0.8734375 0.45 0.1546875 0.759375
30 0.825 0.103125 0.0484375 0.0609375
30 0.8359375 0.171875 0.05 0.0734375
30 0.8453125 0.24140625 0.0484375 0.0640625
2 0.83203125 0.10078125 0.025 0.0453125
2 0.84140625 0.16640625 0.025 0.046875
2 0.85078125 0.23984375 0.021875 0.0515625
27 0.29375 0.23125 0.0484375 0.146875
20 0.5421875 0.496875 0.4234375 0.775