11 0.509375 0.51875 0.971875 0.9390625
2 0.0859375 0.87265625 0.0546875 0.01875
5 0.51640625 0.03515625 0.9671875 0.0703125
10 0.16640625 0.87890625 0.0765625 0.0515625
2 0.16640625 0.8796875 0.0421875 0.021875
2 0.953125 0.0390625 0.09375 0.025
10 0.084375 0.8734375 0.08125 0.0515625
2 0.9265625 0.24609375 0.0734375 0.0296875
2 0.7625 0.334375 0.3890625 0.0515625
31 0.53828125 0.1171875 0.9046875 0.1265625
30 0.746875 0.13359375 0.1125 0.0578125
30 0.85390625 0.1390625 0.0984375 0.0546875
30 0.94609375 0.146875 0.08125 0.0546875
2 0.95390625 0.1390625 0.0546875 0.021875
2 0.8546875 0.13359375 0.0625 0.0265625
2 0.74765625 0.1265625 0.0796875 0.028125
2 0.925 0.2984375 0.0671875 0.0265625
29 0.83359375 0.409375 0.2390625 0.0546875
33 0.51015625 0.51796875 0.8703125 0.2125