11 0.5 0.50078125 1 0.9984375
2 0.1265625 0.96640625 0.0546875 0.021875
10 0.2109375 0.95546875 0.0828125 0.0578125
2 0.21171875 0.95703125 0.0453125 0.025
2 0.8609375 0.13515625 0.078125 0.034375
10 0.1265625 0.9671875 0.0859375 0.059375
2 0.70078125 0.190625 0.403125 0.075
13 0.81484375 0.36640625 0.225 0.059375
32 0.2359375 0.346875 0.4484375 0.109375
32 0.69765625 0.2859375 0.45 0.1171875
31 0.45625 0.09921875 0.9125 0.1828125
30 0.85859375 0.04765625 0.0953125 0.059375
30 0.75546875 0.06015625 0.10625 0.0671875
30 0.64921875 0.0734375 0.096875 0.0640625
2 0.86640625 0.040625 0.0703125 0.0296875
2 0.7625 0.053125 0.071875 0.03125
2 0.65 0.06796875 0.0765625 0.0328125