7 0.903125 0.02265625 0.01875 0.04140625
7 0.940625 0.03046875 0.03125 0.04609375
23 0.86015625 0.028125 0.01640625 0.025
23 0.02265625 0.02890625 0.01875 0.01796875
5 0.5 0.02890625 1 0.0578125
11 0.50078125 0.52734375 0.89140625 0.85703125
2 0.8875 0.90234375 0.05078125 0.015625
2 0.09296875 0.02890625 0.1046875 0.025
10 0.80859375 0.903125 0.07421875 0.0453125
2 0.80859375 0.90390625 0.040625 0.01875
23 0.978125 0.02890625 0.00546875 0.021875
2 0.11484375 0.21796875 0.0703125 0.0234375
10 0.88828125 0.903125 0.07421875 0.04765625
2 0.26953125 0.25078125 0.3765625 0.02421875
13 0.18359375 0.42578125 0.20859375 0.03046875
32 0.7171875 0.3421875 0.41484375 0.05234375
32 0.2828125 0.33828125 0.415625 0.06015625
31 0.50078125 0.13671875 0.88359375 0.06171875
30 0.10625 0.13671875 0.08515625 0.0453125
30 0.203125 0.13671875 0.09296875 0.05078125
30 0.30390625 0.1359375 0.08515625 0.05
2 0.09921875 0.13125 0.06484375 0.0203125
2 0.19609375 0.13046875 0.0640625 0.021875
2 0.30234375 0.13203125 0.06953125 0.021875