11 0.42578125 0.5234375 0.8484375 0.90625
2 0.63203125 0.11796875 0.0203125 0.0359375
5 0.084375 0.5640625 0.16875 0.871875
32 0.24921875 0.82578125 0.1171875 0.2453125
10 0.64453125 0.16953125 0.0484375 0.05625
2 0.646875 0.1703125 0.021875 0.03125
10 0.63125 0.1171875 0.0484375 0.05625
32 0.128125 0.34140625 0.115625 0.2453125
32 0.190625 0.5828125 0.11875 0.246875
15 0.31484375 0.809375 0.115625 0.2453125
15 0.25625 0.5671875 0.11875 0.246875
25 0.1859375 0.3265625 0.0984375 0.240625
31 0.12421875 0.60078125 0.2328125 0.7484375
30 0.2078125 0.93984375 0.053125 0.0640625
30 0.190625 0.87265625 0.05625 0.075
30 0.17421875 0.8046875 0.053125 0.0671875
2 0.20234375 0.94375 0.028125 0.046875
2 0.18515625 0.87890625 0.0296875 0.0484375
2 0.16875 0.80703125 0.0265625 0.0515625
27 0.7234375 0.75703125 0.0625 0.146875
20 0.4484375 0.51875 0.4921875 0.79375