4 0.12578125 0.06171875 0.2375 0.08828125
2 0.08125 0.06171875 0.0765625 0.02890625
4 0.12578125 0.178125 0.2375 0.0875
2 0.05546875 0.178125 0.07578125 0.03125
4 0.12578125 0.31328125 0.2375 0.0625
2 0.08203125 0.3140625 0.07734375 0.02890625
4 0.12578125 0.4046875 0.2375 0.06171875
2 0.0546875 0.4046875 0.07734375 0.02890625
4 0.12578125 0.56015625 0.2375 0.12421875
2 0.09765625 0.56015625 0.0765625 0.03203125
4 0.125 0.69453125 0.23671875 0.0859375
2 0.05546875 0.69453125 0.07734375 0.0296875
4 0.12578125 0.84765625 0.23828125 0.103125
2 0.096875 0.8484375 0.07734375 0.03046875
4 0.12578125 0.95859375 0.23828125 0.0640625
2 0.05625 0.95625 0.078125 0.02734375
4 0.37578125 0.0609375 0.2390625 0.090625
2 0.33125 0.0609375 0.07734375 0.03203125
4 0.37578125 0.178125 0.2375 0.09140625
2 0.30546875 0.17578125 0.07734375 0.02890625
4 0.375 0.31328125 0.2375 0.065625
2 0.33125 0.3125 0.07734375 0.02890625
4 0.37578125 0.40546875 0.23671875 0.06328125
2 0.3046875 0.40546875 0.07734375 0.0296875
4 0.37578125 0.55859375 0.2375 0.125
2 0.346875 0.559375 0.07734375 0.03359375
4 0.37578125 0.69375 0.2375 0.08671875
2 0.3046875 0.6921875 0.0765625 0.02578125
4 0.375 0.84765625 0.23828125 0.096875
2 0.346875 0.84609375 0.0765625 0.02578125
4 0.37578125 0.959375 0.2375 0.06171875
2 0.3046875 0.95859375 0.07578125 0.02890625
4 0.62578125 0.06171875 0.2375 0.08828125
2 0.58125 0.06171875 0.078125 0.0359375
4 0.625 0.178125 0.23828125 0.09140625
2 0.5546875 0.17734375 0.078125 0.028125
4 0.625 0.31328125 0.23671875 0.06484375
2 0.58046875 0.3140625 0.07734375 0.0296875
4 0.625 0.40546875 0.23671875 0.065625
2 0.5546875 0.4046875 0.0765625 0.03046875
4 0.625 0.55859375 0.2375 0.12578125
2 0.59765625 0.5578125 0.07734375 0.028125
4 0.625 0.69375 0.2375 0.08984375
2 0.5546875 0.69296875 0.07734375 0.0265625
4 0.625 0.84765625 0.23828125 0.10234375
2 0.59765625 0.84609375 0.078125 0.02890625
4 0.625 0.95859375 0.23828125 0.065625
2 0.5546875 0.9578125 0.07734375 0.0328125
4 0.875 0.0609375 0.2375 0.08984375
2 0.83046875 0.0578125 0.0765625 0.03203125
4 0.875 0.178125 0.23828125 0.08984375
2 0.8046875 0.1765625 0.078125 0.0359375
4 0.875 0.31328125 0.23828125 0.065625
2 0.83046875 0.3125 0.07734375 0.02734375
4 0.875 0.40546875 0.2375 0.06484375
2 0.8046875 0.40390625 0.07734375 0.0296875
4 0.875 0.559375 0.23828125 0.125
2 0.846875 0.55859375 0.078125 0.0296875
4 0.875 0.69453125 0.2375 0.0890625
2 0.8046875 0.69375 0.07734375 0.028125
4 0.875 0.84765625 0.2375 0.10078125
2 0.84609375 0.84609375 0.0765625 0.02578125
4 0.875 0.95859375 0.2375 0.0640625
2 0.8046875 0.95703125 0.07890625 0.02890625