4 0.94921875 0.7203125 0.1015625 0.5
2 0.96640625 0.80546875 0.0453125 0.1953125
4 0.84296875 0.7296875 0.1234375 0.4984375
2 0.85078125 0.871875 0.0453125 0.1984375
4 0.703125 0.73828125 0.1 0.5
2 0.7078125 0.82421875 0.04375 0.1921875
4 0.61015625 0.7453125 0.0984375 0.4984375
2 0.61796875 0.8875 0.04375 0.1953125
4 0.45234375 0.75234375 0.1609375 0.4953125
2 0.453125 0.809375 0.0421875 0.19375
4 0.3140625 0.7578125 0.125 0.484375
2 0.32265625 0.90546875 0.0421875 0.1890625
4 0.92578125 0.225 0.1203125 0.45
2 0.928125 0.271875 0.040625 0.1921875
4 0.80703125 0.22890625 0.1234375 0.4578125
2 0.8125 0.33671875 0.04375 0.1921875
4 0.66640625 0.23359375 0.0984375 0.4671875
2 0.6703125 0.28984375 0.0421875 0.1953125
4 0.57265625 0.23671875 0.0984375 0.4734375
2 0.57890625 0.353125 0.0453125 0.19375
4 0.4171875 0.2453125 0.159375 0.4875
2 0.41640625 0.27265625 0.0453125 0.19375
4 0.278125 0.25390625 0.1234375 0.4828125
2 0.28671875 0.371875 0.0453125 0.1953125
4 0.121875 0.26484375 0.1359375 0.484375
2 0.121875 0.29375 0.0453125 0.19375
4 0.028125 0.271875 0.05625 0.48125
2 0.01796875 0.39296875 0.0359375 0.1921875
4 0.04765625 0.7671875 0.0921875 0.465625
2 0.053125 0.915625 0.04375 0.16875
4 0.15859375 0.7625 0.1359375 0.475
2 0.15859375 0.8296875 0.040625 0.1921875