4 0.1640625 0.0734375 0.2703125 0.1171875
2 0.08515625 0.06796875 0.0859375 0.040625
4 0.153125 0.22265625 0.26875 0.0890625
2 0.1046875 0.22109375 0.0875 0.0375
4 0.14609375 0.325 0.26875 0.0875
2 0.0671875 0.31953125 0.0875 0.0390625
4 0.134375 0.49609375 0.26875 0.1578125
2 0.10234375 0.4953125 0.0859375 0.0421875
4 0.12890625 0.646875 0.2578125 0.115625
2 0.0453125 0.6421875 0.0875 0.0390625
4 0.1234375 0.8171875 0.246875 0.134375
2 0.0796875 0.815625 0.0890625 0.040625
4 0.11875 0.9390625 0.2375 0.0875
2 0.03515625 0.9328125 0.0703125 0.0375
4 0.440625 0.0921875 0.2703125 0.1203125
2 0.36328125 0.08359375 0.0875 0.0375
4 0.4296875 0.24296875 0.26875 0.0921875
2 0.38125 0.23828125 0.0875 0.0375
4 0.4234375 0.3453125 0.2671875 0.0890625
2 0.34453125 0.33984375 0.0875 0.0390625
4 0.4109375 0.515625 0.2734375 0.1578125
2 0.3796875 0.5140625 0.0890625 0.04375
4 0.40078125 0.665625 0.2703125 0.115625
2 0.321875 0.659375 0.0875 0.034375
4 0.3890625 0.83671875 0.271875 0.1265625
2 0.35703125 0.8328125 0.0859375 0.034375
4 0.3796875 0.95859375 0.26875 0.0828125
2 0.30234375 0.95546875 0.0859375 0.0375
4 0.7171875 0.11171875 0.271875 0.1203125
2 0.63984375 0.10546875 0.0890625 0.0375
4 0.70703125 0.2625 0.2671875 0.090625
2 0.6578125 0.259375 0.0875 0.0390625
4 0.7 0.3640625 0.2671875 0.090625
2 0.621875 0.3578125 0.0859375 0.040625
4 0.6875 0.53515625 0.275 0.159375
2 0.6578125 0.53203125 0.0875 0.0375
4 0.67734375 0.68515625 0.2703125 0.11875
2 0.59921875 0.67890625 0.0875 0.034375
4 0.665625 0.85625 0.2734375 0.1328125
2 0.63515625 0.85234375 0.0890625 0.0390625
4 0.65703125 0.96640625 0.2703125 0.0671875
2 0.57890625 0.9734375 0.0890625 0.04375
4 0.92890625 0.1265625 0.1421875 0.1125
2 0.9171875 0.12421875 0.090625 0.046875
4 0.92421875 0.2765625 0.1515625 0.084375
2 0.93515625 0.27734375 0.0875 0.0359375
4 0.9203125 0.3796875 0.159375 0.084375
2 0.8984375 0.37578125 0.0875 0.0390625
4 0.91328125 0.55 0.1734375 0.15
2 0.93359375 0.55234375 0.0890625 0.040625
4 0.90390625 0.70078125 0.171875 0.1109375
2 0.87578125 0.69921875 0.0875 0.0390625
4 0.8921875 0.87109375 0.1734375 0.121875
2 0.9109375 0.871875 0.0859375 0.034375
4 0.88359375 0.9765625 0.1703125 0.046875
2 0.85546875 0.9859375 0.0890625 0.028125