4 0.1234375 0.0625 0.23671875 0.0859375
2 0.08671875 0.0625 0.090625 0.02578125
4 0.1234375 0.1765625 0.23671875 0.0859375
2 0.06015625 0.17578125 0.08984375 0.02734375
4 0.1234375 0.30703125 0.2359375 0.0609375
2 0.08671875 0.30859375 0.0890625 0.028125
4 0.1234375 0.39609375 0.2359375 0.06015625
2 0.06015625 0.396875 0.0875 0.0265625
4 0.1234375 0.54609375 0.23671875 0.1203125
2 0.1015625 0.546875 0.0890625 0.02578125
4 0.1234375 0.67734375 0.23671875 0.08515625
2 0.06015625 0.6765625 0.0890625 0.03046875
4 0.1234375 0.82734375 0.23671875 0.0984375
2 0.10234375 0.828125 0.090625 0.0328125
4 0.1234375 0.9328125 0.2359375 0.0609375
2 0.06015625 0.9328125 0.08984375 0.03046875
4 0.37265625 0.0625 0.23828125 0.084375
2 0.33515625 0.0625 0.0921875 0.0328125
4 0.37265625 0.175 0.2359375 0.0859375
2 0.309375 0.17421875 0.090625 0.03359375
4 0.37265625 0.30625 0.2390625 0.065625
2 0.3359375 0.30625 0.09140625 0.03984375
4 0.37265625 0.396875 0.23828125 0.06484375
2 0.309375 0.396875 0.09296875 0.03203125
4 0.371875 0.54609375 0.23828125 0.12265625
2 0.35078125 0.54609375 0.09375 0.0375
4 0.37265625 0.678125 0.2375 0.08671875
2 0.30859375 0.678125 0.0921875 0.0359375
4 0.37265625 0.82578125 0.2375 0.1015625
2 0.35 0.825 0.0921875 0.03984375
4 0.371875 0.9328125 0.23671875 0.06328125
2 0.3078125 0.93359375 0.09140625 0.03515625
4 0.62109375 0.0625 0.23671875 0.0875
2 0.58359375 0.0640625 0.090625 0.034375
4 0.62109375 0.17578125 0.2375 0.0890625
2 0.55625 0.1765625 0.090625 0.034375
4 0.62109375 0.3078125 0.23671875 0.0625
2 0.58359375 0.30859375 0.08984375 0.03125
4 0.62109375 0.396875 0.23671875 0.0625
2 0.5578125 0.39921875 0.090625 0.03125
4 0.62109375 0.54609375 0.23671875 0.121875
2 0.59921875 0.5484375 0.090625 0.03671875
4 0.6203125 0.67734375 0.23671875 0.0859375
2 0.55703125 0.678125 0.08984375 0.03203125
4 0.62109375 0.8265625 0.23671875 0.09921875
2 0.59921875 0.8265625 0.090625 0.034375
4 0.62109375 0.934375 0.2359375 0.0625
2 0.5578125 0.93515625 0.09140625 0.03359375
4 0.86953125 0.0625 0.23671875 0.0859375
2 0.83203125 0.06328125 0.08984375 0.03046875
4 0.86953125 0.1765625 0.23671875 0.08671875
2 0.80546875 0.1765625 0.08984375 0.03203125
4 0.86953125 0.30703125 0.2359375 0.0625
2 0.83125 0.30703125 0.0890625 0.02890625
4 0.86953125 0.396875 0.2359375 0.06171875
2 0.80625 0.39765625 0.090625 0.03203125
4 0.86953125 0.54609375 0.23671875 0.12265625
2 0.84765625 0.546875 0.08984375 0.0296875
4 0.86953125 0.67734375 0.23671875 0.0875
2 0.80546875 0.6765625 0.0890625 0.03359375
4 0.86953125 0.8265625 0.23671875 0.09921875
2 0.84765625 0.82578125 0.0890625 0.02734375
4 0.86875 0.934375 0.2359375 0.0625
2 0.80625 0.93515625 0.0890625 0.03203125