4 0.12421875 0.08203125 0.1234375 0.1640625
2 0.1265625 0.02265625 0.046875 0.0453125
4 0.234375 0.0953125 0.140625 0.190625
2 0.2484375 0.02109375 0.046875 0.0421875
4 0.3703125 0.1078125 0.115625 0.215625
2 0.38046875 0.05078125 0.0484375 0.0984375
4 0.4625 0.1171875 0.1125 0.234375
2 0.478125 0.0453125 0.046875 0.090625
4 0.6171875 0.140625 0.1765625 0.2703125
2 0.6234375 0.11796875 0.0453125 0.096875
4 0.75234375 0.16953125 0.140625 0.2625
2 0.7671875 0.10390625 0.05 0.0984375
4 0.90859375 0.20234375 0.153125 0.2640625
2 0.91484375 0.18046875 0.053125 0.1015625
4 0.9796875 0.22421875 0.040625 0.2546875
4 0.07109375 0.29140625 0.1234375 0.2609375
2 0.071875 0.25234375 0.053125 0.1015625
4 0.1796875 0.31640625 0.140625 0.2640625
2 0.19296875 0.25078125 0.053125 0.1
4 0.315625 0.3453125 0.1203125 0.2609375
2 0.3234375 0.30703125 0.059375 0.103125
4 0.40859375 0.36484375 0.1203125 0.2609375
2 0.42265625 0.29921875 0.0546875 0.103125
4 0.56328125 0.396875 0.178125 0.2734375
2 0.56875 0.37578125 0.0609375 0.1046875
4 0.7 0.4265625 0.1421875 0.2640625
2 0.7140625 0.3609375 0.05625 0.103125
4 0.85234375 0.459375 0.1578125 0.2671875
2 0.85625 0.4359375 0.0609375 0.103125
4 0.953125 0.48203125 0.09375 0.2578125
2 0.975 0.415625 0.05 0.103125
4 0.03984375 0.546875 0.0796875 0.259375
2 0.0234375 0.50859375 0.046875 0.1015625
4 0.12578125 0.571875 0.14375 0.2640625
2 0.140625 0.50625 0.0546875 0.1015625
4 0.2625 0.6015625 0.115625 0.2578125
2 0.271875 0.5625 0.0515625 0.0984375
4 0.3546875 0.62109375 0.115625 0.2578125
2 0.371875 0.55546875 0.053125 0.1
4 0.50859375 0.65390625 0.1765625 0.271875
2 0.51640625 0.63125 0.0578125 0.1015625
4 0.64453125 0.6828125 0.140625 0.2640625
2 0.659375 0.6171875 0.053125 0.0984375
4 0.79921875 0.715625 0.1546875 0.265625
2 0.80390625 0.6921875 0.0546875 0.1015625
4 0.91015625 0.7390625 0.115625 0.2578125
2 0.925 0.67421875 0.053125 0.1015625
4 0.01171875 0.78671875 0.0234375 0.2265625
4 0.07578125 0.8109375 0.1328125 0.2296875
2 0.08671875 0.76328125 0.053125 0.1
4 0.209375 0.8390625 0.109375 0.225
2 0.215625 0.81796875 0.05 0.0984375
4 0.303125 0.859375 0.1078125 0.225
2 0.315625 0.81328125 0.053125 0.1
4 0.45625 0.8859375 0.171875 0.228125
2 0.4609375 0.8875 0.05 0.0984375
4 0.59296875 0.90234375 0.1359375 0.1953125
2 0.60390625 0.87265625 0.0546875 0.1
4 0.74609375 0.91796875 0.1484375 0.1640625
2 0.7484375 0.94921875 0.046875 0.096875
4 0.85703125 0.93203125 0.1078125 0.1359375
2 0.87109375 0.93046875 0.053125 0.0984375