4 0.33359375 0.04765625 0.4984375 0.0953125
2 0.25859375 0.0125 0.1921875 0.025
4 0.31328125 0.125 0.496875 0.171875
2 0.18515625 0.103125 0.1890625 0.059375
4 0.290625 0.2578125 0.4921875 0.146875
2 0.215625 0.24609375 0.1890625 0.0609375
4 0.27421875 0.34921875 0.49375 0.146875
2 0.1453125 0.328125 0.1890625 0.0609375
4 0.24921875 0.5 0.4984375 0.209375
2 0.2046875 0.4921875 0.1921875 0.0578125
4 0.2359375 0.6328125 0.471875 0.171875
2 0.096875 0.61015625 0.19375 0.0640625
4 0.22265625 0.78515625 0.4453125 0.1796875
2 0.153125 0.778125 0.1921875 0.0640625
4 0.2125 0.89375 0.425 0.146875
2 0.07265625 0.87109375 0.1453125 0.0578125
4 0.796875 0.09609375 0.40625 0.1671875
2 0.76640625 0.08515625 0.1921875 0.0609375
4 0.7859375 0.2125 0.428125 0.16875
2 0.69375 0.190625 0.1921875 0.0578125
4 0.77578125 0.34609375 0.4484375 0.1453125
2 0.7234375 0.3328125 0.1890625 0.0578125
4 0.7671875 0.4359375 0.465625 0.146875
2 0.65390625 0.4171875 0.190625 0.0609375
4 0.74921875 0.58828125 0.49375 0.209375
2 0.71328125 0.5828125 0.1921875 0.0609375
4 0.72578125 0.721875 0.4859375 0.171875
2 0.60546875 0.7 0.1921875 0.0578125
4 0.69921875 0.8734375 0.4875 0.18125
2 0.66328125 0.865625 0.1890625 0.059375
4 0.6796875 0.9546875 0.48125 0.090625
2 0.559375 0.96171875 0.1921875 0.0578125