4 0.253125 0.06640625 0.47734375 0.08515625
2 0.1796875 0.065625 0.184375 0.0265625
4 0.253125 0.1796875 0.475 0.0859375
2 0.1265625 0.18046875 0.18203125 0.02578125
4 0.25390625 0.3109375 0.47578125 0.06015625
2 0.18046875 0.3125 0.18203125 0.028125
4 0.25390625 0.4015625 0.47734375 0.06171875
2 0.12734375 0.403125 0.18359375 0.02734375
4 0.253125 0.5515625 0.4765625 0.1234375
2 0.21171875 0.55078125 0.184375 0.025
4 0.253125 0.68359375 0.47578125 0.08515625
2 0.12734375 0.6828125 0.18671875 0.03125
4 0.25390625 0.83359375 0.475 0.09453125
2 0.2109375 0.834375 0.18359375 0.03046875
4 0.25390625 0.94140625 0.4765625 0.0609375
2 0.12734375 0.94140625 0.18515625 0.025
4 0.75546875 0.065625 0.47578125 0.084375
2 0.68046875 0.065625 0.18515625 0.02734375
4 0.75546875 0.1796875 0.47734375 0.08515625
2 0.628125 0.17890625 0.184375 0.02421875
4 0.75546875 0.31171875 0.4765625 0.0609375
2 0.68203125 0.31015625 0.1828125 0.02421875
4 0.75546875 0.4015625 0.478125 0.06328125
2 0.62890625 0.40234375 0.18359375 0.02734375
4 0.7546875 0.5515625 0.47578125 0.1234375
2 0.71328125 0.5515625 0.184375 0.02734375
4 0.75546875 0.68359375 0.4765625 0.0875
2 0.6296875 0.6828125 0.18515625 0.02578125
4 0.75546875 0.83359375 0.4765625 0.09765625
2 0.71328125 0.83203125 0.18203125 0.02578125
4 0.75546875 0.94140625 0.4765625 0.0609375
2 0.6296875 0.94140625 0.184375 0.025