4 0.96875 0.85078125 0.0625 0.2359375
2 0.98828125 0.9046875 0.0234375 0.08125
4 0.8703125 0.859375 0.10625 0.2375
2 0.87578125 0.93828125 0.0390625 0.0734375
4 0.73046875 0.8703125 0.08125 0.234375
2 0.7328125 0.9234375 0.0359375 0.08125
4 0.63515625 0.8765625 0.0796875 0.234375
2 0.64140625 0.9546875 0.0359375 0.075
4 0.475 0.884375 0.14375 0.23125
2 0.47578125 0.92421875 0.0390625 0.08125
4 0.334375 0.88984375 0.10625 0.2203125
2 0.33984375 0.96875 0.0359375 0.0625
4 0.175 0.8953125 0.121875 0.209375
2 0.17734375 0.94609375 0.0375 0.0828125
4 0.0609375 0.89921875 0.08125 0.2015625
2 0.06953125 0.97734375 0.0328125 0.0453125
4 0.959375 0.60234375 0.08125 0.2515625
2 0.9765625 0.646875 0.040625 0.0828125
4 0.85234375 0.609375 0.1109375 0.253125
2 0.859375 0.68125 0.0359375 0.0828125
4 0.71171875 0.61875 0.0859375 0.2515625
2 0.715625 0.66484375 0.0375 0.0828125
4 0.61640625 0.62578125 0.0828125 0.25
2 0.62109375 0.69921875 0.0375 0.08125
4 0.45703125 0.63671875 0.146875 0.2546875
2 0.45859375 0.66640625 0.040625 0.08125
4 0.31796875 0.646875 0.1078125 0.253125
2 0.3234375 0.71953125 0.0328125 0.08125
4 0.1578125 0.6578125 0.1171875 0.253125
2 0.16171875 0.6875 0.0328125 0.08125
4 0.0421875 0.66640625 0.08125 0.25
2 0.04765625 0.7390625 0.0359375 0.0796875
4 0.95 0.34296875 0.096875 0.2515625
2 0.9578125 0.38828125 0.04375 0.084375
4 0.83359375 0.35078125 0.1109375 0.253125
2 0.83984375 0.4234375 0.034375 0.0828125
4 0.69375 0.3609375 0.084375 0.25
2 0.6953125 0.40703125 0.0375 0.0828125
4 0.59765625 0.3671875 0.0859375 0.2515625
2 0.60390625 0.440625 0.0375 0.08125
4 0.4390625 0.378125 0.1484375 0.2546875
2 0.4421875 0.40703125 0.0359375 0.0828125
4 0.2984375 0.38828125 0.1109375 0.253125
2 0.3046875 0.4609375 0.034375 0.0828125
4 0.1390625 0.39921875 0.1234375 0.253125
2 0.14296875 0.428125 0.0375 0.0828125
4 0.03359375 0.40703125 0.0671875 0.2515625
2 0.03046875 0.48046875 0.040625 0.08125
4 0.9328125 0.1046875 0.096875 0.209375
2 0.94375 0.1296875 0.0390625 0.0796875
4 0.81640625 0.109375 0.1109375 0.21875
2 0.82265625 0.16484375 0.04375 0.084375
4 0.67578125 0.1140625 0.0859375 0.228125
2 0.6796875 0.14765625 0.034375 0.08125
4 0.58046875 0.1171875 0.0859375 0.234375
2 0.5875 0.18125 0.0375 0.0828125
4 0.421875 0.12421875 0.1453125 0.246875
2 0.42265625 0.14921875 0.0375 0.0828125
4 0.28125 0.13359375 0.1109375 0.2453125
2 0.2859375 0.20234375 0.0359375 0.08125
4 0.121875 0.1453125 0.1203125 0.2453125
2 0.12421875 0.1703125 0.0328125 0.08125
4 0.02421875 0.153125 0.0484375 0.24375
2 0.015625 0.22109375 0.03125 0.0828125