4 0.05234375 0.31875 0.1046875 0.484375
2 0.01875 0.23671875 0.0375 0.1890625
4 0.13359375 0.2984375 0.1671875 0.4828125
2 0.1109375 0.16171875 0.0640625 0.19375
4 0.26640625 0.2765625 0.1453125 0.48125
2 0.253125 0.19296875 0.059375 0.1859375
4 0.35546875 0.259375 0.14375 0.4796875
2 0.3328125 0.1234375 0.0609375 0.1890625
4 0.5046875 0.2390625 0.203125 0.478125
2 0.49765625 0.18125 0.0578125 0.1875
4 0.6359375 0.22578125 0.16875 0.4515625
2 0.6125 0.08359375 0.059375 0.1671875
4 0.11015625 0.7859375 0.1703125 0.428125
2 0.09765625 0.7453125 0.0578125 0.1859375
4 0.2234375 0.77578125 0.171875 0.4484375
2 0.2015625 0.671875 0.0609375 0.1875
4 0.3546875 0.765625 0.146875 0.46875
2 0.34296875 0.70234375 0.0578125 0.1875
4 0.44375 0.75703125 0.146875 0.4859375
2 0.42421875 0.63125 0.0609375 0.1875
4 0.59375 0.73671875 0.2078125 0.5078125
2 0.5875 0.69296875 0.0625 0.1875
4 0.72578125 0.71328125 0.171875 0.5
2 0.70234375 0.58515625 0.0625 0.1890625
4 0.87421875 0.68671875 0.184375 0.5015625
2 0.8671875 0.64296875 0.0609375 0.1875
4 0.95390625 0.6671875 0.0921875 0.49375
2 0.959375 0.53828125 0.059375 0.1859375
4 0.8921875 0.20234375 0.14375 0.4046875
2 0.86796875 0.0609375 0.0609375 0.121875
4 0.78515625 0.21328125 0.1796875 0.4265625
2 0.77890625 0.1328125 0.059375 0.1859375