4 0.11171875 0.7984375 0.1953125 0.403125
2 0.128125 0.9125 0.06875 0.175
4 0.22578125 0.78515625 0.1953125 0.4296875
2 0.25625 0.92578125 0.06875 0.1484375
4 0.35703125 0.771875 0.1703125 0.45625
2 0.37578125 0.8625 0.0703125 0.1890625
4 0.4484375 0.7609375 0.171875 0.478125
2 0.47890625 0.89453125 0.0703125 0.1890625
4 0.5984375 0.73359375 0.234375 0.50625
2 0.60703125 0.77578125 0.0671875 0.190625
4 0.7296875 0.70390625 0.1953125 0.4984375
2 0.75859375 0.8296875 0.0734375 0.19375
4 0.8796875 0.66875 0.2046875 0.496875
2 0.890625 0.71171875 0.0734375 0.190625
4 0.95078125 0.64296875 0.0984375 0.4921875
2 0.99140625 0.7703125 0.0171875 0.190625
4 0.0453125 0.34765625 0.090625 0.4859375
2 0.02421875 0.41796875 0.0484375 0.1921875
4 0.1109375 0.32265625 0.19375 0.4875
2 0.13828125 0.44453125 0.0671875 0.190625
4 0.24296875 0.2921875 0.16875 0.48125
2 0.2578125 0.36015625 0.0671875 0.1890625
4 0.33203125 0.271875 0.171875 0.4828125
2 0.36171875 0.3921875 0.0703125 0.190625
4 0.48203125 0.2421875 0.2328125 0.484375
2 0.49140625 0.2734375 0.0703125 0.1921875
4 0.6140625 0.225 0.196875 0.45
2 0.6421875 0.32578125 0.0671875 0.190625
4 0.76328125 0.20859375 0.2046875 0.4171875
2 0.771875 0.2078125 0.06875 0.1890625
4 0.871875 0.19375 0.16875 0.3875
2 0.90078125 0.2671875 0.0671875 0.190625