4 0.2421875 0.0625 0.4828125 0.08515625
2 0.16796875 0.06171875 0.18359375 0.02890625
4 0.24140625 0.17578125 0.48125 0.08515625
2 0.1125 0.175 0.18671875 0.0296875
4 0.24296875 0.30625 0.48359375 0.06171875
2 0.16640625 0.3078125 0.18203125 0.02890625
4 0.2421875 0.39609375 0.4828125 0.0609375
2 0.11328125 0.39609375 0.18359375 0.028125
4 0.2421875 0.54453125 0.48359375 0.12109375
2 0.19765625 0.54609375 0.18203125 0.0265625
4 0.2421875 0.675 0.4828125 0.08515625
2 0.1125 0.67578125 0.18125 0.0265625
4 0.75078125 0.06171875 0.48359375 0.084375
2 0.67421875 0.0625 0.18125 0.0265625
4 0.75078125 0.175 0.4828125 0.0859375
2 0.621875 0.1765625 0.18125 0.02890625
4 0.7515625 0.30625 0.48359375 0.0609375
2 0.675 0.3078125 0.1828125 0.0265625
4 0.75078125 0.39609375 0.48359375 0.0609375
2 0.6203125 0.39765625 0.18203125 0.0296875
4 0.75078125 0.54453125 0.48515625 0.121875
2 0.7078125 0.5453125 0.18203125 0.03046875
4 0.75078125 0.67578125 0.48359375 0.0859375
2 0.62265625 0.675 0.184375 0.02890625
4 0.75078125 0.82421875 0.48359375 0.09765625
2 0.70703125 0.825 0.18203125 0.0296875
4 0.75078125 0.93125 0.4828125 0.06171875
2 0.62109375 0.93203125 0.18046875 0.028125
4 0.24296875 0.93125 0.48203125 0.06171875
2 0.1125 0.93125 0.18203125 0.0296875
4 0.2421875 0.825 0.48203125 0.096875
2 0.19765625 0.82578125 0.18046875 0.02734375