4 0.0828125 0.10078125 0.165625 0.1140625
2 0.02265625 0.10625 0.0453125 0.040625
4 0.0921875 0.21875 0.184375 0.121875
2 0.01640625 0.22890625 0.0328125 0.0390625
4 0.10078125 0.35859375 0.2015625 0.0953125
2 0.04140625 0.36953125 0.0828125 0.0421875
4 0.10703125 0.45546875 0.2140625 0.0953125
2 0.0328125 0.465625 0.065625 0.0375
4 0.1234375 0.61484375 0.2375 0.1609375
2 0.08515625 0.621875 0.1 0.040625
4 0.14375 0.75625 0.234375 0.121875
2 0.06953125 0.76484375 0.0765625 0.0421875
4 0.165625 0.91640625 0.234375 0.1359375
2 0.128125 0.92421875 0.103125 0.05
4 0.18046875 0.990625 0.2265625 0.01875
4 0.3015625 0.06640625 0.265625 0.11875
2 0.2609375 0.06875 0.103125 0.0484375
4 0.31796875 0.18359375 0.2671875 0.128125
2 0.25078125 0.19296875 0.1015625 0.0484375
4 0.33828125 0.32421875 0.265625 0.10625
2 0.2984375 0.3296875 0.1046875 0.0578125
4 0.3515625 0.42109375 0.2640625 0.103125
2 0.284375 0.43125 0.103125 0.0484375
4 0.3734375 0.58125 0.271875 0.165625
2 0.35078125 0.58515625 0.1046875 0.0546875
4 0.39375 0.72265625 0.2671875 0.128125
2 0.32578125 0.73203125 0.1046875 0.053125
4 0.41640625 0.88046875 0.26875 0.14375
2 0.3921875 0.8828125 0.1046875 0.0578125
4 0.43046875 0.971875 0.2609375 0.05625
2 0.36171875 0.9890625 0.1046875 0.021875
4 0.5671875 0.0453125 0.265625 0.090625
2 0.5265625 0.0328125 0.103125 0.0515625
4 0.58359375 0.14765625 0.2671875 0.13125
2 0.51484375 0.1578125 0.103125 0.0515625
4 0.60390625 0.28828125 0.2640625 0.103125
2 0.56328125 0.29453125 0.1 0.046875
4 0.6171875 0.384375 0.2640625 0.103125
2 0.55 0.39609375 0.1 0.046875
4 0.6390625 0.54375 0.271875 0.165625
2 0.61640625 0.54921875 0.1015625 0.053125
4 0.659375 0.684375 0.2671875 0.1265625
2 0.59140625 0.69453125 0.1 0.046875
4 0.68203125 0.84453125 0.26875 0.140625
2 0.65859375 0.84765625 0.103125 0.0515625
4 0.696875 0.9515625 0.259375 0.0859375
2 0.63046875 0.96875 0.1015625 0.0484375
4 0.81875 0.02578125 0.2375 0.0515625
2 0.7921875 0.009375 0.1 0.01875
4 0.83515625 0.1125 0.2390625 0.125
2 0.78203125 0.1203125 0.1 0.046875
4 0.8546875 0.2515625 0.2359375 0.1
2 0.82890625 0.25546875 0.1 0.04375
4 0.86875 0.34765625 0.234375 0.096875
2 0.815625 0.35703125 0.1 0.046875
4 0.884375 0.50625 0.23125 0.1625
2 0.8828125 0.5109375 0.1 0.04375
4 0.8953125 0.64765625 0.209375 0.1265625
2 0.85625 0.65546875 0.1015625 0.05
4 0.90625 0.80859375 0.1875 0.1390625
2 0.92421875 0.80859375 0.1 0.0421875
4 0.915625 0.91484375 0.16875 0.0828125
2 0.89609375 0.93203125 0.1 0.046875