5 0.80390625 0.1296875 0.3921875 0.146875
5 0.7984375 0.175 0.403125 0.140625
5 0.78671875 0.24296875 0.4265625 0.1859375
5 0.77421875 0.3234375 0.434375 0.16875
5 0.3796875 0.04609375 0.428125 0.0921875
5 0.36796875 0.06640625 0.4234375 0.1328125
5 0.35 0.13203125 0.4359375 0.1875
5 0.33125 0.21484375 0.43125 0.1640625
5 0.74375 0.4484375 0.4265625 0.1453125
5 0.29921875 0.33671875 0.4296875 0.1484375
5 0.71484375 0.56171875 0.4421875 0.1875
5 0.734375 0.49453125 0.4234375 0.1390625
5 0.2703125 0.45 0.4390625 0.1890625
5 0.28671875 0.38359375 0.428125 0.1375
5 0.69375 0.64375 0.43125 0.165625
5 0.25 0.5328125 0.4375 0.1703125
5 0.66328125 0.76640625 0.43125 0.1515625
5 0.65234375 0.8125 0.428125 0.1375
5 0.21953125 0.6546875 0.4296875 0.1484375
5 0.21171875 0.70234375 0.4234375 0.1390625
5 0.6359375 0.88046875 0.4421875 0.190625
5 0.2046875 0.76796875 0.409375 0.1859375
5 0.615625 0.9375 0.4375 0.125
5 0.19375 0.85 0.3875 0.16875
23 0.99453125 0.221875 0.0109375 0.0125
23 0.98671875 0.26640625 0.0171875 0.0125
23 0.56484375 0.06484375 0.0171875 0.0125
23 0.96484375 0.3546875 0.0171875 0.0125
23 0.9296875 0.49375 0.0171875 0.0125
23 0.553125 0.1109375 0.0171875 0.0125
23 0.51953125 0.24375 0.0171875 0.0125
23 0.54140625 0.15546875 0.0171875 0.0125
23 0.85078125 0.81171875 0.0171875 0.0125
23 0.40546875 0.70078125 0.0171875 0.0125
23 0.8390625 0.859375 0.0171875 0.0109375
23 0.90703125 0.58515625 0.0171875 0.0125
23 0.48515625 0.38359375 0.0171875 0.0125
23 0.91796875 0.540625 0.0171875 0.0125
23 0.828125 0.903125 0.0171875 0.0125
23 0.88515625 0.6734375 0.0171875 0.0125
23 0.46171875 0.47421875 0.0171875 0.0125
23 0.47421875 0.4296875 0.0171875 0.0125
23 0.39375 0.7484375 0.0171875 0.0109375
23 0.43984375 0.56328125 0.0171875 0.0125
23 0.3828125 0.79296875 0.0171875 0.0125
23 0.80546875 0.9921875 0.0171875 0.0125
23 0.3609375 0.88125 0.0171875 0.0125