5 0.878125 0.20703125 0.125 0.4140625
5 0.8328125 0.21171875 0.11875 0.4234375
5 0.7640625 0.221875 0.165625 0.4390625
5 0.6828125 0.23671875 0.146875 0.4359375
5 0.9515625 0.64609375 0.096875 0.4296875
5 0.9203125 0.65625 0.115625 0.4265625
5 0.85234375 0.6703125 0.165625 0.4359375
5 0.76796875 0.68515625 0.14375 0.4328125
5 0.55703125 0.26015625 0.125 0.428125
5 0.6453125 0.71015625 0.1265625 0.43125
5 0.4421875 0.28359375 0.165625 0.4421875
5 0.51015625 0.26796875 0.1171875 0.4265625
5 0.53125 0.73359375 0.16875 0.440625
5 0.59765625 0.7203125 0.115625 0.43125
5 0.35859375 0.30078125 0.1453125 0.4328125
5 0.44765625 0.74921875 0.1484375 0.4390625
5 0.2359375 0.32421875 0.1296875 0.434375
5 0.18828125 0.3328125 0.115625 0.43125
5 0.3234375 0.7734375 0.1265625 0.43125
5 0.27578125 0.78125 0.1171875 0.4328125
5 0.11953125 0.3453125 0.16875 0.44375
5 0.2078125 0.78828125 0.165625 0.4234375
5 0.05625 0.36171875 0.1125 0.4390625
5 0.125 0.796875 0.146875 0.40625
23 0.84375 0.009375 0.0140625 0.01875
23 0.79609375 0.01875 0.0125 0.0171875
23 0.7515625 0.028125 0.0125 0.0171875
23 0.93125 0.459375 0.0125 0.0171875
23 0.66171875 0.0453125 0.0125 0.0171875
23 0.52109375 0.07265625 0.0125 0.0171875
23 0.88359375 0.46875 0.0125 0.0171875
23 0.74921875 0.4953125 0.0125 0.0171875
23 0.8390625 0.478125 0.0125 0.0171875
23 0.19921875 0.13515625 0.0125 0.0171875
23 0.28671875 0.58515625 0.0125 0.0171875
23 0.1515625 0.14453125 0.0109375 0.0171875
23 0.428125 0.090625 0.0125 0.0171875
23 0.60859375 0.52265625 0.0125 0.0171875
23 0.4734375 0.08203125 0.0125 0.0171875
23 0.10703125 0.153125 0.0125 0.0171875
23 0.3390625 0.1078125 0.0125 0.0171875
23 0.515625 0.540625 0.0125 0.0171875
23 0.5609375 0.53125 0.0125 0.0171875
23 0.2390625 0.59453125 0.0109375 0.0171875
23 0.4265625 0.5578125 0.0125 0.0171875
23 0.19453125 0.603125 0.0125 0.0171875
23 0.01640625 0.1703125 0.0125 0.0171875
23 0.10390625 0.62109375 0.0125 0.0171875