5 0.2734375 0.07109375 0.4265625 0.04296875
5 0.27421875 0.11875 0.425 0.03671875
5 0.27421875 0.1875 0.42578125 0.08359375
5 0.27421875 0.26875 0.42734375 0.0640625
5 0.725 0.07109375 0.425 0.04453125
5 0.72578125 0.11796875 0.4234375 0.03359375
5 0.7265625 0.18671875 0.42265625 0.08515625
5 0.725 0.27109375 0.42265625 0.06171875
5 0.27265625 0.39609375 0.4234375 0.04375
5 0.7265625 0.3953125 0.42734375 0.04453125
5 0.2734375 0.51171875 0.43046875 0.084375
5 0.271875 0.44375 0.4234375 0.0359375
5 0.72734375 0.5109375 0.42734375 0.08515625
5 0.72734375 0.44375 0.428125 0.034375
5 0.27421875 0.596875 0.4234375 0.06328125
5 0.7265625 0.5953125 0.43046875 0.0671875
5 0.27421875 0.7203125 0.428125 0.04765625
5 0.2734375 0.76796875 0.428125 0.034375
5 0.7265625 0.7203125 0.42734375 0.04453125
5 0.72578125 0.76796875 0.42890625 0.03359375
5 0.2734375 0.83671875 0.43046875 0.08671875
5 0.7265625 0.83671875 0.42734375 0.084375
5 0.27265625 0.9203125 0.42890625 0.0671875
5 0.7265625 0.91953125 0.4265625 0.065625
23 0.08359375 0.0703125 0.0171875 0.01015625
23 0.08359375 0.11796875 0.01640625 0.0078125
23 0.08359375 0.16328125 0.015625 0.00859375
23 0.53671875 0.0703125 0.015625 0.009375
23 0.08359375 0.25390625 0.01640625 0.00859375
23 0.08359375 0.3953125 0.01640625 0.00859375
23 0.53671875 0.11796875 0.01640625 0.00859375
23 0.53671875 0.25390625 0.01640625 0.00859375
23 0.53671875 0.1640625 0.01640625 0.00859375
23 0.08359375 0.7203125 0.015625 0.00859375
23 0.53671875 0.7203125 0.015625 0.00859375
23 0.08359375 0.76796875 0.015625 0.0078125
23 0.08359375 0.4890625 0.01640625 0.00859375
23 0.53671875 0.39609375 0.01640625 0.00859375
23 0.08359375 0.44296875 0.015625 0.00859375
23 0.08359375 0.81328125 0.015625 0.00859375
23 0.08359375 0.57890625 0.01640625 0.00859375
23 0.53671875 0.4890625 0.01640625 0.00859375
23 0.53671875 0.44296875 0.01640625 0.00859375
23 0.53671875 0.76796875 0.015625 0.0078125
23 0.53671875 0.57890625 0.01640625 0.00859375
23 0.53671875 0.81328125 0.015625 0.00859375
23 0.08359375 0.90390625 0.015625 0.00859375
23 0.53671875 0.90390625 0.01640625 0.00859375