10 0.95078125 0.2984375 0.0703125 0.265625
2 0.95 0.284375 0.046875 0.2015625
10 0.9796875 0.78671875 0.040625 0.2109375
2 0.9859375 0.7859375 0.028125 0.178125
10 0.85546875 0.2875 0.0984375 0.321875
2 0.85234375 0.26796875 0.0515625 0.209375
10 0.68359375 0.83203125 0.0640625 0.2296875
2 0.684375 0.83125 0.0484375 0.2046875
10 0.91171875 0.315625 0.0765625 0.2453125
2 0.90859375 0.2984375 0.04375 0.165625
10 0.60078125 0.359375 0.0703125 0.2640625
2 0.6 0.346875 0.0484375 0.2046875
10 0.93984375 0.765625 0.0890625 0.271875
2 0.940625 0.76796875 0.0546875 0.221875
10 0.79765625 0.30390625 0.10625 0.3109375
2 0.79375 0.28125 0.05 0.2
10 0.88125 0.78203125 0.096875 0.2640625
2 0.88125 0.7828125 0.05 0.2
10 0.56171875 0.37734375 0.0765625 0.2453125
2 0.559375 0.36171875 0.0453125 0.178125
10 0.71796875 0.25 0.1390625 0.4484375
2 0.7140625 0.22890625 0.0734375 0.3140625
10 0.80078125 0.72734375 0.1296875 0.396875
2 0.8015625 0.72578125 0.075 0.321875
10 0.64453125 0.84921875 0.0703125 0.2125
2 0.6453125 0.8484375 0.0453125 0.178125
10 0.50546875 0.34921875 0.0984375 0.321875
2 0.50234375 0.3328125 0.0546875 0.225
10 0.5890625 0.8265625 0.090625 0.2734375
2 0.58984375 0.828125 0.0546875 0.225
10 0.446875 0.365625 0.10625 0.3125
2 0.44296875 0.34296875 0.0515625 0.1921875
10 0.53125 0.84453125 0.096875 0.2609375
2 0.53125 0.84296875 0.05 0.203125
10 0.4515625 0.78984375 0.1296875 0.3984375
2 0.4515625 0.78828125 0.075 0.3203125
10 0.36796875 0.31171875 0.1390625 0.446875
2 0.36328125 0.28828125 0.0734375 0.3171875
10 0.1546875 0.4109375 0.0984375 0.3234375
2 0.1515625 0.38984375 0.053125 0.21875
10 0.29453125 0.9015625 0.0703125 0.196875
2 0.29453125 0.90859375 0.0453125 0.1828125
10 0.21171875 0.4390625 0.078125 0.25
2 0.20859375 0.4234375 0.04375 0.175
10 0.23828125 0.8765625 0.0890625 0.246875
2 0.23984375 0.8875 0.0546875 0.225
10 0.18125 0.88828125 0.096875 0.2234375
2 0.18125 0.9015625 0.05 0.196875
10 0.25078125 0.421875 0.0703125 0.265625
2 0.2484375 0.40703125 0.0484375 0.20625
10 0.09609375 0.42734375 0.10625 0.3125
2 0.09296875 0.40546875 0.05 0.2
10 0.33359375 0.8890625 0.0640625 0.221875
2 0.334375 0.89375 0.05 0.2125
10 0.04296875 0.37265625 0.0859375 0.4484375
2 0.02578125 0.35390625 0.0515625 0.3203125
10 0.10078125 0.8265625 0.1296875 0.346875
2 0.1 0.84296875 0.075 0.3140625
23 0.96953125 0.40546875 0.0171875 0.0234375
23 0.8765625 0.4015625 0.021875 0.03125
23 0.74609375 0.4125 0.021875 0.03125
23 0.81484375 0.40625 0.0234375 0.03125
23 0.92734375 0.40546875 0.015625 0.01875
23 0.46328125 0.46875 0.0234375 0.03125
23 0.5765625 0.46796875 0.015625 0.0203125
23 0.525 0.46328125 0.021875 0.0296875
23 0.61953125 0.4671875 0.015625 0.021875
23 0.3953125 0.4734375 0.0203125 0.0296875
23 0.115625 0.53046875 0.021875 0.03125
23 0.26953125 0.52890625 0.015625 0.0203125
23 0.22734375 0.5296875 0.015625 0.0203125
23 0.175 0.52578125 0.021875 0.028125
23 0.04609375 0.53515625 0.0234375 0.03125