10 0.96796875 0.80703125 0.0640625 0.1765625
2 0.975 0.80703125 0.05 0.1234375
10 0.95546875 0.45859375 0.0828125 0.1703125
10 0.89375 0.4828125 0.090625 0.159375
2 0.9578125 0.45859375 0.053125 0.146875
10 0.89453125 0.81171875 0.1078125 0.2125
2 0.890625 0.80078125 0.0578125 0.1515625
10 0.875 0.13046875 0.0875 0.1921875
10 0.81171875 0.153125 0.1 0.184375
2 0.8734375 0.1203125 0.05625 0.1484375
10 0.796875 0.82421875 0.115625 0.234375
2 0.79765625 0.8265625 0.0546875 0.1421875
2 0.89453125 0.48203125 0.0515625 0.128125
10 0.81015625 0.48046875 0.11875 0.20625
2 0.8109375 0.48359375 0.0609375 0.1578125
10 0.7265625 0.146875 0.1265625 0.2390625
2 0.72421875 0.13359375 0.0609375 0.1578125
10 0.71875 0.5078125 0.1296875 0.2
2 0.71875 0.50859375 0.0578125 0.14375
10 0.33671875 0.90625 0.1171875 0.1875
2 0.34140625 0.93046875 0.0578125 0.1390625
2 0.81015625 0.14140625 0.0515625 0.1265625
10 0.42734375 0.92421875 0.0890625 0.1515625
2 0.42734375 0.94140625 0.0484375 0.1171875
10 0.63515625 0.17421875 0.1390625 0.2359375
2 0.63203125 0.15859375 0.0578125 0.1390625
10 0.6765625 0.8171875 0.1484375 0.3078125
2 0.68046875 0.80859375 0.078125 0.2234375
10 0.24609375 0.91796875 0.1109375 0.1640625
2 0.2484375 0.94609375 0.05625 0.1078125
10 0.32421875 0.26796875 0.0875 0.19375
10 0.2625 0.29140625 0.1 0.184375
2 0.32421875 0.25546875 0.0546875 0.146875
10 0.515625 0.16015625 0.175 0.3203125
2 0.5125 0.1390625 0.0828125 0.23125
10 0.40625 0.59609375 0.0828125 0.1703125
10 0.34453125 0.61953125 0.0921875 0.159375
2 0.40859375 0.596875 0.05625 0.146875
10 0.16875 0.6453125 0.1296875 0.2015625
2 0.1703125 0.6453125 0.059375 0.146875
10 0.59921875 0.4890625 0.1671875 0.2953125
2 0.60078125 0.4890625 0.0828125 0.23125
10 0.26171875 0.61796875 0.11875 0.2046875
2 0.26171875 0.61953125 0.0625 0.1609375
10 0.0859375 0.31171875 0.1375 0.234375
2 0.08359375 0.29609375 0.059375 0.1453125
10 0.13046875 0.8953125 0.1390625 0.209375
2 0.13125 0.91484375 0.08125 0.1703125
2 0.3453125 0.61796875 0.0515625 0.1296875
10 0.17734375 0.2859375 0.125 0.2390625
2 0.175 0.26796875 0.0609375 0.1546875
2 0.26171875 0.27890625 0.05 0.1234375
10 0.48984375 0.91796875 0.0796875 0.1640625
2 0.490625 0.9234375 0.053125 0.14375
10 0.0671875 0.62421875 0.134375 0.2921875
2 0.05234375 0.62421875 0.084375 0.234375
10 0.02890625 0.29140625 0.0578125 0.3265625
23 0.99140625 0.884375 0.0171875 0.01875
23 0.9140625 0.89453125 0.0296875 0.025
23 0.71171875 0.93515625 0.0296875 0.025
23 0.74609375 0.2265625 0.03125 0.025
23 0.81953125 0.9125 0.034375 0.025
23 0.653125 0.24609375 0.0296875 0.025
23 0.54453125 0.26796875 0.028125 0.025
23 0.828125 0.2171875 0.021875 0.0171875
23 0.19765625 0.36328125 0.0296875 0.025
23 0.89296875 0.20546875 0.021875 0.0171875
23 0.10546875 0.3828125 0.0296875 0.025
23 0.00546875 0.4046875 0.0109375 0.025
23 0.27890625 0.353125 0.021875 0.0171875
23 0.34375 0.3421875 0.0203125 0.015625