10 0.153125 0.05234375 0.234375 0.0359375
2 0.15234375 0.0515625 0.20390625 0.01875
10 0.1421875 0.11484375 0.2125 0.04921875
2 0.1421875 0.11484375 0.16640625 0.021875
10 0.1734375 0.19140625 0.275 0.0640625
2 0.17109375 0.190625 0.225 0.02109375
10 0.6328125 0.11484375 0.25 0.04921875
2 0.65078125 0.1140625 0.178125 0.01875
10 0.6703125 0.190625 0.32578125 0.06484375
2 0.6921875 0.190625 0.22265625 0.021875
10 0.16640625 0.28125 0.2609375 0.07734375
2 0.16484375 0.28125 0.203125 0.02109375
10 0.23515625 0.3859375 0.403125 0.09609375
2 0.2375 0.384375 0.328125 0.028125
10 0.665625 0.2828125 0.31796875 0.08046875
2 0.68671875 0.28125 0.19921875 0.021875
10 0.73359375 0.38515625 0.45390625 0.0921875
2 0.7546875 0.38515625 0.32578125 0.025
10 0.64296875 0.0515625 0.26953125 0.03828125
2 0.66015625 0.05078125 0.20390625 0.01796875
23 0.53203125 0.05234375 0.02109375 0.01953125
23 0.5390625 0.1140625 0.01953125 0.01875
23 0.5640625 0.3859375 0.028125 0.0265625
23 0.5515625 0.19140625 0.028125 0.02578125
10 0.234375 0.9203125 0.4015625 0.0921875
2 0.2390625 0.92109375 0.32421875 0.02734375
10 0.73515625 0.92109375 0.45703125 0.09609375
2 0.75703125 0.92109375 0.325 0.028125
10 0.1671875 0.8171875 0.26484375 0.08046875
2 0.16640625 0.8171875 0.20078125 0.0234375
23 0.55859375 0.28125 0.0296875 0.0265625
10 0.665625 0.81640625 0.315625 0.08125
2 0.6875 0.8171875 0.19765625 0.02421875
10 0.14140625 0.65 0.21640625 0.0546875
2 0.1421875 0.65 0.178125 0.0203125
10 0.1734375 0.7265625 0.27734375 0.06796875
2 0.171875 0.7265625 0.225 0.02265625
10 0.671875 0.7265625 0.328125 0.0671875
2 0.68984375 0.7265625 0.2265625 0.0234375
10 0.63359375 0.65 0.25234375 0.05390625
2 0.64921875 0.65 0.178125 0.0203125
10 0.15234375 0.58828125 0.23515625 0.0390625
2 0.153125 0.58671875 0.21640625 0.01796875
23 0.55859375 0.8171875 0.028125 0.02578125
10 0.64453125 0.5875 0.271875 0.03828125
2 0.66015625 0.58671875 0.20703125 0.01796875
23 0.55234375 0.72734375 0.0265625 0.025
23 0.53828125 0.65078125 0.01875 0.01796875
23 0.565625 0.921875 0.02734375 0.02578125
23 0.53203125 0.58828125 0.0203125 0.01796875