10 0.03203125 0.91171875 0.046875 0.1609375
2 0.03359375 0.91875 0.0234375 0.128125
10 0.03984375 0.571875 0.0625 0.15625
10 0.11640625 0.8953125 0.0640625 0.1984375
2 0.11796875 0.8921875 0.025 0.15625
10 0.04609375 0.22109375 0.0625 0.18125
10 0.2171875 0.8859375 0.06875 0.2203125
2 0.21640625 0.89609375 0.0265625 0.14375
2 0.0390625 0.571875 0.0234375 0.13125
10 0.12421875 0.55078125 0.078125 0.2015625
2 0.12421875 0.55390625 0.028125 0.1625
10 0.13046875 0.1953125 0.08125 0.2375
2 0.1296875 0.18046875 0.028125 0.1609375
10 0.2234375 0.55625 0.09375 0.1921875
2 0.22265625 0.55703125 0.028125 0.146875
10 0.70546875 0.8875 0.0703125 0.225
2 0.70234375 0.903125 0.0265625 0.15625
2 0.0453125 0.209375 0.0234375 0.128125
10 0.615625 0.91640625 0.05 0.1671875
2 0.61796875 0.9296875 0.0234375 0.1265625
10 0.22890625 0.2015625 0.096875 0.2296875
2 0.22890625 0.18515625 0.028125 0.14375
10 0.33671875 0.85 0.0859375 0.2953125
2 0.33125 0.85 0.03125 0.23125
10 0.80234375 0.88828125 0.0609375 0.2234375
2 0.80078125 0.9046875 0.028125 0.1421875
10 0.56328125 0.22265625 0.0484375 0.1953125
10 0.63203125 0.23203125 0.065625 0.1828125
2 0.56171875 0.21015625 0.025 0.1515625
10 0.34296875 0.15859375 0.1109375 0.3171875
2 0.34453125 0.13671875 0.0328125 0.2375
10 0.5578125 0.57265625 0.0484375 0.1703125
10 0.62578125 0.58203125 0.0625 0.1578125
2 0.55546875 0.5734375 0.025 0.15
10 0.809375 0.5671875 0.09375 0.1921875
2 0.80703125 0.5671875 0.028125 0.15
10 0.33828125 0.509375 0.1109375 0.2890625
2 0.3375 0.51015625 0.0328125 0.240625
10 0.709375 0.56171875 0.0796875 0.2015625
2 0.70859375 0.56328125 0.0296875 0.1640625
10 0.815625 0.21171875 0.0953125 0.2296875
2 0.81328125 0.19609375 0.0296875 0.1484375
10 0.92265625 0.8515625 0.0828125 0.296875
2 0.915625 0.85625 0.0328125 0.228125
2 0.62421875 0.58125 0.025 0.13125
10 0.71640625 0.20703125 0.0796875 0.2375
2 0.71484375 0.18828125 0.0296875 0.159375
2 0.63046875 0.21953125 0.025 0.1265625
10 0.55078125 0.9171875 0.04375 0.165625
2 0.54921875 0.921875 0.021875 0.15
10 0.92421875 0.51953125 0.1109375 0.290625
2 0.921875 0.51875 0.0359375 0.2421875
10 0.92890625 0.16796875 0.115625 0.321875
2 0.92890625 0.14453125 0.0359375 0.24375
23 0.9140625 0.9921875 0.028125 0.015625
23 0.11484375 0.98671875 0.0265625 0.0125
23 0.32890625 0.98515625 0.028125 0.0203125
23 0.1296875 0.28046875 0.028125 0.0203125
23 0.2140625 0.98671875 0.034375 0.0171875
23 0.22734375 0.27734375 0.028125 0.01875
23 0.70078125 0.9953125 0.0265625 0.009375
23 0.3421875 0.27421875 0.025 0.01875
23 0.0453125 0.2890625 0.01875 0.0125
23 0.79921875 0.99453125 0.0265625 0.0109375
23 0.7140625 0.290625 0.028125 0.01875
23 0.81171875 0.2875 0.028125 0.01875
23 0.9265625 0.284375 0.028125 0.01875
23 0.63046875 0.2984375 0.01875 0.0125
23 0.5609375 0.30234375 0.01875 0.0140625