10 0.1171875 0.05078125 0.18046875 0.0453125
2 0.13046875 0.0515625 0.134375 0.0203125
10 0.11640625 0.11328125 0.17890625 0.04140625
2 0.12421875 0.1140625 0.11640625 0.01953125
10 0.44921875 0.05234375 0.15546875 0.04140625
10 0.4421875 0.11484375 0.14140625 0.05390625
2 0.44921875 0.05 0.1390625 0.01875
10 0.1328125 0.190625 0.209375 0.05546875
2 0.15 0.190625 0.14296875 0.0203125
10 0.76953125 0.0515625 0.178125 0.04140625
10 0.7625 0.1140625 0.16484375 0.05546875
2 0.7796875 0.05078125 0.13828125 0.0203125
10 0.1421875 0.28203125 0.23125 0.05859375
2 0.14765625 0.28125 0.13203125 0.02109375
2 0.4421875 0.1140625 0.1203125 0.0203125
10 0.4625 0.190625 0.1828125 0.06953125
2 0.46015625 0.190625 0.14765625 0.02265625
10 0.78828125 0.190625 0.21640625 0.06953125
2 0.8015625 0.18984375 0.146875 0.021875
10 0.45859375 0.28125 0.175 0.08203125
2 0.45859375 0.28125 0.134375 0.021875
10 0.14765625 0.72890625 0.2390625 0.06015625
2 0.15 0.725 0.14296875 0.02109375
2 0.77421875 0.11328125 0.11796875 0.01953125
10 0.12109375 0.6484375 0.18203125 0.04375
2 0.1234375 0.6484375 0.115625 0.01953125
10 0.784375 0.28125 0.20859375 0.084375
2 0.79921875 0.28046875 0.13046875 0.02265625
10 0.175 0.39140625 0.30078125 0.07421875
2 0.19140625 0.38515625 0.21171875 0.02421875
10 0.14765625 0.8171875 0.23828125 0.05234375
2 0.14921875 0.815625 0.13046875 0.021875
10 0.76953125 0.5875 0.17890625 0.04140625
10 0.7625 0.65 0.165625 0.05703125
2 0.78125 0.5859375 0.1390625 0.01875
10 0.82890625 0.38671875 0.2984375 0.09609375
2 0.84453125 0.3859375 0.21796875 0.0265625
10 0.44921875 0.58828125 0.15546875 0.04140625
10 0.44140625 0.65 0.1421875 0.0546875
2 0.4484375 0.5859375 0.1375 0.02109375
10 0.45859375 0.8171875 0.175 0.08359375
2 0.45859375 0.815625 0.13671875 0.0234375
10 0.503125 0.3859375 0.2640625 0.09765625
2 0.50234375 0.38515625 0.21953125 0.0265625
10 0.46171875 0.7265625 0.18203125 0.06953125
2 0.4609375 0.72578125 0.15 0.02421875
10 0.784375 0.8171875 0.20859375 0.08359375
2 0.7984375 0.815625 0.1359375 0.02421875
10 0.1828125 0.9265625 0.30546875 0.071875
2 0.1953125 0.91953125 0.209375 0.0265625
2 0.44296875 0.64921875 0.1203125 0.021875
10 0.78671875 0.7265625 0.21640625 0.06875
2 0.80390625 0.72578125 0.1453125 0.02421875
2 0.7734375 0.6484375 0.11640625 0.021875
10 0.1203125 0.5875 0.18046875 0.0359375
2 0.1296875 0.5859375 0.13671875 0.01796875
10 0.503125 0.921875 0.26484375 0.096875
2 0.5046875 0.91953125 0.221875 0.02734375
10 0.82890625 0.921875 0.29765625 0.0984375
2 0.846875 0.9203125 0.22265625 0.028125
23 0.0453125 0.0515625 0.0125 0.0203125
23 0.05078125 0.11484375 0.0125 0.01796875
23 0.046875 0.58671875 0.01328125 0.01875
23 0.06875 0.9203125 0.0171875 0.02578125
23 0.059375 0.190625 0.01796875 0.025
23 0.05078125 0.65 0.0125 0.0171875
23 0.06796875 0.38515625 0.01796875 0.025
23 0.71015625 0.19140625 0.01875 0.02578125
23 0.0640625 0.28125 0.01796875 0.03046875
23 0.7140625 0.28125 0.01796875 0.025
23 0.059375 0.72578125 0.01796875 0.02421875
23 0.71875 0.3859375 0.0171875 0.0234375
23 0.70078125 0.1140625 0.0125 0.0171875
23 0.06328125 0.81640625 0.01796875 0.02421875
23 0.71015625 0.72578125 0.01796875 0.025
23 0.696875 0.05234375 0.0125 0.0171875
23 0.7140625 0.815625 0.01796875 0.025
23 0.71875 0.9203125 0.0171875 0.025
23 0.7015625 0.64921875 0.0125 0.0171875
23 0.69609375 0.58671875 0.0125 0.01640625