10 0.14765625 0.02265625 0.2265625 0.025
2 0.146875 0.02265625 0.19765625 0.01328125
10 0.62109375 0.02265625 0.26171875 0.02578125
2 0.634375 0.021875 0.2 0.0125
10 0.1375 0.0640625 0.20546875 0.034375
2 0.1375 0.06328125 0.1765625 0.0140625
10 0.64765625 0.1140625 0.315625 0.04375
2 0.6671875 0.1140625 0.2078125 0.015625
10 0.146875 0.37421875 0.2265625 0.025
2 0.146875 0.3734375 0.2046875 0.01171875
10 0.6109375 0.0640625 0.2421875 0.03359375
2 0.628125 0.0640625 0.16328125 0.01484375
10 0.62109375 0.37421875 0.26171875 0.02421875
2 0.634375 0.3734375 0.2046875 0.01171875
10 0.1671875 0.1140625 0.26640625 0.04375
2 0.16484375 0.1140625 0.2203125 0.015625
10 0.6421875 0.1734375 0.30390625 0.053125
2 0.6640625 0.1734375 0.19765625 0.015625
10 0.16171875 0.1734375 0.25546875 0.053125
2 0.1609375 0.1734375 0.19765625 0.015625
10 0.6109375 0.415625 0.2421875 0.03359375
2 0.62578125 0.41484375 0.17578125 0.0140625
10 0.70859375 0.2421875 0.43828125 0.06171875
2 0.72890625 0.2421875 0.31171875 0.01796875
10 0.228125 0.2421875 0.38828125 0.06171875
2 0.2296875 0.2421875 0.31953125 0.01796875
10 0.1375 0.415625 0.2078125 0.034375
2 0.13671875 0.41484375 0.17578125 0.0140625
10 0.64765625 0.465625 0.315625 0.04375
2 0.6640625 0.465625 0.22265625 0.015625
10 0.16796875 0.465625 0.2671875 0.04375
2 0.165625 0.465625 0.2234375 0.015625
10 0.6421875 0.525 0.30390625 0.05234375
2 0.66484375 0.525 0.18984375 0.01796875
10 0.1609375 0.525 0.25390625 0.05234375
2 0.1625 0.525 0.2 0.015625
10 0.22734375 0.59375 0.3890625 0.0625
2 0.22890625 0.59296875 0.31796875 0.01796875
10 0.70859375 0.59375 0.4375 0.06171875
2 0.73125 0.59296875 0.315625 0.01875
10 0.64765625 0.8171875 0.31640625 0.04375
2 0.66875 0.8171875 0.2171875 0.015625
10 0.1375 0.7671875 0.2078125 0.03359375
2 0.13828125 0.76640625 0.18203125 0.0140625
10 0.6109375 0.7671875 0.24375 0.03515625
2 0.62578125 0.76640625 0.1734375 0.0140625
10 0.1671875 0.8171875 0.26640625 0.04375
2 0.165625 0.8171875 0.22421875 0.015625
10 0.16015625 0.8765625 0.253125 0.05234375
2 0.16171875 0.8765625 0.2015625 0.015625
10 0.62109375 0.7265625 0.2625 0.02578125
2 0.6359375 0.725 0.20546875 0.0125
10 0.6421875 0.87734375 0.3046875 0.05234375
2 0.6640625 0.8765625 0.1984375 0.01640625
10 0.14765625 0.7265625 0.2265625 0.025
2 0.14609375 0.725 0.21171875 0.0125
10 0.70859375 0.9453125 0.4390625 0.06171875
2 0.72734375 0.94453125 0.31875 0.01875
10 0.228125 0.9453125 0.38828125 0.06171875
2 0.23203125 0.9453125 0.31953125 0.01875
23 0.51328125 0.02265625 0.02109375 0.0140625
23 0.53203125 0.11328125 0.02734375 0.0171875
23 0.5453125 0.2421875 0.02734375 0.0171875
23 0.5390625 0.1734375 0.028125 0.01796875
23 0.5203125 0.0640625 0.0171875 0.01328125
23 0.5390625 0.5265625 0.028125 0.01796875
23 0.51953125 0.41640625 0.01875 0.0109375
23 0.5328125 0.465625 0.02578125 0.01640625
23 0.51328125 0.375 0.01953125 0.01171875
23 0.5453125 0.59375 0.02734375 0.015625
23 0.53828125 0.87578125 0.02890625 0.0171875
23 0.51328125 0.72578125 0.01953125 0.01171875
23 0.51953125 0.7671875 0.01875 0.01171875
23 0.53203125 0.8171875 0.02578125 0.01640625
23 0.54609375 0.94453125 0.02734375 0.01875