10 0.915625 0.85859375 0.16875 0.0953125
2 0.92421875 0.8578125 0.1515625 0.06875
10 0.9171875 0.79296875 0.165625 0.1015625
2 0.93046875 0.79375 0.1390625 0.0625
10 0.8765625 0.7234375 0.246875 0.13125
2 0.8921875 0.72421875 0.215625 0.0765625
10 0.459375 0.91484375 0.2609375 0.1109375
2 0.44140625 0.9203125 0.18125 0.0625
10 0.403125 0.8484375 0.340625 0.1453125
2 0.38046875 0.85390625 0.2265625 0.0765625
10 0.87109375 0.63359375 0.2578125 0.1421875
2 0.88359375 0.6328125 0.2078125 0.071875
10 0.7875 0.546875 0.4234375 0.1953125
2 0.7859375 0.54765625 0.334375 0.109375
10 0.38515625 0.75625 0.3375 0.159375
2 0.3640625 0.7625 0.203125 0.0703125
10 0.29140625 0.67109375 0.475 0.203125
2 0.2703125 0.67578125 0.33125 0.1046875
10 0.4640625 0.9640625 0.278125 0.071875
2 0.44609375 0.97578125 0.2078125 0.0484375
23 0.57578125 0.95234375 0.0265625 0.025
23 0.55234375 0.8921875 0.025 0.0234375
23 0.46015625 0.62734375 0.034375 0.0328125
23 0.5203125 0.81875 0.034375 0.0328125
10 0.65546875 0.05390625 0.4234375 0.1078125
2 0.65078125 0.03359375 0.3296875 0.0671875
10 0.1984375 0.1359375 0.396875 0.209375
2 0.15 0.14140625 0.3 0.1078125
10 0.74921875 0.1 0.284375 0.146875
2 0.75 0.09921875 0.20625 0.071875
23 0.49140625 0.73046875 0.0375 0.034375
10 0.25234375 0.2234375 0.3359375 0.1609375
2 0.23046875 0.22890625 0.203125 0.0734375
10 0.815625 0.259375 0.228125 0.1078125
2 0.81484375 0.26015625 0.1828125 0.065625
10 0.765625 0.19140625 0.2921875 0.1375
2 0.76640625 0.19140625 0.2296875 0.078125
10 0.26875 0.315625 0.34375 0.1484375
2 0.25078125 0.31953125 0.23125 0.0796875
10 0.325 0.38203125 0.265625 0.1171875
2 0.31015625 0.38671875 0.1828125 0.065625
10 0.8203125 0.32421875 0.24375 0.096875
2 0.81953125 0.32578125 0.2203125 0.071875
23 0.35859375 0.19609375 0.034375 0.0328125
10 0.33046875 0.44609375 0.2796875 0.10625
2 0.31484375 0.4515625 0.2109375 0.0703125
23 0.3875 0.28515625 0.0328125 0.03125
23 0.4203125 0.35703125 0.0234375 0.0234375
23 0.32578125 0.09453125 0.034375 0.0328125
23 0.4421875 0.41875 0.025 0.0234375