10 0.13359375 0.99453125 0.1828125 0.0109375
10 0.66640625 0.9140625 0.35 0.0765625
2 0.6875 0.91328125 0.228125 0.0375
10 0.11484375 0.67578125 0.203125 0.0453125
2 0.109375 0.678125 0.190625 0.03125
10 0.62890625 0.971875 0.2671875 0.05625
2 0.64921875 0.97109375 0.1796875 0.03125
10 0.6125 0.6328125 0.2890625 0.0515625
2 0.6265625 0.63203125 0.225 0.0328125
10 0.1625 0.96015625 0.25 0.06875
2 0.14765625 0.96171875 0.2171875 0.0359375
10 0.6546875 0.85 0.3375 0.0875
2 0.67890625 0.8484375 0.21875 0.0359375
10 0.15 0.89453125 0.2390625 0.078125
2 0.13359375 0.89609375 0.2015625 0.0328125
10 0.596875 0.5890625 0.2671875 0.0609375
2 0.6140625 0.5875 0.19375 0.0328125
10 0.7203125 0.76875 0.4875 0.109375
2 0.74375 0.7671875 0.34375 0.0484375
10 0.215625 0.8125 0.384375 0.1015625
2 0.19921875 0.81484375 0.3453125 0.0484375
10 0.1 0.63359375 0.1828125 0.053125
2 0.09140625 0.63359375 0.1625 0.0296875
10 0.6328125 0.5296875 0.35 0.078125
2 0.65078125 0.528125 0.24375 0.0390625
10 0.1296875 0.57578125 0.2515625 0.06875
2 0.115625 0.5765625 0.2203125 0.0359375
10 0.62109375 0.465625 0.3375 0.0875
2 0.64609375 0.4640625 0.2109375 0.0375
10 0.1171875 0.509375 0.234375 0.078125
2 0.1015625 0.5109375 0.203125 0.034375
10 0.1875 0.42890625 0.375 0.1015625
2 0.16796875 0.43125 0.3359375 0.05
10 0.6875 0.384375 0.4859375 0.109375
2 0.7125 0.3828125 0.346875 0.05
10 0.59921875 0.1453125 0.3515625 0.0765625
2 0.621875 0.14375 0.2390625 0.0375
10 0.0796875 0.246875 0.159375 0.053125
2 0.07265625 0.24921875 0.1453125 0.0296875
10 0.56328125 0.203125 0.2703125 0.0609375
2 0.58046875 0.203125 0.190625 0.0328125
10 0.109375 0.190625 0.21875 0.071875
2 0.096875 0.19140625 0.19375 0.0359375
10 0.09921875 0.1265625 0.1984375 0.078125
2 0.08515625 0.1265625 0.1703125 0.034375
10 0.578125 0.24765625 0.290625 0.053125
2 0.59453125 0.246875 0.225 0.0328125
10 0.5875 0.08046875 0.3375 0.0875
2 0.61171875 0.0796875 0.2203125 0.0375
10 0.0921875 0.29140625 0.184375 0.0453125
2 0.08671875 0.29375 0.1734375 0.03125
10 0.653125 0.02734375 0.4875 0.0546875
2 0.6734375 0.01171875 0.35 0.0234375
10 0.17109375 0.05390625 0.3421875 0.0828125
2 0.153125 0.04609375 0.30625 0.0515625
23 0.53984375 0.9265625 0.0328125 0.021875
23 0.5421875 0.78515625 0.03125 0.021875
23 0.54140625 0.859375 0.0328125 0.021875
23 0.53125 0.98203125 0.0203125 0.015625
23 0.5078125 0.47421875 0.0328125 0.021875
23 0.496875 0.596875 0.0234375 0.0140625
23 0.5078125 0.540625 0.0296875 0.021875
23 0.49375 0.6421875 0.0234375 0.0140625
23 0.50859375 0.4 0.03125 0.0203125
23 0.4734375 0.0921875 0.0328125 0.021875
23 0.46015625 0.2578125 0.0234375 0.0140625
23 0.46328125 0.21328125 0.0234375 0.0140625
23 0.47265625 0.15625 0.0296875 0.021875
23 0.475 0.015625 0.0328125 0.025