10 0.06875 0.0859375 0.046875 0.171875
10 0.125 0.08046875 0.090625 0.1609375
2 0.1265625 0.06640625 0.053125 0.1328125
10 0.20234375 0.12109375 0.1171875 0.2421875
2 0.2046875 0.1046875 0.0625 0.209375
10 0.04453125 0.575 0.0890625 0.28125
2 0.03828125 0.5953125 0.053125 0.1984375
10 0.11875 0.63046875 0.1265625 0.365625
2 0.11484375 0.65390625 0.0640625 0.2484375
10 0.30234375 0.12109375 0.1265625 0.2421875
2 0.30390625 0.10390625 0.0578125 0.2078125
10 0.4046875 0.2078125 0.171875 0.415625
2 0.4046875 0.190625 0.0875 0.3625
10 0.21953125 0.640625 0.1421875 0.3609375
2 0.21484375 0.66328125 0.059375 0.221875
10 0.31953125 0.72734375 0.178125 0.503125
2 0.31640625 0.75625 0.084375 0.359375
10 0.00703125 0.5765625 0.0140625 0.296875
23 0.0578125 0.4734375 0.025 0.025
23 0.35 0.5484375 0.0328125 0.0359375
23 0.13984375 0.50078125 0.0328125 0.0359375
10 0.95234375 0.28671875 0.0953125 0.4390625
2 0.9734375 0.2859375 0.053125 0.359375
10 0.903125 0.784375 0.178125 0.43125
2 0.9015625 0.83515625 0.0875 0.3296875
10 0.88828125 0.19609375 0.1328125 0.2890625
2 0.88984375 0.18828125 0.059375 0.2234375
23 0.23671875 0.52421875 0.0328125 0.0375
10 0.803125 0.7328125 0.14375 0.359375
2 0.79921875 0.75703125 0.0609375 0.2203125
10 0.71015625 0.1390625 0.09375 0.228125
2 0.71171875 0.134375 0.053125 0.1984375
10 0.78828125 0.18671875 0.1203125 0.2984375
2 0.78984375 0.17890625 0.0640625 0.2515625
10 0.703125 0.72421875 0.13125 0.3703125
2 0.7 0.74375 0.0640625 0.2515625
10 0.6265625 0.66953125 0.1015625 0.284375
2 0.62421875 0.68671875 0.053125 0.1984375
10 0.63984375 0.1390625 0.08125 0.246875
2 0.63828125 0.13515625 0.0578125 0.2359375
23 0.82265625 0.61640625 0.0328125 0.0359375
10 0.55703125 0.6703125 0.090625 0.303125
2 0.55234375 0.68671875 0.05625 0.228125
23 0.725 0.59375 0.0328125 0.0328125
23 0.64375 0.565625 0.021875 0.025
23 0.93515625 0.6421875 0.0328125 0.0359375
23 0.57578125 0.5484375 0.021875 0.025