14 0.203125 0.91328125 0.115625 0.09375
2 0.2046875 0.91328125 0.040625 0.0609375
2 0.20625 0.915625 0.04375 0.0640625
14 0.015625 0.878125 0.03125 0.071875
14 0.08984375 0.89453125 0.06875 0.0671875
14 0.34609375 0.93515625 0.1359375 0.109375
14 0.45546875 0.9578125 0.0421875 0.0671875
14 0.528125 0.9671875 0.05625 0.065625
14 0.61328125 0.9765625 0.0703125 0.046875
14 0.725 0.97890625 0.1125 0.0421875
14 0.86015625 0.9859375 0.1203125 0.028125
14 0.88203125 0.9046875 0.1265625 0.1453125
14 0.7484375 0.88046875 0.1171875 0.1234375
14 0.63515625 0.8609375 0.0734375 0.0859375
14 0.54921875 0.84609375 0.059375 0.084375
14 0.478125 0.8328125 0.0453125 0.0796875
14 0.36953125 0.81328125 0.14375 0.146875
14 0.22578125 0.78828125 0.11875 0.121875
14 0.11328125 0.76796875 0.075 0.0859375
14 0.028125 0.75390625 0.05625 0.0859375
14 0.04921875 0.6203125 0.0609375 0.0875
14 0.13671875 0.63515625 0.0734375 0.0828125
14 0.25 0.65390625 0.115625 0.109375
14 0.39296875 0.68046875 0.1390625 0.13125
14 0.5015625 0.69921875 0.0453125 0.0859375
14 0.57265625 0.71171875 0.0609375 0.0875
14 0.65859375 0.728125 0.0734375 0.0828125
14 0.771875 0.746875 0.115625 0.109375
14 0.90546875 0.771875 0.1234375 0.128125
14 0.93046875 0.6296875 0.1296875 0.159375
14 0.796875 0.60546875 0.1203125 0.1390625
14 0.68359375 0.58671875 0.0765625 0.103125
14 0.5984375 0.57109375 0.0625 0.1
14 0.5265625 0.55859375 0.046875 0.0953125
14 0.4171875 0.5390625 0.1453125 0.1625
14 0.2734375 0.5140625 0.1203125 0.1375
14 0.1609375 0.49375 0.075 0.1015625
14 0.075 0.4796875 0.0625 0.1
14 0.01328125 0.46796875 0.0265625 0.0921875
14 0.03203125 0.334375 0.03125 0.0671875
14 0.0984375 0.3453125 0.0578125 0.0734375
14 0.184375 0.36015625 0.071875 0.065625
14 0.2984375 0.38125 0.1125 0.09375
14 0.44140625 0.40625 0.1359375 0.115625
14 0.55 0.42578125 0.0421875 0.06875
14 0.621875 0.4375 0.0578125 0.0734375
14 0.7078125 0.45234375 0.0703125 0.065625
14 0.8203125 0.4734375 0.1125 0.09375
14 0.946875 0.496875 0.10625 0.1125
14 0.95625 0.37265625 0.0875 0.1453125
14 0.8421875 0.34765625 0.1171875 0.121875
14 0.73046875 0.32890625 0.075 0.0859375
14 0.64375 0.3125 0.059375 0.084375
14 0.571875 0.3 0.04375 0.0796875
14 0.46328125 0.28125 0.14375 0.146875
14 0.31953125 0.25546875 0.1171875 0.121875
14 0.20703125 0.23671875 0.0734375 0.0875
14 0.12109375 0.22109375 0.0578125 0.084375
14 0.05390625 0.209375 0.0328125 0.078125
14 0.07734375 0.0765625 0.034375 0.0828125
14 0.14453125 0.0875 0.059375 0.0875
14 0.23046875 0.10234375 0.0734375 0.084375
14 0.34296875 0.12265625 0.1140625 0.109375
14 0.48671875 0.14765625 0.140625 0.1328125
14 0.5953125 0.1671875 0.0453125 0.0859375
14 0.6671875 0.1796875 0.0609375 0.0875
14 0.75390625 0.19375 0.071875 0.0828125
14 0.86640625 0.21484375 0.1140625 0.109375
14 0.96875 0.2390625 0.0625 0.128125
14 0.9796875 0.12578125 0.040625 0.1015625
14 0.88515625 0.0984375 0.1109375 0.090625
14 0.77421875 0.07109375 0.06875 0.06875
14 0.6875 0.05625 0.0546875 0.065625
14 0.61640625 0.0421875 0.040625 0.0625
14 0.5046875 0.04375 0.134375 0.0875
14 0.36171875 0.02578125 0.1109375 0.0515625
2 0.0109375 0.8796875 0.021875 0.05
2 0.09140625 0.89375 0.03125 0.040625
2 0.34765625 0.9390625 0.05 0.08125
2 0.45625 0.95859375 0.0265625 0.046875
2 0.52890625 0.971875 0.0296875 0.0484375
2 0.6125 0.9828125 0.03125 0.034375
2 0.728125 0.9875 0.040625 0.025
2 0.89609375 0.890625 0.046875 0.0796875
2 0.7515625 0.86640625 0.040625 0.0625
2 0.63671875 0.8515625 0.0296875 0.040625
2 0.55234375 0.83984375 0.03125 0.0484375
2 0.48046875 0.82890625 0.0265625 0.046875
2 0.3734375 0.7984375 0.0484375 0.0796875
2 0.2296875 0.7734375 0.040625 0.0609375
2 0.11484375 0.75859375 0.03125 0.040625
2 0.03046875 0.74765625 0.0296875 0.046875
2 0.05078125 0.62890625 0.0296875 0.046875
2 0.1359375 0.64375 0.0296875 0.040625
2 0.24921875 0.66328125 0.040625 0.0625
2 0.39296875 0.6890625 0.0484375 0.0796875
2 0.50078125 0.7078125 0.0296875 0.046875
2 0.5734375 0.72109375 0.0328125 0.05
2 0.65859375 0.7359375 0.03125 0.040625
2 0.77109375 0.75546875 0.040625 0.0609375
2 0.915625 0.78125 0.046875 0.0796875
2 0.94375 0.62421875 0.05 0.0796875
2 0.79921875 0.6 0.04375 0.0625
2 0.68515625 0.5859375 0.03125 0.040625
2 0.6 0.5734375 0.0328125 0.05
2 0.5265625 0.56171875 0.028125 0.046875
2 0.421875 0.53125 0.0484375 0.0796875
2 0.2765625 0.5078125 0.04375 0.0625
2 0.16171875 0.49375 0.03125 0.040625
2 0.0765625 0.48125 0.03125 0.05
2 0.0078125 0.4703125 0.015625 0.046875
2 0.02890625 0.334375 0.021875 0.0453125
2 0.1 0.3453125 0.0296875 0.0484375
2 0.184375 0.36015625 0.03125 0.040625
2 0.29921875 0.38125 0.0421875 0.0609375
2 0.44296875 0.40625 0.0484375 0.0796875
2 0.55 0.4265625 0.028125 0.05
2 0.6234375 0.43828125 0.03125 0.05
2 0.70859375 0.45234375 0.0328125 0.0421875
2 0.82109375 0.4734375 0.04375 0.0609375
2 0.965625 0.49921875 0.046875 0.08125
2 0.98203125 0.3578125 0.0359375 0.08125
2 0.846875 0.33359375 0.04375 0.0640625
2 0.73125 0.31953125 0.03125 0.040625
2 0.646875 0.3078125 0.0328125 0.05
2 0.5734375 0.2953125 0.0296875 0.046875
2 0.4671875 0.265625 0.05 0.0796875
2 0.3234375 0.2421875 0.040625 0.0625
2 0.20859375 0.22734375 0.03125 0.040625
2 0.1234375 0.215625 0.03125 0.05
2 0.0515625 0.2046875 0.021875 0.046875
2 0.0734375 0.084375 0.0234375 0.046875
2 0.14375 0.0953125 0.03125 0.0484375
2 0.22890625 0.11015625 0.034375 0.0421875
2 0.34296875 0.13125 0.04375 0.0609375
2 0.48671875 0.15625 0.0515625 0.08125
2 0.59453125 0.17578125 0.028125 0.046875
2 0.66796875 0.1875 0.0328125 0.05
2 0.7515625 0.20234375 0.03125 0.040625
2 0.865625 0.2234375 0.040625 0.0609375
2 0.99296875 0.24765625 0.0140625 0.0796875
2 0.8890625 0.07890625 0.0390625 0.040625
2 0.775 0.05625 0.0296875 0.034375
2 0.69140625 0.04609375 0.03125 0.0421875
2 0.61796875 0.0328125 0.0265625 0.0421875
2 0.509375 0.01953125 0.04375 0.0390625
23 0.02265625 0.78046875 0.0234375 0.0125
23 0.11015625 0.79140625 0.034375 0.0203125
23 0.2203125 0.82109375 0.0515625 0.0296875
23 0.3609375 0.8546875 0.05625 0.0328125
23 0.4734375 0.859375 0.0203125 0.0109375
23 0.54609375 0.87265625 0.0265625 0.0140625
23 0.63125 0.88359375 0.034375 0.0203125
23 0.74296875 0.91328125 0.05 0.0296875
23 0.88515625 0.946875 0.05625 0.0328125
23 0.92265625 0.73125 0.03125 0.0171875
23 0.77734375 0.715625 0.0328125 0.01875
23 0.6625 0.70546875 0.0328125 0.0171875
23 0.57734375 0.68671875 0.03125 0.0171875
23 0.50625 0.67421875 0.0265625 0.0171875
23 0.4 0.6390625 0.0328125 0.0171875
23 0.2546875 0.62265625 0.0328125 0.01875
23 0.140625 0.61328125 0.0328125 0.0171875
23 0.0546875 0.59453125 0.03125 0.0171875
23 0.003125 0.5015625 0.00625 0.009375
23 0.01328125 0.4375 0.0203125 0.0171875
23 0.08125 0.446875 0.0328125 0.01875
23 0.06953125 0.5140625 0.0265625 0.0171875
23 0.15625 0.525 0.0359375 0.021875
23 0.16640625 0.46171875 0.0296875 0.0171875
23 0.2671875 0.5546875 0.05 0.0296875
23 0.28203125 0.4671875 0.0328125 0.01875
23 0.409375 0.58828125 0.05625 0.034375
23 0.42734375 0.4828125 0.0328125 0.01875
23 0.53203125 0.528125 0.0265625 0.0171875
23 0.52109375 0.59296875 0.0171875 0.0109375
23 0.5921875 0.60703125 0.0234375 0.0125
23 0.60390625 0.5390625 0.0296875 0.0171875
23 0.678125 0.61796875 0.0328125 0.01875
23 0.68984375 0.5546875 0.0328125 0.0171875
23 0.78984375 0.646875 0.046875 0.0296875
23 0.8046875 0.559375 0.0296875 0.0171875
23 0.95 0.575 0.0328125 0.0171875
23 0.93125 0.68046875 0.053125 0.03125
23 0.04609375 0.2359375 0.015625 0.009375
23 0.115625 0.2484375 0.0234375 0.0140625
23 0.203125 0.25859375 0.0359375 0.021875
23 0.3140625 0.2890625 0.0515625 0.0296875
23 0.45625 0.32265625 0.05625 0.0328125
23 0.56796875 0.3265625 0.0171875 0.0109375
23 0.63828125 0.33984375 0.025 0.0140625
23 0.72578125 0.35078125 0.0359375 0.021875
23 0.83671875 0.38125 0.05 0.0296875
23 0.975 0.41484375 0.05 0.0328125
23 0.871875 0.18203125 0.0328125 0.0171875
23 0.7578125 0.17265625 0.0328125 0.01875
23 0.67109375 0.153125 0.0328125 0.01875
23 0.60078125 0.14140625 0.0265625 0.0171875
23 0.49296875 0.10703125 0.0328125 0.01875
23 0.3484375 0.08984375 0.0328125 0.01875
23 0.234375 0.08046875 0.0328125 0.0171875
23 0.14921875 0.06015625 0.0328125 0.0171875
23 0.08125 0.05 0.0203125 0.015625
23 0.3609375 0.02265625 0.0515625 0.028125
23 0.50234375 0.05625 0.05625 0.034375
23 0.6140625 0.0609375 0.01875 0.0109375
23 0.6859375 0.0734375 0.0234375 0.0140625
23 0.77265625 0.084375 0.0328125 0.01875
23 0.8828125 0.11484375 0.05 0.0296875