14 0.2015625 0.0078125 0.053125 0.015625
14 0.2859375 0.01484375 0.065625 0.0296875
2 0.2859375 0.01015625 0.034375 0.0203125
14 0.39609375 0.0328125 0.1078125 0.065625
2 0.39609375 0.02578125 0.0453125 0.0515625
14 0.534375 0.05234375 0.13125 0.1046875
2 0.53671875 0.0484375 0.0546875 0.08125
14 0.64140625 0.06796875 0.0421875 0.0671875
2 0.6421875 0.06875 0.028125 0.0484375
14 0.71171875 0.08125 0.0546875 0.0703125
2 0.71171875 0.08203125 0.0359375 0.0515625
14 0.79453125 0.0984375 0.06875 0.065625
2 0.79453125 0.0984375 0.03125 0.04375
14 0.90390625 0.11953125 0.109375 0.0921875
2 0.90546875 0.11875 0.0453125 0.0640625
14 0.9875 0.14296875 0.025 0.1078125
14 0.97421875 0.265625 0.0515625 0.140625
14 0.88046875 0.24140625 0.115625 0.121875
2 0.8796875 0.25546875 0.046875 0.065625
23 0.88671875 0.21015625 0.05 0.028125
14 0.77109375 0.21953125 0.06875 0.084375
2 0.76796875 0.22890625 0.0328125 0.0421875
23 0.77421875 0.19765625 0.0328125 0.01875
14 0.6875 0.20390625 0.0578125 0.08125
2 0.6875 0.21015625 0.0328125 0.0484375
23 0.69140625 0.17734375 0.0265625 0.0140625
14 0.61796875 0.190625 0.0421875 0.0765625
2 0.61640625 0.19453125 0.028125 0.05
23 0.62265625 0.16484375 0.01875 0.0109375
14 0.51171875 0.16953125 0.140625 0.1453125
2 0.51015625 0.18515625 0.0515625 0.08125
23 0.51953125 0.12890625 0.05625 0.0328125
14 0.371875 0.1421875 0.1140625 0.1203125
2 0.36953125 0.15703125 0.046875 0.0625
23 0.378125 0.1109375 0.046875 0.0265625
14 0.2625 0.12109375 0.06875 0.084375
2 0.2609375 0.13046875 0.03125 0.0421875
23 0.26640625 0.09921875 0.0328125 0.0203125
14 0.1796875 0.1046875 0.0578125 0.08125
2 0.1796875 0.11171875 0.0328125 0.05
23 0.18515625 0.078125 0.021875 0.0125
14 0.11015625 0.09140625 0.0421875 0.0765625
2 0.10859375 0.09609375 0.028125 0.046875
23 0.1140625 0.06640625 0.0171875 0.009375
14 0.08359375 0.221875 0.0421875 0.0828125
2 0.08515625 0.2125 0.0296875 0.0484375
14 0.1546875 0.234375 0.0578125 0.0859375
2 0.15625 0.22734375 0.0328125 0.0484375
23 0.1484375 0.26015625 0.0328125 0.01875
23 0.0796875 0.24609375 0.0296875 0.0171875
14 0.2375 0.25078125 0.0703125 0.08125
2 0.2390625 0.24296875 0.0328125 0.040625
23 0.2328125 0.271875 0.0328125 0.01875
14 0.346875 0.27265625 0.1125 0.1078125
2 0.35 0.26484375 0.04375 0.0625
23 0.340625 0.30390625 0.0328125 0.01875
14 0.48671875 0.3 0.134375 0.1296875
2 0.48984375 0.2921875 0.0515625 0.08125
23 0.478125 0.3390625 0.0328125 0.0203125
14 0.59296875 0.3203125 0.04375 0.0828125
2 0.59453125 0.3125 0.028125 0.046875
23 0.5875 0.3453125 0.0296875 0.0171875
14 0.6625 0.33359375 0.05625 0.084375
2 0.66484375 0.32578125 0.0328125 0.0484375
23 0.65703125 0.35859375 0.0328125 0.01875
14 0.74609375 0.34921875 0.06875 0.08125
2 0.746875 0.3421875 0.03125 0.0421875
23 0.74140625 0.37109375 0.03125 0.0171875
14 0.85625 0.371875 0.1125 0.1078125
2 0.8578125 0.36328125 0.04375 0.0625
23 0.84921875 0.40234375 0.0328125 0.01875
14 0.9625 0.3953125 0.075 0.125
2 0.9859375 0.390625 0.028125 0.08125
23 0.98515625 0.4375 0.0296875 0.01875
14 0.0578125 0.359375 0.0453125 0.0921875
23 0.0625 0.325 0.01875 0.009375
2 0.05859375 0.35546875 0.0265625 0.046875
23 0.05234375 0.3890625 0.0296875 0.0171875
14 0.12734375 0.371875 0.059375 0.096875
23 0.13359375 0.33828125 0.0234375 0.0140625
2 0.12890625 0.3703125 0.03125 0.046875
23 0.12109375 0.403125 0.0296875 0.0171875
14 0.2109375 0.38828125 0.071875 0.1
2 0.2109375 0.390625 0.03125 0.0421875
23 0.21640625 0.3578125 0.0328125 0.01875
23 0.20546875 0.41953125 0.0296875 0.0171875
14 0.32109375 0.41015625 0.1171875 0.134375
2 0.3203125 0.41640625 0.04375 0.0625
23 0.328125 0.3703125 0.046875 0.0265625
14 0.459375 0.4375 0.14375 0.1609375
2 0.459375 0.4453125 0.05 0.08125
23 0.46875 0.38828125 0.053125 0.03125
23 0.44921875 0.4921875 0.0328125 0.01875
14 0.56640625 0.4578125 0.04375 0.090625
23 0.571875 0.42421875 0.01875 0.009375
2 0.5671875 0.45390625 0.0265625 0.046875
23 0.5609375 0.48671875 0.0296875 0.0171875
14 0.6359375 0.47109375 0.0609375 0.0984375
23 0.6421875 0.43671875 0.0234375 0.0140625
2 0.6375 0.46953125 0.0296875 0.046875
23 0.6296875 0.50234375 0.03125 0.0171875
14 0.71796875 0.48671875 0.071875 0.1
2 0.71796875 0.4890625 0.0296875 0.040625
23 0.725 0.45703125 0.0328125 0.01875
23 0.71328125 0.5171875 0.0296875 0.0171875
14 0.82890625 0.50859375 0.11875 0.1359375
2 0.82890625 0.51484375 0.0421875 0.0609375
23 0.8359375 0.46875 0.046875 0.028125
23 0.81953125 0.55390625 0.0328125 0.01875
14 0.94765625 0.5328125 0.1046875 0.15625
2 0.96875 0.54453125 0.0515625 0.0796875
23 0.97421875 0.4875 0.0515625 0.03125
23 0.95703125 0.59140625 0.0328125 0.0203125
14 0.0328125 0.4890625 0.040625 0.0671875
2 0.0328125 0.48828125 0.0265625 0.046875
14 0.1015625 0.50234375 0.0546875 0.0703125
2 0.103125 0.50234375 0.0328125 0.0484375
14 0.18515625 0.51875 0.0671875 0.065625
2 0.18515625 0.51953125 0.03125 0.0421875
14 0.2953125 0.53984375 0.109375 0.0921875
2 0.29609375 0.53984375 0.0421875 0.0609375
14 0.434375 0.5671875 0.134375 0.1140625
2 0.4359375 0.56640625 0.0484375 0.0796875
14 0.54140625 0.5875 0.040625 0.0671875
2 0.540625 0.58671875 0.028125 0.046875
14 0.61015625 0.6015625 0.0546875 0.071875
2 0.61171875 0.6015625 0.03125 0.046875
14 0.69375 0.6171875 0.065625 0.065625
2 0.69296875 0.6171875 0.0296875 0.040625
14 0.803125 0.63828125 0.109375 0.09375
2 0.8046875 0.63828125 0.04375 0.0625
14 0.9296875 0.6625 0.109375 0.109375
2 0.94375 0.665625 0.0515625 0.0828125
14 0.0140625 0.61015625 0.028125 0.0765625
23 0.01328125 0.584375 0.0171875 0.009375
14 0.07890625 0.6234375 0.0578125 0.08125
2 0.078125 0.63046875 0.0328125 0.0484375
23 0.0828125 0.596875 0.025 0.0140625
14 0.16171875 0.63984375 0.071875 0.084375
23 0.16640625 0.6171875 0.0328125 0.0203125
2 0.159375 0.64921875 0.034375 0.0421875
14 0.271875 0.66171875 0.1140625 0.1203125
2 0.27109375 0.67578125 0.04375 0.0625
23 0.27734375 0.6296875 0.046875 0.0265625
14 0.4109375 0.6890625 0.140625 0.1453125
23 0.41875 0.6484375 0.053125 0.03125
2 0.409375 0.7046875 0.0484375 0.078125
14 0.5171875 0.709375 0.040625 0.0765625
23 0.521875 0.68359375 0.01875 0.009375
2 0.51640625 0.7140625 0.0265625 0.046875
14 0.58671875 0.72265625 0.0578125 0.08125
23 0.59140625 0.69609375 0.0234375 0.0140625
2 0.58671875 0.72890625 0.0328125 0.0484375
14 0.6703125 0.73828125 0.0703125 0.084375
23 0.67421875 0.71640625 0.0328125 0.01875
2 0.66796875 0.7484375 0.0296875 0.040625
14 0.7796875 0.76015625 0.115625 0.121875
23 0.7859375 0.728125 0.046875 0.0265625
2 0.778125 0.77421875 0.04375 0.0625
14 0.90625 0.784375 0.115625 0.140625
23 0.9265625 0.746875 0.0546875 0.03125
2 0.91796875 0.803125 0.05 0.08125
14 0.05234375 0.7546875 0.0578125 0.0859375
2 0.05625 0.74609375 0.0328125 0.05
23 0.04765625 0.7796875 0.03125 0.0171875
14 0.1359375 0.77109375 0.0703125 0.0796875
2 0.1375 0.76328125 0.03125 0.040625
23 0.13203125 0.7921875 0.03125 0.0171875
14 0.24609375 0.79140625 0.1125 0.1078125
2 0.24921875 0.78359375 0.04375 0.0625
23 0.23984375 0.82265625 0.0296875 0.0171875
14 0.3859375 0.81875 0.1375 0.1296875
2 0.3890625 0.81015625 0.05 0.0796875
23 0.378125 0.85859375 0.03125 0.0171875
14 0.4921875 0.8390625 0.04375 0.0828125
2 0.49375 0.83125 0.028125 0.046875
23 0.48671875 0.86328125 0.0296875 0.0171875
14 0.5609375 0.853125 0.0578125 0.084375
2 0.5640625 0.8453125 0.0328125 0.0484375
23 0.55625 0.878125 0.03125 0.0171875
14 0.64453125 0.86953125 0.0703125 0.08125
2 0.64609375 0.86171875 0.03125 0.0421875
23 0.640625 0.890625 0.0328125 0.01875
14 0.75546875 0.890625 0.1125 0.109375
2 0.75703125 0.88203125 0.0421875 0.0609375
23 0.7484375 0.921875 0.0296875 0.0171875
14 0.88125 0.91484375 0.1125 0.125
2 0.89765625 0.909375 0.05 0.0796875
23 0.8859375 0.95703125 0.0328125 0.01875
14 0.85859375 0.98671875 0.1109375 0.0265625
23 0.875 0.9953125 0.053125 0.009375
14 0.73046875 0.97890625 0.1109375 0.0421875
23 0.734375 0.98671875 0.046875 0.0265625
14 0.6203125 0.97734375 0.06875 0.0453125
23 0.62421875 0.97578125 0.03125 0.01875
2 0.6171875 0.99296875 0.03125 0.0140625
14 0.53515625 0.96875 0.0578125 0.0625
23 0.54140625 0.95546875 0.0234375 0.0140625
2 0.53671875 0.98125 0.0328125 0.0375
14 0.465625 0.96484375 0.04375 0.0703125
23 0.47109375 0.9421875 0.0171875 0.009375
2 0.46640625 0.9734375 0.0265625 0.046875
14 0.3625 0.934375 0.134375 0.115625
23 0.3671875 0.90703125 0.053125 0.03125
2 0.36015625 0.95390625 0.046875 0.0625
14 0.22109375 0.91171875 0.1109375 0.103125
23 0.22734375 0.88828125 0.046875 0.0265625
2 0.21796875 0.9296875 0.04375 0.0546875
14 0.11171875 0.896875 0.071875 0.08125
23 0.11484375 0.87734375 0.0328125 0.01875
2 0.109375 0.90859375 0.03125 0.0421875
14 0.028125 0.8796875 0.05625 0.08125
23 0.0328125 0.85625 0.025 0.0140625
2 0.0265625 0.8890625 0.0359375 0.0484375