14 0.10078125 0.215625 0.090625 0.109375
2 0.10078125 0.21640625 0.0578125 0.040625
2 0.09921875 0.2171875 0.0609375 0.0421875
14 0.13984375 0.03046875 0.06875 0.0546875
14 0.12265625 0.11015625 0.0640625 0.065625
14 0.07265625 0.3484375 0.109375 0.1296875
14 0.05078125 0.45 0.0640625 0.040625
14 0.03671875 0.51640625 0.06875 0.0546875
14 0.02578125 0.5953125 0.0515625 0.065625
14 0.02109375 0.7 0.0421875 0.10625
14 0.0125 0.8328125 0.025 0.13125
14 0.0859375 0.85859375 0.1421875 0.1375
14 0.11328125 0.725 0.1171875 0.1125
14 0.1359375 0.6203125 0.08125 0.0703125
14 0.153125 0.540625 0.0796875 0.0578125
14 0.16796875 0.47421875 0.0734375 0.0453125
14 0.1890625 0.3734375 0.140625 0.1375
14 0.2171875 0.240625 0.1171875 0.1140625
14 0.2390625 0.13515625 0.0828125 0.071875
14 0.25625 0.05546875 0.08125 0.0578125
14 0.26953125 0.00546875 0.0734375 0.0109375
14 0.39296875 0.01796875 0.0796875 0.0359375
14 0.3796875 0.08046875 0.0828125 0.0578125
14 0.3625 0.1609375 0.0796875 0.06875
14 0.34140625 0.26640625 0.1046875 0.109375
14 0.3125 0.39921875 0.1265625 0.1328125
14 0.290625 0.5 0.0796875 0.0453125
14 0.2765625 0.5671875 0.0828125 0.0578125
14 0.259375 0.646875 0.0796875 0.06875
14 0.23828125 0.7515625 0.1046875 0.1109375
14 0.21015625 0.884375 0.125 0.13125
14 0.340625 0.9125 0.15625 0.140625
14 0.36875 0.7796875 0.1328125 0.115625
14 0.390625 0.675 0.096875 0.0734375
14 0.4078125 0.5953125 0.0953125 0.0609375
14 0.421875 0.52890625 0.0890625 0.0453125
14 0.44375 0.42734375 0.15625 0.140625
14 0.471875 0.29375 0.1328125 0.115625
14 0.49453125 0.1890625 0.0953125 0.0734375
14 0.5109375 0.109375 0.0953125 0.0609375
14 0.525 0.04296875 0.0890625 0.046875
14 0.64921875 0.06953125 0.0640625 0.040625
14 0.63515625 0.13515625 0.06875 0.0546875
14 0.61796875 0.21484375 0.0640625 0.0671875
14 0.5953125 0.3203125 0.0890625 0.10625
14 0.5671875 0.45390625 0.1109375 0.13125
14 0.54609375 0.5546875 0.0640625 0.040625
14 0.53203125 0.621875 0.06875 0.0546875
14 0.515625 0.7015625 0.0640625 0.065625
14 0.4921875 0.80703125 0.0890625 0.10625
14 0.46328125 0.93671875 0.1109375 0.1265625
14 0.5796875 0.946875 0.140625 0.10625
14 0.60859375 0.83125 0.1171875 0.1125
14 0.63046875 0.7265625 0.08125 0.0703125
14 0.64765625 0.64609375 0.08125 0.0578125
14 0.66171875 0.57890625 0.0734375 0.04375
14 0.68359375 0.478125 0.140625 0.1375
14 0.71171875 0.34453125 0.1171875 0.1125
14 0.734375 0.240625 0.08125 0.0703125
14 0.75078125 0.16015625 0.0796875 0.05625
14 0.76484375 0.09375 0.0734375 0.0421875
14 0.8890625 0.1203125 0.0796875 0.0453125
14 0.87578125 0.18671875 0.084375 0.0578125
14 0.85859375 0.2671875 0.0796875 0.06875
14 0.8359375 0.371875 0.1046875 0.109375
14 0.80703125 0.5046875 0.125 0.134375
14 0.7859375 0.60625 0.0796875 0.04375
14 0.77265625 0.67265625 0.084375 0.059375
14 0.75546875 0.753125 0.0796875 0.06875
14 0.7328125 0.85703125 0.1046875 0.109375
14 0.70390625 0.96171875 0.1265625 0.0765625
14 0.8328125 0.97265625 0.153125 0.0546875
14 0.8640625 0.8859375 0.1328125 0.115625
14 0.8859375 0.78046875 0.096875 0.0734375
14 0.903125 0.70078125 0.096875 0.0609375
14 0.9171875 0.63359375 0.0890625 0.0453125
14 0.9296875 0.53046875 0.140625 0.1390625
14 0.95 0.3984375 0.1 0.115625
14 0.9703125 0.29296875 0.059375 0.0734375
14 0.97890625 0.21484375 0.0421875 0.0609375
14 0.9875 0.14765625 0.025 0.0453125
2 0.13828125 0.03203125 0.0484375 0.03125
2 0.12265625 0.1109375 0.0390625 0.0296875
2 0.071875 0.34921875 0.078125 0.05
2 0.05078125 0.45 0.04375 0.0265625
2 0.0359375 0.5171875 0.0453125 0.0296875
2 0.01953125 0.59609375 0.0375 0.028125
2 0.0125 0.70234375 0.025 0.0390625
2 0.09921875 0.86328125 0.075 0.0453125
2 0.12734375 0.72890625 0.0578125 0.040625
2 0.14375 0.62265625 0.0375 0.028125
2 0.15859375 0.54375 0.0453125 0.0296875
2 0.1703125 0.4765625 0.04375 0.0265625
2 0.203125 0.378125 0.0765625 0.0484375
2 0.23046875 0.24375 0.0578125 0.0421875
2 0.24765625 0.1375 0.0390625 0.028125
2 0.26171875 0.0578125 0.04375 0.0296875
2 0.3859375 0.0140625 0.04375 0.0265625
2 0.371875 0.08125 0.04375 0.0296875
2 0.35546875 0.16015625 0.0375 0.028125
2 0.3328125 0.265625 0.0578125 0.0421875
2 0.30390625 0.39921875 0.078125 0.0484375
2 0.2828125 0.49921875 0.04375 0.0265625
2 0.26875 0.5671875 0.046875 0.03125
2 0.2515625 0.64609375 0.0375 0.028125
2 0.22890625 0.7515625 0.0578125 0.0390625
2 0.2015625 0.88515625 0.075 0.0453125
2 0.34765625 0.91640625 0.078125 0.05
2 0.37421875 0.78203125 0.0578125 0.0421875
2 0.39140625 0.675 0.040625 0.0296875
2 0.40625 0.596875 0.046875 0.03125
2 0.41875 0.528125 0.04375 0.0265625
2 0.45078125 0.43203125 0.0765625 0.0484375
2 0.47734375 0.296875 0.0578125 0.0421875
2 0.49453125 0.18984375 0.0390625 0.0296875
2 0.509375 0.1109375 0.046875 0.03125
2 0.521875 0.0421875 0.0453125 0.0265625
2 0.64921875 0.0703125 0.04375 0.0265625
2 0.63515625 0.13671875 0.0453125 0.0296875
2 0.61875 0.215625 0.0375 0.028125
2 0.5953125 0.321875 0.0578125 0.0421875
2 0.5671875 0.45546875 0.075 0.0484375
2 0.5453125 0.55546875 0.046875 0.028125
2 0.53125 0.6234375 0.046875 0.03125
2 0.515625 0.70234375 0.0390625 0.03125
2 0.4921875 0.8078125 0.0578125 0.0421875
2 0.4640625 0.94140625 0.0765625 0.046875
2 0.59453125 0.96875 0.078125 0.05
2 0.621875 0.83515625 0.059375 0.0421875
2 0.6390625 0.72734375 0.0390625 0.028125
2 0.653125 0.64921875 0.0484375 0.03125
2 0.66640625 0.58125 0.04375 0.0265625
2 0.69765625 0.4828125 0.078125 0.0484375
2 0.725 0.34921875 0.0578125 0.0421875
2 0.7421875 0.2421875 0.0390625 0.028125
2 0.75625 0.1625 0.046875 0.03125
2 0.76953125 0.09453125 0.0453125 0.0265625
2 0.88125 0.11953125 0.0453125 0.0265625
2 0.86796875 0.1859375 0.046875 0.03125
2 0.85078125 0.265625 0.0390625 0.03125
2 0.828125 0.37109375 0.0578125 0.0421875
2 0.79921875 0.5046875 0.078125 0.05
2 0.778125 0.6046875 0.04375 0.0265625
2 0.7640625 0.67265625 0.046875 0.03125
2 0.74765625 0.75078125 0.0375 0.028125
2 0.72421875 0.85703125 0.0578125 0.040625
2 0.6953125 0.98359375 0.075 0.0328125
2 0.86875 0.88671875 0.0578125 0.0421875
2 0.8875 0.78046875 0.0390625 0.03125
2 0.90078125 0.70078125 0.0484375 0.0328125
2 0.9140625 0.6328125 0.0453125 0.0265625
2 0.9453125 0.5359375 0.0765625 0.0484375
2 0.97109375 0.40078125 0.0578125 0.0421875
2 0.98515625 0.2953125 0.0296875 0.028125
2 0.990625 0.215625 0.01875 0.03125
23 0.23046875 0.05078125 0.0140625 0.0234375
23 0.21796875 0.13125 0.0203125 0.0328125
23 0.18671875 0.23359375 0.0296875 0.0484375
23 0.15 0.3640625 0.03125 0.053125
23 0.1421875 0.46953125 0.0109375 0.01875
23 0.12734375 0.53671875 0.0140625 0.0234375
23 0.1140625 0.61640625 0.01875 0.0328125
23 0.08359375 0.71875 0.0296875 0.046875
23 0.046875 0.85078125 0.03125 0.053125
23 0.246875 0.89296875 0.01875 0.0296875
23 0.2671875 0.7578125 0.01875 0.0296875
23 0.28046875 0.6515625 0.01875 0.0296875
23 0.30078125 0.571875 0.01875 0.0296875
23 0.31484375 0.50625 0.0171875 0.025
23 0.35078125 0.4078125 0.01875 0.03125
23 0.37109375 0.27265625 0.01875 0.0296875
23 0.38359375 0.16640625 0.01875 0.0296875
23 0.40390625 0.08671875 0.01875 0.0296875
23 0.41796875 0.0203125 0.0171875 0.025
23 0.49375 0.0359375 0.009375 0.0171875
23 0.55390625 0.04921875 0.0171875 0.0265625
23 0.540625 0.115625 0.01875 0.0296875
23 0.47890625 0.10234375 0.015625 0.025
23 0.46484375 0.18359375 0.0203125 0.0328125
23 0.52421875 0.1953125 0.01875 0.0296875
23 0.434375 0.28671875 0.028125 0.046875
23 0.515625 0.30390625 0.01875 0.0296875
23 0.39765625 0.4171875 0.03125 0.053125
23 0.496875 0.4390625 0.01875 0.0296875
23 0.45 0.53515625 0.0171875 0.0234375
23 0.38984375 0.521875 0.0109375 0.0171875
23 0.375 0.58828125 0.0140625 0.0234375
23 0.4375 0.6015625 0.01875 0.0296875
23 0.36171875 0.66875 0.01875 0.03125
23 0.4203125 0.68125 0.01875 0.0296875
23 0.33046875 0.771875 0.0265625 0.04375
23 0.4125 0.7890625 0.01875 0.0296875
23 0.39375 0.92421875 0.01875 0.0296875
23 0.29453125 0.90390625 0.03125 0.05
23 0.740625 0.08984375 0.009375 0.01875
23 0.72578125 0.1546875 0.0140625 0.0234375
23 0.7125 0.2359375 0.0203125 0.0328125
23 0.68125 0.3390625 0.0296875 0.0484375
23 0.6453125 0.4703125 0.03125 0.053125
23 0.6375 0.575 0.009375 0.0171875
23 0.62265625 0.640625 0.0140625 0.0234375
23 0.609375 0.72109375 0.0203125 0.0328125
23 0.57890625 0.82421875 0.0296875 0.046875
23 0.5421875 0.95625 0.03125 0.053125
23 0.7421875 0.99140625 0.01875 0.0171875
23 0.76328125 0.86328125 0.01875 0.0296875
23 0.77578125 0.7578125 0.01875 0.0296875
23 0.796875 0.67734375 0.01875 0.0296875
23 0.81015625 0.61171875 0.0171875 0.0234375
23 0.8453125 0.5125 0.01875 0.0328125
23 0.865625 0.37734375 0.01875 0.03125
23 0.8796875 0.27109375 0.01875 0.0296875
23 0.9 0.1921875 0.01875 0.0296875
23 0.91328125 0.12578125 0.0171875 0.0265625
23 0.98828125 0.14140625 0.0109375 0.0203125
23 0.9734375 0.2078125 0.0140625 0.0234375
23 0.96015625 0.28828125 0.01875 0.0328125
23 0.92890625 0.39140625 0.028125 0.0484375
23 0.89296875 0.52265625 0.034375 0.0546875
23 0.990625 0.54453125 0.01875 0.0328125
23 0.88515625 0.62734375 0.0109375 0.0171875
23 0.9453125 0.63984375 0.0171875 0.0234375
23 0.8703125 0.69375 0.0140625 0.0234375
23 0.9328125 0.70703125 0.01875 0.0296875
23 0.85703125 0.77421875 0.01875 0.0296875
23 0.91484375 0.7859375 0.0203125 0.0296875
23 0.82578125 0.8765625 0.028125 0.046875
23 0.90703125 0.89453125 0.01875 0.0328125
23 0.7890625 0.990625 0.03125 0.01875