14 0.69375 0.4578125 0.146875 0.1390625
14 0.7203125 0.3234375 0.121875 0.115625
14 0.740625 0.21640625 0.084375 0.071875
14 0.4875 0.16796875 0.1015625 0.0734375
14 0.35 0.14140625 0.084375 0.06875
14 0.30234375 0.38125 0.1296875 0.134375
14 0.2203125 0.11640625 0.0875 0.071875
14 0.4421875 0.40859375 0.159375 0.140625
14 0.409375 0.578125 0.1 0.0609375
14 0.34609375 0.89921875 0.1609375 0.140625
14 0.234375 0.73828125 0.109375 0.1109375
14 0.3296875 0.24609375 0.1078125 0.109375
14 0.82421875 0.4828125 0.1328125 0.1375
14 0.928125 0.678125 0.1 0.0640625
14 0.871875 0.24296875 0.08125 0.06875
14 0.978125 0.26796875 0.04375 0.0734375
14 0.85 0.3484375 0.1109375 0.1109375
14 0.95859375 0.371875 0.0828125 0.115625
14 0.93984375 0.50546875 0.1203125 0.1390625
23 0.71796875 0.21328125 0.021875 0.034375
23 0.978125 0.2640625 0.021875 0.034375
23 0.4265625 0.26640625 0.0296875 0.0484375
23 0.13125 0.3484375 0.03125 0.05
23 0.6875 0.3171875 0.0296875 0.0484375
14 0.5390625 0.60390625 0.071875 0.0546875
2 0.5390625 0.603125 0.053125 0.034375
2 0.70859375 0.46171875 0.0828125 0.05
23 0.19609375 0.1109375 0.021875 0.034375
14 0.59765625 0.29921875 0.0953125 0.109375
2 0.59609375 0.29921875 0.0671875 0.04375
2 0.57265625 0.43515625 0.084375 0.0484375
2 0.8171875 0.48203125 0.0828125 0.0484375
2 0.47265625 0.27578125 0.0703125 0.04375
2 0.4484375 0.41015625 0.0796875 0.0484375
2 0.97890625 0.3765625 0.0421875 0.04375
14 0.98671875 0.18515625 0.0265625 0.0609375
2 0.39453125 0.65859375 0.0453125 0.034375
2 0.40625 0.57734375 0.0515625 0.0328125
14 0.26953125 0.55078125 0.0859375 0.0578125
2 0.2609375 0.54921875 0.0515625 0.0328125
23 0.94765625 0.36796875 0.0296875 0.046875
2 0.2953125 0.38125 0.084375 0.0484375
2 0.05625 0.3328125 0.0703125 0.046875
14 0.7921875 0.65234375 0.0875 0.0578125
14 0.5234375 0.68359375 0.065625 0.065625
2 0.5234375 0.68359375 0.0453125 0.0328125
2 0.9640625 0.51015625 0.071875 0.0484375
14 0.08203125 0.1984375 0.08125 0.1046875
2 0.07890625 0.1984375 0.0625 0.0421875
23 0.653125 0.45078125 0.034375 0.053125
14 0.1390625 0.52578125 0.0828125 0.0578125
2 0.1453125 0.5265625 0.053125 0.0328125
2 0.73203125 0.32578125 0.06875 0.0453125
23 0.9140625 0.5 0.034375 0.053125
14 0.55234375 0.5359375 0.06875 0.0421875
2 0.84140625 0.34765625 0.0640625 0.0421875
2 0.74921875 0.2171875 0.0453125 0.034375
14 0.64453125 0.7078125 0.0859375 0.0734375
14 0.625 0.81484375 0.125 0.11875
23 0.16640625 0.215625 0.028125 0.046875
2 0.99375 0.26796875 0.0125 0.0328125
14 0.61875 0.19375 0.0671875 0.06875
2 0.61875 0.19296875 0.046875 0.0328125
14 0.9421875 0.61171875 0.0921875 0.0453125
2 0.9390625 0.6109375 0.0515625 0.0296875
14 0.378125 0.00703125 0.084375 0.0140625
2 0.2125 0.22421875 0.06875 0.0421875
14 0.9 0.09375 0.084375 0.04375
23 0.92578125 0.1 0.0171875 0.0265625
14 0.6734375 0.56015625 0.0765625 0.04375
2 0.678125 0.5609375 0.05 0.0296875
2 0.246875 0.6296875 0.0453125 0.0328125
14 0.803125 0.58515625 0.0859375 0.046875
23 0.51875 0.175 0.01875 0.0296875
2 0.65390625 0.70859375 0.0453125 0.034375
14 0.5171875 0.02109375 0.090625 0.0421875
2 0.5140625 0.01875 0.053125 0.0296875
14 0.153125 0.45859375 0.0765625 0.04375
2 0.1578125 0.45859375 0.05 0.028125
14 0.9125 0.75859375 0.1015625 0.0765625
2 0.8640625 0.23984375 0.0484375 0.0328125
14 0.25390625 0.63125 0.08125 0.06875
14 0.634375 0.11328125 0.0703125 0.0546875
2 0.634375 0.11171875 0.053125 0.034375
14 0.234375 0.034375 0.0828125 0.0578125
2 0.24140625 0.03515625 0.053125 0.0328125
14 0.42109375 0.5109375 0.0921875 0.0453125
2 0.41796875 0.509375 0.05 0.0296875
14 0.01640625 0.58046875 0.0328125 0.0671875
2 0.0125 0.58203125 0.025 0.0328125
2 0.48984375 0.16796875 0.0453125 0.0328125
2 0.32109375 0.2453125 0.0640625 0.0421875
14 0.115625 0.01953125 0.065625 0.0390625
2 0.1125 0.01328125 0.053125 0.0265625
23 0.9984375 0.11484375 0.003125 0.0203125
14 0.7703125 0.06953125 0.0796875 0.0453125
2 0.77421875 0.0703125 0.05 0.028125
14 0.3921875 0.6578125 0.1 0.071875
14 0.503125 0.0875 0.0984375 0.0609375
2 0.5015625 0.0859375 0.0546875 0.034375
14 0.28359375 0.484375 0.084375 0.0453125
14 0.02578125 0.50078125 0.0515625 0.0546875
2 0.9140625 0.759375 0.0453125 0.0328125
14 0.75546875 0.83828125 0.1109375 0.1125
14 0.8875 0.1625 0.0890625 0.059375
2 0.878125 0.16015625 0.0515625 0.034375
2 0.890625 0.0921875 0.0515625 0.03125
14 0.6609375 0.6265625 0.084375 0.0578125
2 0.6671875 0.628125 0.0515625 0.034375
14 0.59765625 0.9390625 0.1484375 0.121875
14 0.77578125 0.73359375 0.084375 0.0703125
2 0.1875 0.359375 0.084375 0.0484375
2 0.13359375 0.6078125 0.0453125 0.0328125
14 0.884375 0.8640625 0.1234375 0.115625
2 0.3421875 0.1390625 0.046875 0.0328125
14 0.36484375 0.06015625 0.0859375 0.0578125
2 0.35703125 0.05859375 0.0515625 0.0328125
2 0.928125 0.67734375 0.0515625 0.0328125
14 0.103125 0.7125 0.1203125 0.1140625
23 0.971875 0.61796875 0.0125 0.021875
14 0.85234375 0.96328125 0.1390625 0.0734375
2 0.76875 0.73125 0.046875 0.0328125
14 0.371875 0.76484375 0.1359375 0.115625
23 0.54609375 0.025 0.0171875 0.0265625
14 0.125 0.60625 0.0875 0.071875
23 0.91171875 0.165625 0.0171875 0.028125
23 0.37109375 0.1453125 0.0171875 0.0296875
14 0.72890625 0.953125 0.1296875 0.09375
23 0.89296875 0.246875 0.0203125 0.0328125
23 0.88125 0.35625 0.0203125 0.0328125
23 0.403125 0.00546875 0.01875 0.0109375
23 0.3609375 0.253125 0.0171875 0.028125
14 0.09765625 0.09140625 0.0640625 0.065625
2 0.096875 0.090625 0.0484375 0.0328125
2 0.228125 0.1171875 0.0453125 0.0328125
2 0.5015625 0.78984375 0.065625 0.0421875
2 0.35234375 0.9015625 0.0796875 0.0484375
14 0.75625 0.13671875 0.0859375 0.0609375
2 0.76328125 0.1375 0.053125 0.034375
14 0.50234375 0.7890625 0.0953125 0.1109375
23 0.49765625 0.41953125 0.0171875 0.0296875
23 0.8640625 0.49140625 0.0171875 0.028125
2 0.22578125 0.7359375 0.0640625 0.0421875
23 0.53515625 0.09375 0.0171875 0.03125
2 0.00625 0.68671875 0.0125 0.0390625
14 0.0328125 0.434375 0.0625 0.0390625
2 0.0296875 0.43515625 0.053125 0.0265625
2 0.63828125 0.81640625 0.0671875 0.0421875
2 0.871875 0.9890625 0.08125 0.021875
14 0.01328125 0.68828125 0.0265625 0.1078125
2 0.09140625 0.85 0.0859375 0.05
2 0.9 0.86640625 0.0703125 0.04375
14 0.4765625 0.92421875 0.1140625 0.13125
2 0.47734375 0.925 0.084375 0.05
2 0.115625 0.71484375 0.0671875 0.0421875
14 0.07734375 0.84765625 0.1453125 0.1375
23 0.34296875 0.3890625 0.0171875 0.0296875
2 0.74609375 0.83828125 0.0671875 0.0421875
23 0.265625 0.74453125 0.0171875 0.028125
23 0.7984375 0.7375 0.0171875 0.0265625
2 0.3765625 0.76484375 0.065625 0.0421875
23 0.98984375 0.1828125 0.0171875 0.025
2 0.7203125 0.97421875 0.0828125 0.0484375
14 0.2078125 0.871875 0.1296875 0.134375
2 0.19921875 0.871875 0.0828125 0.0484375
23 0.7296875 0.13203125 0.0171875 0.0265625
23 0.390625 0.065625 0.01875 0.0296875
23 0.853125 0.85859375 0.0296875 0.046875
23 0.43984375 0.584375 0.0171875 0.0265625
23 0.59140625 0.80703125 0.028125 0.0453125
2 0.61171875 0.9515625 0.0875 0.0515625
23 0.8171875 0.9828125 0.03125 0.034375
23 0.2953125 0.55546875 0.0171875 0.0265625
23 0.78671875 0.84453125 0.0171875 0.0265625
23 0.33125 0.75625 0.0296875 0.046875
23 0.0359375 0.83984375 0.03125 0.05
23 0.55703125 0.94140625 0.0328125 0.0515625
23 0.40078125 0.91015625 0.0171875 0.028125
23 0.9609375 0.6859375 0.0171875 0.0265625
23 0.8171875 0.6578125 0.01875 0.0296875
23 0.934375 0.8734375 0.009375 0.025
23 0.30859375 0.48828125 0.0171875 0.0265625
23 0.07109375 0.70546875 0.0296875 0.046875
23 0.296875 0.88984375 0.0328125 0.0515625
23 0.94453125 0.7671875 0.0171875 0.028125
23 0.24765625 0.88046875 0.0171875 0.0265625
23 0.83046875 0.590625 0.0171875 0.025
23 0.76953125 0.98125 0.0171875 0.028125
14 0.64609375 0.0453125 0.0703125 0.04375
23 0.4515625 0.5171875 0.015625 0.0234375
14 0.4671875 0.275 0.1375 0.115625
23 0.8953125 0.6734375 0.015625 0.0234375
14 0.1984375 0.2203125 0.1203125 0.1109375
14 0.17265625 0.35625 0.1453125 0.1375
14 0.06015625 0.33359375 0.0921875 0.1265625
14 0.57109375 0.434375 0.115625 0.134375
2 0.7953125 0.58359375 0.05 0.028125
2 0.78359375 0.65234375 0.0515625 0.0328125
23 0.88359375 0.7546875 0.021875 0.034375
2 0.01953125 0.50390625 0.0390625 0.0296875
2 0.275 0.4828125 0.046875 0.0265625
2 0.64609375 0.04609375 0.05 0.028125
2 0.55078125 0.5359375 0.05 0.028125
23 0.20859375 0.03046875 0.0140625 0.025
23 0.1265625 0.453125 0.0109375 0.01875
23 0.11328125 0.5203125 0.0140625 0.0234375
23 0.1015625 0.60234375 0.01875 0.03125
23 0.27578125 0.63671875 0.0171875 0.0296875
23 0.4828125 0.01328125 0.0109375 0.0203125
23 0.46875 0.0796875 0.015625 0.0234375
23 0.45703125 0.1625 0.021875 0.034375
23 0.51328125 0.2828125 0.0171875 0.0296875
23 0.3921875 0.39921875 0.034375 0.0546875
23 0.38671875 0.50390625 0.0125 0.0171875
23 0.37421875 0.57109375 0.0140625 0.0234375
23 0.4234375 0.6640625 0.0171875 0.0296875
23 0.36171875 0.653125 0.0203125 0.0328125
23 0.4171875 0.77265625 0.0171875 0.0296875
23 0.74375 0.0640625 0.0125 0.0203125
23 0.64765625 0.5546875 0.0125 0.01875
23 0.634375 0.62265625 0.0140625 0.0234375
23 0.62265625 0.703125 0.021875 0.034375
23 0.90859375 0.6046875 0.0125 0.01875