14 0.9921875 0.1078125 0.015625 0.0625
2 0.99609375 0.10703125 0.0078125 0.0421875
14 0.9859375 0.22265625 0.028125 0.0703125
2 0.9890625 0.22734375 0.021875 0.0484375
14 0.97734375 0.34609375 0.0359375 0.075
2 0.978125 0.3375 0.0234375 0.046875
14 0.91171875 0.9609375 0.0390625 0.078125
2 0.9125 0.96171875 0.021875 0.0453125
14 0.9390625 0.7125 0.0375 0.071875
2 0.9390625 0.71796875 0.0234375 0.0484375
14 0.96328125 0.47578125 0.0359375 0.084375
2 0.96484375 0.471875 0.0234375 0.0484375
14 0.92578125 0.83515625 0.0390625 0.0765625
2 0.92578125 0.828125 0.0203125 0.0484375
14 0.9359375 0.1 0.0484375 0.0640625
2 0.93671875 0.10078125 0.0265625 0.0484375
14 0.9109375 0.33828125 0.0515625 0.078125
2 0.91171875 0.33125 0.0265625 0.0484375
14 0.8453125 0.95625 0.053125 0.0875
2 0.846875 0.95625 0.0265625 0.0484375
14 0.92421875 0.21640625 0.0515625 0.0765625
2 0.92421875 0.221875 0.0265625 0.0484375
14 0.88359375 0.59140625 0.0484375 0.0640625
2 0.884375 0.59140625 0.0265625 0.046875
14 0.89765625 0.46796875 0.05 0.0890625
2 0.8984375 0.4671875 0.0265625 0.046875
14 0.87265625 0.70546875 0.0515625 0.0765625
2 0.87265625 0.7109375 0.0265625 0.046875
14 0.859375 0.82890625 0.0515625 0.0796875
2 0.8609375 0.82109375 0.0265625 0.0484375
14 0.7390625 0.196875 0.1015625 0.10625
2 0.7390625 0.209375 0.0359375 0.0609375
14 0.753125 0.08203125 0.1 0.0796875
2 0.75234375 0.08203125 0.0375 0.059375
14 0.66171875 0.9390625 0.10625 0.121875
2 0.6625 0.94296875 0.0375 0.0625
14 0.68828125 0.6875 0.1046875 0.1078125
2 0.68828125 0.69921875 0.0375 0.0625
14 0.71328125 0.44921875 0.1046875 0.121875
2 0.71328125 0.4546875 0.0375 0.0609375
14 0.76640625 0.95 0.0640625 0.0890625
2 0.76796875 0.95078125 0.0296875 0.04375
14 0.83203125 0.3296875 0.0625 0.071875
2 0.83359375 0.32265625 0.0296875 0.0421875
14 0.6765625 0.809375 0.103125 0.096875
2 0.6765625 0.80234375 0.0375 0.059375
14 0.8453125 0.2078125 0.0625 0.075
2 0.84375 0.21640625 0.028125 0.040625
14 0.72734375 0.31875 0.1015625 0.09375
2 0.728125 0.31171875 0.0375 0.059375
14 0.36328125 0.9078125 0.0546875 0.0921875
2 0.3640625 0.9046875 0.0265625 0.0484375
14 0.70078125 0.571875 0.1015625 0.08125
2 0.70078125 0.57109375 0.0375 0.059375
14 0.7796875 0.82109375 0.0640625 0.0734375
2 0.78125 0.8140625 0.0296875 0.04375
14 0.81796875 0.459375 0.0640625 0.0890625
2 0.81875 0.46171875 0.028125 0.040625
14 0.8046875 0.5828125 0.0609375 0.059375
2 0.80625 0.58359375 0.0296875 0.0421875
14 0.79375 0.69765625 0.0640625 0.0765625
2 0.79296875 0.70546875 0.0296875 0.0421875
14 0.40078125 0.540625 0.0515625 0.0640625
2 0.4015625 0.540625 0.028125 0.0484375
14 0.42734375 0.2875 0.0515625 0.078125
2 0.42890625 0.28046875 0.0265625 0.046875
14 0.440625 0.165625 0.0515625 0.0765625
2 0.44140625 0.17109375 0.0265625 0.046875
14 0.3765625 0.778125 0.053125 0.0796875
2 0.37734375 0.7703125 0.0265625 0.046875
14 0.41328125 0.4171875 0.053125 0.090625
2 0.41484375 0.41640625 0.0265625 0.0484375
14 0.3890625 0.6546875 0.053125 0.0765625
2 0.3890625 0.66015625 0.0265625 0.046875
14 0.85703125 0.0921875 0.0625 0.059375
2 0.85703125 0.09375 0.0296875 0.0421875
14 0.453125 0.05 0.05 0.0640625
2 0.453125 0.05 0.0265625 0.046875
14 0.26953125 0.0359375 0.1015625 0.071875
2 0.26875 0.03125 0.0375 0.059375
14 0.49375 0.2953125 0.0390625 0.0765625
2 0.49453125 0.28671875 0.0203125 0.0484375
14 0.4421875 0.78515625 0.0390625 0.078125
2 0.44296875 0.77734375 0.021875 0.05
14 0.6078125 0.1828125 0.1234375 0.1265625
2 0.60546875 0.196875 0.0421875 0.0765625
14 0.6203125 0.06796875 0.1203125 0.0984375
2 0.61796875 0.06953125 0.0421875 0.075
14 0.50703125 0.17265625 0.0359375 0.0703125
2 0.50546875 0.1765625 0.0203125 0.0484375
14 0.45546875 0.66171875 0.0375 0.071875
2 0.4546875 0.665625 0.021875 0.0484375
14 0.58203125 0.43671875 0.125 0.1421875
2 0.57890625 0.440625 0.0421875 0.078125
14 0.5953125 0.30546875 0.121875 0.1125
2 0.59375 0.29765625 0.0390625 0.071875
14 0.48046875 0.425 0.0390625 0.0859375
2 0.48046875 0.421875 0.0234375 0.046875
14 0.46640625 0.54765625 0.0375 0.0625
2 0.46796875 0.546875 0.0234375 0.05
14 0.56796875 0.55703125 0.1203125 0.0984375
2 0.5671875 0.55859375 0.0421875 0.078125
14 0.2578125 0.14609375 0.103125 0.10625
2 0.25546875 0.1578125 0.0375 0.0609375
14 0.55625 0.67265625 0.1265625 0.1296875
2 0.5546875 0.68515625 0.04375 0.078125
14 0.24453125 0.26875 0.103125 0.096875
2 0.24453125 0.26171875 0.0375 0.0625
14 0.2171875 0.5203125 0.0984375 0.08125
2 0.2171875 0.5203125 0.0375 0.059375
14 0.54375 0.7953125 0.1234375 0.1140625
2 0.54296875 0.78828125 0.0421875 0.0734375
14 0.42890625 0.9140625 0.040625 0.0875
2 0.4296875 0.91015625 0.0234375 0.0453125
14 0.52890625 0.925 0.125 0.1421875
2 0.52734375 0.93203125 0.0421875 0.075
14 0.51953125 0.0578125 0.0359375 0.0625
2 0.51953125 0.05703125 0.0234375 0.0484375
14 0.23125 0.3984375 0.10625 0.121875
2 0.2296875 0.403125 0.0375 0.0625
14 0.1796875 0.88828125 0.10625 0.121875
2 0.178125 0.89296875 0.0375 0.059375
14 0.19296875 0.75859375 0.1015625 0.0953125
2 0.19296875 0.75234375 0.0375 0.0609375
14 0.13515625 0.0328125 0.1203125 0.065625
2 0.13515625 0.02734375 0.0421875 0.0546875
14 0.20546875 0.63671875 0.103125 0.10625
2 0.20390625 0.64765625 0.0375 0.0609375
14 0.29609375 0.7703125 0.0625 0.0734375
2 0.2984375 0.7625 0.0296875 0.0421875
14 0.36171875 0.15703125 0.0625 0.075
2 0.36171875 0.165625 0.028125 0.040625
14 0.11171875 0.25390625 0.1234375 0.1140625
2 0.1125 0.24765625 0.0421875 0.078125
14 0.33515625 0.40859375 0.0640625 0.0890625
2 0.3359375 0.41015625 0.028125 0.040625
14 0.31015625 0.646875 0.065625 0.0765625
2 0.31015625 0.6546875 0.028125 0.040625
14 0.1234375 0.1328125 0.125 0.1265625
2 0.12265625 0.1453125 0.0421875 0.078125
14 0.28359375 0.89921875 0.0671875 0.0921875
2 0.284375 0.9 0.028125 0.040625
14 0.3484375 0.27890625 0.0625 0.0734375
2 0.35 0.27265625 0.028125 0.040625
14 0.321875 0.53203125 0.0625 0.059375
2 0.32265625 0.5328125 0.028125 0.040625
14 0.3734375 0.0421875 0.0609375 0.059375
2 0.37421875 0.04140625 0.0296875 0.04375
14 0.06171875 0.74453125 0.1234375 0.1140625
2 0.06015625 0.7375 0.0421875 0.075
14 0.08515625 0.5078125 0.121875 0.0984375
2 0.084375 0.50703125 0.0421875 0.078125
14 0.05546875 0.87421875 0.1109375 0.1421875
2 0.04453125 0.88046875 0.04375 0.078125
14 0.09921875 0.38515625 0.128125 0.1421875
2 0.09765625 0.390625 0.04375 0.075
14 0.0734375 0.62265625 0.1265625 0.128125
2 0.06875 0.6359375 0.0375 0.071875
23 0.9921875 0.19921875 0.015625 0.0078125
23 0.92578125 0.19140625 0.021875 0.0109375
23 0.84609375 0.18671875 0.03125 0.015625
23 0.7421875 0.16640625 0.0453125 0.0234375
23 0.6109375 0.14453125 0.0484375 0.0265625
23 0.509375 0.1484375 0.0171875 0.0078125
23 0.44296875 0.140625 0.021875 0.0109375
23 0.36328125 0.1359375 0.03125 0.015625
23 0.259375 0.11640625 0.0453125 0.025
23 0.128125 0.09375 0.0484375 0.0265625
23 0.10859375 0.29296875 0.0296875 0.015625
23 0.24140625 0.2984375 0.0328125 0.015625
23 0.346875 0.29921875 0.0296875 0.015625
23 0.42578125 0.31171875 0.0296875 0.015625
23 0.49140625 0.31953125 0.025 0.015625
23 0.59140625 0.34296875 0.03125 0.015625
23 0.7234375 0.34921875 0.0296875 0.015625
23 0.82890625 0.35078125 0.0296875 0.015625
23 0.9078125 0.3625 0.03125 0.015625
23 0.975 0.36953125 0.025 0.015625
23 0.96640625 0.44375 0.015625 0.0078125
23 0.96015625 0.5046875 0.0265625 0.015625
23 0.9 0.4359375 0.0234375 0.0109375
23 0.89375 0.4984375 0.0265625 0.015625
23 0.81953125 0.43125 0.0296875 0.0171875
23 0.81484375 0.4890625 0.0296875 0.015625
23 0.71640625 0.41171875 0.0453125 0.0234375
23 0.709375 0.4921875 0.0296875 0.015625
23 0.58515625 0.390625 0.0515625 0.0265625
23 0.575 0.48828125 0.0296875 0.015625
23 0.48359375 0.39296875 0.015625 0.0078125
23 0.47734375 0.453125 0.025 0.015625
23 0.41171875 0.446875 0.028125 0.015625
23 0.41796875 0.38515625 0.0203125 0.0109375
23 0.3375 0.38046875 0.0296875 0.015625
23 0.33203125 0.43828125 0.0296875 0.015625
23 0.23515625 0.3609375 0.0453125 0.0234375
23 0.2265625 0.44140625 0.0296875 0.015625
23 0.10234375 0.3390625 0.05 0.0265625
23 0.09296875 0.43671875 0.0296875 0.015625
14 0.95078125 0.59765625 0.0375 0.0625
2 0.95 0.59765625 0.021875 0.0421875
23 0.94140625 0.68828125 0.0171875 0.009375
23 0.875 0.68046875 0.0234375 0.0109375
23 0.79453125 0.6765625 0.0328125 0.015625
23 0.690625 0.65703125 0.046875 0.025
23 0.559375 0.63515625 0.0546875 0.0265625
23 0.45703125 0.6375 0.0171875 0.0078125
23 0.3921875 0.63046875 0.0234375 0.0109375
23 0.31171875 0.62578125 0.0328125 0.015625
23 0.209375 0.60625 0.0453125 0.0234375
23 0.07734375 0.58359375 0.0484375 0.0265625
23 0.05703125 0.7828125 0.0296875 0.015625
23 0.1890625 0.7875 0.03125 0.015625
23 0.29453125 0.790625 0.0296875 0.015625
23 0.3734375 0.80234375 0.0296875 0.015625
23 0.43984375 0.80859375 0.0234375 0.0125
23 0.53984375 0.83359375 0.0296875 0.015625
23 0.67265625 0.8390625 0.0296875 0.015625
23 0.77734375 0.84140625 0.0265625 0.015625
23 0.85625 0.853125 0.0296875 0.015625
23 0.92265625 0.859375 0.025 0.015625
23 0.91484375 0.93359375 0.0171875 0.009375
23 0.90859375 0.9921875 0.0265625 0.015625
23 0.8421875 0.98828125 0.0296875 0.015625
23 0.84921875 0.92578125 0.021875 0.0109375
23 0.76796875 0.921875 0.0328125 0.015625
23 0.7625 0.97890625 0.0296875 0.015625
23 0.665625 0.9015625 0.04375 0.0234375
23 0.6578125 0.98203125 0.0296875 0.015625
23 0.53203125 0.8796875 0.0546875 0.0265625
23 0.5234375 0.978125 0.03125 0.0171875
23 0.43125 0.8828125 0.015625 0.0078125
23 0.42578125 0.9421875 0.0234375 0.0140625
23 0.36640625 0.875 0.0203125 0.0109375
23 0.3609375 0.93671875 0.028125 0.015625
23 0.2859375 0.8703125 0.0296875 0.0171875
23 0.28046875 0.92890625 0.0296875 0.015625
23 0.1828125 0.85078125 0.0453125 0.0234375
23 0.17421875 0.93125 0.0296875 0.015625
23 0.05078125 0.82890625 0.0484375 0.0265625
23 0.04140625 0.92734375 0.028125 0.015625