14 0.66640625 0.43046875 0.11796875 0.10859375
14 0.66640625 0.30390625 0.09765625 0.0890625
14 0.665625 0.203125 0.06953125 0.05390625
14 0.4265625 0.203125 0.08515625 0.05234375
14 0.296875 0.203125 0.06953125 0.05234375
14 0.29609375 0.43046875 0.10234375 0.10703125
14 0.17421875 0.203125 0.071875 0.05390625
14 0.428125 0.43046875 0.1296875 0.10625
14 0.428125 0.58984375 0.08671875 0.04140625
14 0.42734375 0.89375 0.13203125 0.1078125
14 0.296875 0.7671875 0.0859375 0.08828125
14 0.296875 0.303125 0.08515625 0.0875
14 0.7890625 0.43046875 0.10390625 0.11015625
14 0.91953125 0.590625 0.0875 0.04375
14 0.78984375 0.203125 0.0671875 0.053125
14 0.91953125 0.203125 0.08515625 0.05234375
14 0.7890625 0.303125 0.08671875 0.08828125
14 0.91953125 0.303125 0.1140625 0.0890625
14 0.91953125 0.4296875 0.1328125 0.109375
23 0.64453125 0.20390625 0.015625 0.0296875
23 0.890625 0.20390625 0.015625 0.02890625
23 0.3890625 0.303125 0.0203125 0.0421875
23 0.97265625 0.43125 0.0125 0.02578125
23 0.13515625 0.43046875 0.021875 0.04296875
23 0.63515625 0.30390625 0.02109375 0.0421875
14 0.55078125 0.590625 0.059375 0.040625
2 0.55 0.590625 0.04609375 0.02265625
2 0.68046875 0.43125 0.0734375 0.0328125
23 0.1515625 0.203125 0.01328125 0.02890625
14 0.55078125 0.303125 0.071875 0.08984375
2 0.54921875 0.303125 0.05703125 0.03046875
23 0.94921875 0.20390625 0.0125 0.02734375
2 0.5515625 0.43125 0.0734375 0.03203125
2 0.78203125 0.43046875 0.07109375 0.03125
2 0.43203125 0.30390625 0.06015625 0.0296875
2 0.43359375 0.43125 0.0703125 0.0328125
2 0.92421875 0.303125 0.06171875 0.0296875
14 0.91953125 0.1265625 0.08671875 0.04140625
2 0.91796875 0.12734375 0.0421875 0.0234375
2 0.42890625 0.66640625 0.03828125 0.025
2 0.42578125 0.58984375 0.04296875 0.02265625
14 0.29609375 0.58984375 0.07421875 0.040625
2 0.28828125 0.590625 0.04453125 0.021875
23 0.88125 0.30390625 0.01953125 0.040625
2 0.28984375 0.43125 0.0734375 0.03125
2 0.059375 0.43046875 0.07109375 0.03125
14 0.7890625 0.590625 0.075 0.040625
14 0.55078125 0.66640625 0.05234375 0.053125
2 0.55078125 0.66640625 0.03828125 0.02421875
14 0.1734375 0.06328125 0.06796875 0.028125
2 0.178125 0.06328125 0.0453125 0.01875
2 0.9265625 0.43125 0.07265625 0.03125
14 0.0578125 0.303125 0.07109375 0.08828125
2 0.05859375 0.30390625 0.0578125 0.0296875
23 0.62734375 0.43203125 0.02265625 0.0453125
14 0.1734375 0.590625 0.07109375 0.040625
2 0.17890625 0.58984375 0.04609375 0.021875
2 0.678125 0.303125 0.059375 0.03125
23 0.8734375 0.43046875 0.02265625 0.04609375
14 0.55 0.5265625 0.059375 0.028125
2 0.78125 0.30390625 0.0546875 0.02890625
2 0.6734375 0.20234375 0.0390625 0.02421875
14 0.665625 0.66640625 0.07109375 0.05390625
14 0.66640625 0.7671875 0.1 0.09296875
23 0.14296875 0.303125 0.01875 0.03984375
2 0.92109375 0.2015625 0.03671875 0.02421875
14 0.55078125 0.203125 0.05234375 0.05390625
2 0.55 0.20234375 0.0390625 0.02421875
14 0.91953125 0.52734375 0.0828125 0.02734375
2 0.91640625 0.52578125 0.0453125 0.01875
14 0.296875 0.06328125 0.0734375 0.028125
2 0.2890625 0.06328125 0.04609375 0.01875
2 0.18671875 0.303125 0.059375 0.02890625
14 0.7890625 0.06328125 0.0734375 0.02734375
23 0.81328125 0.06328125 0.01171875 0.0234375
14 0.66640625 0.5265625 0.0671875 0.02890625
2 0.6703125 0.5265625 0.04375 0.0203125
14 0.91953125 0.06328125 0.0828125 0.02734375
2 0.91640625 0.0625 0.04140625 0.01875
2 0.28984375 0.66640625 0.03828125 0.02421875
14 0.78828125 0.52734375 0.075 0.02890625
23 0.45625 0.20390625 0.01328125 0.02578125
2 0.6734375 0.66640625 0.03828125 0.02421875
14 0.42734375 0.06328125 0.08203125 0.02734375
2 0.42421875 0.0625 0.04609375 0.01953125
14 0.1734375 0.52734375 0.06796875 0.028125
2 0.178125 0.52578125 0.04296875 0.01640625
14 0.91953125 0.66640625 0.08671875 0.05546875
2 0.78203125 0.20234375 0.03984375 0.0234375
14 0.296875 0.66640625 0.06640625 0.053125
14 0.55078125 0.12734375 0.05859375 0.040625
2 0.55 0.1265625 0.0453125 0.02265625
14 0.1734375 0.1265625 0.07109375 0.04140625
2 0.1796875 0.1265625 0.04765625 0.021875
14 0.42734375 0.5265625 0.08203125 0.02734375
2 0.4234375 0.5265625 0.04296875 0.01953125
14 0.05703125 0.665625 0.0515625 0.05390625
2 0.05703125 0.66640625 0.03984375 0.0234375
2 0.42890625 0.20234375 0.0390625 0.02421875
2 0.2890625 0.303125 0.05546875 0.02890625
14 0.0578125 0.1265625 0.06015625 0.04296875
2 0.05703125 0.1265625 0.0453125 0.021875
23 0.8875 0.0640625 0.00859375 0.01640625
14 0.66640625 0.06328125 0.06875 0.02890625
2 0.67109375 0.06328125 0.04375 0.01796875
14 0.42734375 0.66640625 0.084375 0.053125
14 0.4265625 0.12734375 0.0859375 0.040625
2 0.425 0.1265625 0.0484375 0.02265625
14 0.0578125 0.06328125 0.059375 0.02734375
2 0.05703125 0.06328125 0.0453125 0.01796875
14 0.296875 0.5265625 0.0734375 0.028125
14 0.05703125 0.58984375 0.06015625 0.040625
2 0.91953125 0.66640625 0.03671875 0.0234375
14 0.7890625 0.76640625 0.0859375 0.08984375
14 0.78984375 0.12734375 0.075 0.0421875
2 0.78125 0.12734375 0.04453125 0.0234375
2 0.78046875 0.06328125 0.04453125 0.01953125
14 0.665625 0.590625 0.07265625 0.040625
2 0.671875 0.590625 0.04453125 0.0234375
14 0.66640625 0.89375 0.11875 0.109375
14 0.78984375 0.66640625 0.06953125 0.053125
2 0.1875 0.43046875 0.0734375 0.03125
2 0.1828125 0.66640625 0.03828125 0.02421875
14 0.91953125 0.7671875 0.11328125 0.08828125
2 0.28984375 0.203125 0.0390625 0.0234375
14 0.29609375 0.1265625 0.0734375 0.03984375
2 0.28828125 0.1265625 0.04453125 0.021875
2 0.91796875 0.5890625 0.0453125 0.021875
14 0.1734375 0.7671875 0.096875 0.08828125
23 0.94765625 0.5265625 0.009375 0.01875
14 0.9203125 0.89453125 0.13515625 0.11171875
23 0.96328125 0.303125 0.0125 0.025
2 0.78203125 0.66640625 0.0390625 0.0234375
14 0.42734375 0.76640625 0.11171875 0.08828125
23 0.45546875 0.0625 0.0125 0.02421875
14 0.17421875 0.66640625 0.07265625 0.053125
23 0.81328125 0.1265625 0.01171875 0.025
23 0.31640625 0.20390625 0.0125 0.0265625
14 0.7890625 0.89296875 0.10234375 0.10703125
23 0.81015625 0.203125 0.01328125 0.028125
23 0.81875 0.3046875 0.01328125 0.028125
23 0.3203125 0.06328125 0.0125 0.02421875
23 0.3265625 0.303125 0.0125 0.025
14 0.0578125 0.203125 0.05234375 0.05234375
2 0.05703125 0.20234375 0.040625 0.02265625
2 0.18203125 0.20234375 0.0390625 0.0234375
23 0.95 0.12734375 0.0125 0.025
2 0.55 0.7671875 0.05625 0.02890625
2 0.434375 0.8953125 0.0703125 0.03203125
14 0.665625 0.12734375 0.071875 0.04296875
2 0.671875 0.1265625 0.04609375 0.02265625
2 0.05859375 0.89453125 0.0734375 0.03203125
14 0.55078125 0.76640625 0.07265625 0.090625
23 0.48046875 0.43046875 0.0125 0.02578125
23 0.8265625 0.43046875 0.0125 0.025
2 0.2890625 0.76640625 0.05390625 0.028125
23 0.45703125 0.12734375 0.0125 0.02734375
2 0.0578125 0.7671875 0.05703125 0.028125
14 0.0578125 0.52734375 0.059375 0.02734375
2 0.0578125 0.52734375 0.0484375 0.01640625
2 0.67890625 0.7671875 0.0578125 0.02890625
2 0.92578125 0.89609375 0.07265625 0.03203125
23 0.9484375 0.06328125 0.01171875 0.02265625
14 0.0578125 0.7671875 0.07109375 0.08984375
2 0.1875 0.89453125 0.07578125 0.0328125
2 0.92578125 0.76640625 0.06015625 0.028125
14 0.55 0.89296875 0.0875 0.1078125
2 0.5515625 0.89453125 0.07421875 0.0328125
2 0.18515625 0.7671875 0.05859375 0.028125
14 0.1734375 0.89453125 0.1171875 0.1078125
23 0.334375 0.43046875 0.0125 0.0265625
2 0.78125 0.7671875 0.05703125 0.02890625
23 0.3265625 0.7671875 0.0125 0.025
23 0.81015625 0.6671875 0.0125 0.0234375
2 0.43203125 0.76640625 0.05625 0.028125
23 0.88671875 0.12734375 0.01171875 0.021875
2 0.78125 0.8953125 0.071875 0.03203125
14 0.05703125 0.89296875 0.0890625 0.10859375
14 0.296875 0.89375 0.10234375 0.10703125
2 0.2890625 0.89453125 0.07109375 0.03203125
23 0.640625 0.12734375 0.0109375 0.02265625
23 0.3203125 0.12734375 0.0125 0.025
23 0.88125 0.76640625 0.0203125 0.03984375
23 0.45703125 0.590625 0.01171875 0.0234375
23 0.634375 0.76640625 0.01875 0.0390625
2 0.67890625 0.89453125 0.075 0.03359375
23 0.8734375 0.89453125 0.021875 0.04375
23 0.3203125 0.590625 0.01171875 0.0234375
23 0.81875 0.76640625 0.0109375 0.02421875
23 0.3890625 0.76640625 0.01953125 0.040625
23 0.13515625 0.89453125 0.021875 0.04375
23 0.62734375 0.8953125 0.021875 0.04375
23 0.97265625 0.89453125 0.0140625 0.0265625
23 0.4796875 0.89375 0.0125 0.025
23 0.94921875 0.590625 0.01171875 0.02421875
23 0.81328125 0.590625 0.0125 0.02578125
23 0.9625 0.76640625 0.0125 0.025
23 0.32109375 0.52578125 0.0125 0.02265625
23 0.14296875 0.765625 0.01953125 0.04140625
23 0.38125 0.89375 0.02265625 0.04375
23 0.94921875 0.6671875 0.01171875 0.025
23 0.334375 0.89453125 0.01171875 0.02421875
23 0.81328125 0.52734375 0.0109375 0.021875
23 0.82734375 0.89375 0.01171875 0.02421875
14 0.55 0.0640625 0.06015625 0.02890625
23 0.45546875 0.52734375 0.01015625 0.01953125
14 0.42734375 0.30390625 0.1125 0.08671875
23 0.8875 0.590625 0.01015625 0.0203125
14 0.1734375 0.30234375 0.096875 0.08515625
14 0.1734375 0.43046875 0.11484375 0.10703125
14 0.05703125 0.43046875 0.0890625 0.1078125
14 0.55 0.43046875 0.08828125 0.11015625
2 0.78046875 0.52734375 0.04296875 0.01640625
2 0.78125 0.59140625 0.0421875 0.02265625
23 0.89140625 0.66640625 0.01484375 0.02890625
2 0.05703125 0.5921875 0.0421875 0.02109375
2 0.2890625 0.52734375 0.04140625 0.0171875
2 0.55 0.0640625 0.04296875 0.0171875
2 0.55 0.52734375 0.04296875 0.0171875
23 0.14921875 0.0640625 0.00703125 0.01640625
23 0.1484375 0.12734375 0.009375 0.021875
23 0.14921875 0.5265625 0.00703125 0.015625
23 0.1484375 0.590625 0.009375 0.02109375
23 0.15234375 0.66640625 0.01328125 0.02734375
23 0.3171875 0.66640625 0.0125 0.0265625
23 0.3953125 0.06328125 0.0078125 0.01640625
23 0.39453125 0.1265625 0.01015625 0.0203125
23 0.3984375 0.20390625 0.01484375 0.02890625
23 0.4703125 0.303125 0.0125 0.02578125
23 0.38125 0.43125 0.0234375 0.04765625
23 0.3953125 0.5265625 0.0078125 0.01484375
23 0.39453125 0.58984375 0.009375 0.01953125
23 0.45625 0.66640625 0.01171875 0.02578125
23 0.3984375 0.6671875 0.01328125 0.02734375
23 0.4703125 0.76640625 0.01171875 0.0265625
23 0.64140625 0.0640625 0.00859375 0.01640625
23 0.64140625 0.5265625 0.00859375 0.015625
23 0.64140625 0.590625 0.00859375 0.02109375
23 0.64453125 0.66640625 0.0140625 0.02890625
23 0.8875 0.5265625 0.009375 0.015625