14 0.97578125 0.9265625 0.03125 0.0640625
2 0.9765625 0.9265625 0.0234375 0.0453125
14 0.90625 0.9296875 0.04375 0.0640625
2 0.90546875 0.92890625 0.0265625 0.0453125
14 0.82109375 0.93359375 0.0578125 0.05625
2 0.82109375 0.93203125 0.0296875 0.0390625
14 0.709375 0.9359375 0.096875 0.078125
2 0.71015625 0.93671875 0.0359375 0.0578125
14 0.56875 0.940625 0.11875 0.0984375
2 0.5671875 0.940625 0.04375 0.0765625
14 0.4609375 0.94453125 0.03125 0.0640625
2 0.46015625 0.9453125 0.021875 0.0453125
14 0.38984375 0.94765625 0.0453125 0.0640625
2 0.38984375 0.946875 0.0296875 0.046875
14 0.30546875 0.95078125 0.059375 0.0546875
2 0.30546875 0.95 0.0265625 0.0390625
14 0.19453125 0.95390625 0.1 0.078125
2 0.19375 0.9546875 0.0359375 0.0578125
14 0.0640625 0.95546875 0.1 0.0890625
2 0.05078125 0.95859375 0.040625 0.0765625
14 0.06015625 0.83515625 0.1015625 0.1265625
2 0.046875 0.81953125 0.040625 0.075
23 0.05078125 0.87578125 0.0578125 0.0265625
14 0.18984375 0.83046875 0.1 0.1078125
2 0.18828125 0.81640625 0.0375 0.0609375
23 0.19140625 0.8625 0.046875 0.021875
14 0.30078125 0.82734375 0.059375 0.0765625
2 0.3015625 0.8171875 0.028125 0.0390625
23 0.30234375 0.84921875 0.03125 0.0140625
14 0.3859375 0.8234375 0.046875 0.0765625
2 0.384375 0.8171875 0.0265625 0.0453125
23 0.3875 0.85 0.025 0.0109375
14 0.45625 0.82109375 0.0328125 0.0734375
2 0.45625 0.81640625 0.0203125 0.0453125
23 0.4578125 0.846875 0.0171875 0.0078125
14 0.5640625 0.8171875 0.121875 0.128125
2 0.5625 0.8015625 0.040625 0.0765625
23 0.565625 0.85859375 0.0546875 0.025
14 0.70546875 0.8125 0.1 0.10625
2 0.70546875 0.7984375 0.0390625 0.0578125
23 0.70703125 0.84453125 0.04375 0.021875
14 0.8171875 0.80859375 0.059375 0.075
2 0.8171875 0.79921875 0.0265625 0.0375
23 0.81796875 0.83125 0.03125 0.015625
14 0.9015625 0.80546875 0.046875 0.0765625
2 0.9 0.79921875 0.0265625 0.046875
23 0.90234375 0.8328125 0.0203125 0.009375
14 0.971875 0.803125 0.0328125 0.0734375
2 0.971875 0.7984375 0.021875 0.04375
23 0.9734375 0.8296875 0.015625 0.00625
14 0.96796875 0.671875 0.03125 0.0796875
2 0.96796875 0.68046875 0.0234375 0.04375
14 0.896875 0.67421875 0.046875 0.0796875
2 0.89609375 0.6828125 0.0265625 0.0453125
23 0.89609375 0.6484375 0.03125 0.0140625
23 0.9671875 0.646875 0.028125 0.0140625
14 0.8125 0.67734375 0.059375 0.071875
2 0.81328125 0.68515625 0.028125 0.0375
23 0.81171875 0.65625 0.03125 0.0140625
14 0.7015625 0.68125 0.0984375 0.09375
2 0.70078125 0.6890625 0.0359375 0.0578125
23 0.7 0.64921875 0.03125 0.0140625
14 0.559375 0.68515625 0.11875 0.1125
2 0.55859375 0.6953125 0.040625 0.075
23 0.559375 0.6453125 0.03125 0.015625
14 0.4515625 0.68984375 0.0328125 0.0796875
2 0.4515625 0.69765625 0.021875 0.04375
23 0.4515625 0.66484375 0.028125 0.0140625
14 0.38125 0.6921875 0.0453125 0.0796875
2 0.38046875 0.7015625 0.0265625 0.0453125
23 0.3796875 0.6671875 0.03125 0.0140625
14 0.296875 0.69609375 0.059375 0.0734375
2 0.29765625 0.703125 0.0265625 0.0390625
23 0.29609375 0.6734375 0.0296875 0.0140625
14 0.18515625 0.69921875 0.0984375 0.09375
2 0.18515625 0.70703125 0.0359375 0.0578125
23 0.184375 0.66796875 0.03125 0.0140625
14 0.05546875 0.7046875 0.1 0.1125
2 0.0421875 0.7125 0.040625 0.075
23 0.0421875 0.6640625 0.03125 0.0140625
14 0.96328125 0.53203125 0.0328125 0.0890625
23 0.96484375 0.56640625 0.0171875 0.00625
2 0.9625 0.5359375 0.0203125 0.04375
23 0.96171875 0.50234375 0.028125 0.0140625
14 0.8921875 0.5359375 0.0453125 0.0921875
23 0.89296875 0.56953125 0.021875 0.009375
2 0.890625 0.53828125 0.025 0.0453125
23 0.890625 0.50390625 0.028125 0.0140625
14 0.8078125 0.53828125 0.059375 0.0921875
2 0.80703125 0.5359375 0.0265625 0.0390625
23 0.80859375 0.56875 0.03125 0.0140625
23 0.80625 0.50703125 0.028125 0.0140625
14 0.69609375 0.5421875 0.1015625 0.121875
2 0.6953125 0.5359375 0.0359375 0.0578125
23 0.69765625 0.58203125 0.04375 0.0203125
14 0.5546875 0.54765625 0.1234375 0.14375
2 0.553125 0.53984375 0.0390625 0.075
23 0.55703125 0.596875 0.05 0.0234375
23 0.553125 0.49140625 0.03125 0.0140625
14 0.446875 0.55078125 0.03125 0.0890625
23 0.44921875 0.584375 0.0171875 0.00625
2 0.446875 0.55390625 0.0203125 0.04375
23 0.44609375 0.5203125 0.028125 0.0140625
14 0.37578125 0.55390625 0.046875 0.0921875
23 0.378125 0.58828125 0.021875 0.009375
2 0.375 0.55625 0.0234375 0.04375
23 0.37578125 0.521875 0.0296875 0.0140625
14 0.2921875 0.55625 0.059375 0.090625
2 0.2921875 0.5546875 0.025 0.0390625
23 0.29296875 0.58671875 0.03125 0.0140625
23 0.290625 0.525 0.028125 0.0140625
14 0.1796875 0.56015625 0.1015625 0.1234375
2 0.17890625 0.55390625 0.0328125 0.0578125
23 0.18203125 0.60078125 0.04375 0.0203125
23 0.17890625 0.5140625 0.03125 0.0140625
14 0.05078125 0.56484375 0.1015625 0.14375
2 0.03671875 0.5578125 0.040625 0.075
23 0.04140625 0.61484375 0.0546875 0.025
23 0.03671875 0.509375 0.03125 0.015625
14 0.9578125 0.4015625 0.03125 0.0640625
2 0.95859375 0.40234375 0.0203125 0.04375
14 0.8875 0.40390625 0.0453125 0.0640625
2 0.8859375 0.4046875 0.0265625 0.0453125
14 0.803125 0.40625 0.059375 0.0578125
2 0.803125 0.40625 0.0265625 0.0390625
14 0.69140625 0.4109375 0.1 0.078125
2 0.690625 0.4109375 0.0328125 0.0578125
14 0.55 0.41640625 0.121875 0.096875
2 0.5484375 0.41640625 0.0375 0.075
14 0.4421875 0.4203125 0.03125 0.0640625
2 0.4421875 0.4203125 0.021875 0.04375
14 0.371875 0.421875 0.0453125 0.0640625
2 0.3703125 0.421875 0.025 0.0453125
14 0.28671875 0.42421875 0.0578125 0.05625
2 0.2875 0.42421875 0.025 0.0390625
14 0.1765625 0.42890625 0.1 0.078125
2 0.175 0.42890625 0.0359375 0.0578125
14 0.04765625 0.43359375 0.0953125 0.0953125
2 0.03359375 0.434375 0.040625 0.0765625
14 0.953125 0.27890625 0.03125 0.0734375
23 0.95546875 0.3046875 0.015625 0.00625
14 0.88359375 0.28125 0.046875 0.0765625
2 0.88125 0.275 0.0265625 0.0453125
23 0.88515625 0.3078125 0.0234375 0.0109375
14 0.79921875 0.28359375 0.0625 0.0765625
23 0.79921875 0.30625 0.03125 0.015625
2 0.7984375 0.27421875 0.0296875 0.0375
14 0.6875 0.2875 0.1 0.10625
2 0.684375 0.27421875 0.0359375 0.0578125
23 0.6890625 0.31953125 0.04375 0.0203125
14 0.54609375 0.29296875 0.1234375 0.128125
23 0.54765625 0.33359375 0.05 0.0234375
2 0.54375 0.27734375 0.0375 0.0734375
14 0.43828125 0.296875 0.03125 0.0734375
23 0.43984375 0.32265625 0.0171875 0.00625
2 0.43828125 0.2921875 0.0203125 0.04375
14 0.3671875 0.29921875 0.046875 0.0765625
23 0.36875 0.32578125 0.021875 0.009375
2 0.36640625 0.29375 0.0265625 0.0453125
14 0.2828125 0.30234375 0.0609375 0.0765625
23 0.28359375 0.325 0.03125 0.0140625
2 0.2828125 0.29296875 0.025 0.0390625
14 0.171875 0.30625 0.1 0.10625
23 0.1734375 0.3375 0.04375 0.0203125
2 0.16953125 0.2921875 0.034375 0.0578125
14 0.04609375 0.309375 0.0921875 0.128125
23 0.03203125 0.3515625 0.0515625 0.0234375
2 0.02734375 0.2953125 0.0390625 0.075
14 0.95 0.14765625 0.034375 0.0796875
2 0.95 0.15625 0.0234375 0.04375
23 0.9484375 0.121875 0.028125 0.0140625
14 0.87890625 0.14921875 0.046875 0.0796875
2 0.87734375 0.1578125 0.0265625 0.046875
23 0.878125 0.1234375 0.0296875 0.0140625
14 0.79375 0.15234375 0.0609375 0.0734375
2 0.79453125 0.16015625 0.0265625 0.0375
23 0.79296875 0.13046875 0.0296875 0.0140625
14 0.6828125 0.15703125 0.1 0.09375
2 0.68203125 0.16484375 0.0359375 0.0578125
23 0.68125 0.125 0.028125 0.0140625
14 0.54140625 0.16171875 0.1203125 0.1125
2 0.53984375 0.16953125 0.0390625 0.075
23 0.53984375 0.12109375 0.0296875 0.0140625
14 0.43359375 0.165625 0.0328125 0.0796875
2 0.43359375 0.1734375 0.021875 0.04375
23 0.43359375 0.13984375 0.028125 0.0140625
14 0.36328125 0.1671875 0.046875 0.0796875
2 0.36171875 0.175 0.0265625 0.0453125
23 0.3625 0.14140625 0.0296875 0.0140625
14 0.278125 0.1703125 0.0609375 0.071875
2 0.278125 0.178125 0.0265625 0.0390625
23 0.278125 0.1484375 0.03125 0.0140625
14 0.16640625 0.175 0.1 0.09375
2 0.1671875 0.1828125 0.0328125 0.0578125
23 0.165625 0.14296875 0.028125 0.0140625
14 0.04296875 0.178125 0.0859375 0.1125
2 0.02421875 0.1875 0.0390625 0.0765625
23 0.025 0.1390625 0.03125 0.0140625
14 0.04140625 0.06328125 0.0828125 0.0984375
23 0.0234375 0.08828125 0.046875 0.0234375
2 0.02109375 0.04375 0.0359375 0.05625
14 0.1640625 0.05390625 0.1 0.0875
23 0.1640625 0.07578125 0.04375 0.0203125
2 0.16171875 0.03515625 0.0359375 0.0484375
14 0.2734375 0.04296875 0.059375 0.0703125
23 0.275 0.0625 0.0296875 0.0140625
2 0.2734375 0.0296875 0.0265625 0.0390625
14 0.359375 0.03984375 0.046875 0.071875
23 0.359375 0.06328125 0.021875 0.009375
2 0.35703125 0.03046875 0.0265625 0.0453125
14 0.4296875 0.03671875 0.0328125 0.0703125
23 0.43046875 0.06015625 0.015625 0.00625
2 0.42890625 0.0296875 0.0203125 0.04375
14 0.5375 0.046875 0.121875 0.09375
23 0.5390625 0.07109375 0.05 0.0234375
2 0.53671875 0.0265625 0.0390625 0.053125
14 0.67890625 0.03984375 0.0984375 0.0796875
23 0.67890625 0.0578125 0.04375 0.0203125
2 0.67890625 0.0203125 0.0359375 0.040625
14 0.7890625 0.0296875 0.0625 0.059375
23 0.79140625 0.04453125 0.03125 0.0140625
2 0.78828125 0.015625 0.0265625 0.03125
14 0.875 0.02890625 0.046875 0.0578125
23 0.87578125 0.0453125 0.0234375 0.0109375
2 0.87421875 0.0171875 0.0296875 0.034375
14 0.94453125 0.0265625 0.0328125 0.053125
23 0.94609375 0.0421875 0.0171875 0.0078125