14 0.0578125 0.29609375 0.06953125 0.09375
2 0.0578125 0.29765625 0.05234375 0.02890625
2 0.05625 0.29921875 0.0546875 0.03125
14 0.0578125 0.046875 0.0578125 0.0296875
14 0.05703125 0.1125 0.059375 0.040625
14 0.05703125 0.19140625 0.05234375 0.05390625
14 0.05859375 0.42890625 0.0859375 0.1109375
14 0.0578125 0.5296875 0.0578125 0.02890625
14 0.05703125 0.59609375 0.059375 0.04140625
14 0.05703125 0.675 0.0515625 0.05546875
14 0.0578125 0.7796875 0.0703125 0.0921875
14 0.0578125 0.91171875 0.0875 0.1125
14 0.1734375 0.91171875 0.11640625 0.1125
14 0.1734375 0.7796875 0.09765625 0.0921875
14 0.1734375 0.675 0.0703125 0.05546875
14 0.1734375 0.5953125 0.07109375 0.04296875
14 0.1734375 0.5296875 0.0671875 0.0296875
14 0.1734375 0.42890625 0.11640625 0.1125
14 0.1734375 0.29609375 0.096875 0.09296875
14 0.1734375 0.1921875 0.0703125 0.05625
14 0.17265625 0.1125 0.071875 0.04296875
14 0.1734375 0.04609375 0.0671875 0.0296875
14 0.296875 0.04609375 0.0734375 0.02890625
14 0.29609375 0.11171875 0.07421875 0.04296875
14 0.296875 0.1921875 0.06640625 0.05546875
14 0.296875 0.29609375 0.08515625 0.0921875
14 0.296875 0.42890625 0.1015625 0.1109375
14 0.296875 0.5296875 0.0734375 0.02890625
14 0.296875 0.59609375 0.07421875 0.0421875
14 0.29609375 0.67578125 0.06640625 0.05546875
14 0.296875 0.7796875 0.08515625 0.09296875
14 0.296875 0.91171875 0.10078125 0.11015625
14 0.42734375 0.91171875 0.13125 0.11171875
14 0.42734375 0.7796875 0.1125 0.09140625
14 0.42734375 0.67578125 0.08515625 0.05546875
14 0.42734375 0.59609375 0.0859375 0.04140625
14 0.42734375 0.53046875 0.08203125 0.028125
14 0.42734375 0.42890625 0.13125 0.11171875
14 0.42734375 0.29609375 0.11171875 0.0921875
14 0.42734375 0.19140625 0.08359375 0.0546875
14 0.4265625 0.1125 0.0859375 0.0421875
14 0.42734375 0.04609375 0.08125 0.02890625
14 0.55078125 0.046875 0.0578125 0.028125
14 0.55078125 0.11171875 0.059375 0.0421875
14 0.55078125 0.1921875 0.05234375 0.05625
14 0.55078125 0.296875 0.0703125 0.09140625
14 0.55078125 0.42890625 0.08671875 0.11171875
14 0.55078125 0.5296875 0.05859375 0.028125
14 0.55078125 0.59609375 0.05859375 0.0421875
14 0.55078125 0.67578125 0.05234375 0.05546875
14 0.55078125 0.7796875 0.0703125 0.09140625
14 0.55 0.91171875 0.08671875 0.11171875
14 0.66640625 0.9125 0.11640625 0.11171875
14 0.66640625 0.7796875 0.096875 0.09140625
14 0.665625 0.67578125 0.06953125 0.05625
14 0.665625 0.59609375 0.07109375 0.0421875
14 0.66640625 0.5296875 0.06796875 0.02890625
14 0.66640625 0.42890625 0.11640625 0.1125
14 0.66640625 0.29609375 0.096875 0.09140625
14 0.665625 0.1921875 0.0703125 0.05546875
14 0.665625 0.1125 0.07109375 0.04140625
14 0.66640625 0.04609375 0.0671875 0.028125
14 0.7890625 0.046875 0.0734375 0.02890625
14 0.78984375 0.1125 0.07421875 0.04140625
14 0.78984375 0.1921875 0.0671875 0.05546875
14 0.7890625 0.29609375 0.08515625 0.09140625
14 0.7890625 0.42890625 0.1015625 0.1125
14 0.7890625 0.5296875 0.0734375 0.028125
14 0.78984375 0.59609375 0.07421875 0.0421875
14 0.78984375 0.67578125 0.06640625 0.05546875
14 0.7890625 0.7796875 0.08515625 0.09140625
14 0.7890625 0.91171875 0.1015625 0.1109375
14 0.91953125 0.91171875 0.13203125 0.1125
14 0.91953125 0.7796875 0.11171875 0.09140625
14 0.91953125 0.67578125 0.084375 0.05546875
14 0.91953125 0.59609375 0.0859375 0.0421875
14 0.91953125 0.5296875 0.08203125 0.028125
14 0.9203125 0.42890625 0.13125 0.1109375
14 0.91953125 0.296875 0.1125 0.0921875
14 0.91953125 0.1921875 0.084375 0.05546875
14 0.91953125 0.1125 0.0859375 0.0421875
14 0.91953125 0.04609375 0.08203125 0.028125
2 0.0578125 0.04609375 0.040625 0.01953125
2 0.05703125 0.1140625 0.0421875 0.02265625
2 0.0578125 0.1921875 0.034375 0.02265625
2 0.0578125 0.4296875 0.06953125 0.03515625
2 0.05703125 0.5296875 0.040625 0.01796875
2 0.05703125 0.596875 0.04140625 0.02109375
2 0.0578125 0.675 0.03359375 0.02265625
2 0.0578125 0.78125 0.0515625 0.028125
2 0.0578125 0.9140625 0.06796875 0.03125
2 0.18828125 0.91328125 0.06875 0.03125
2 0.18671875 0.78046875 0.05234375 0.02890625
2 0.18203125 0.675 0.03359375 0.02109375
2 0.17890625 0.59765625 0.04140625 0.02109375
2 0.17734375 0.53046875 0.040625 0.0171875
2 0.18828125 0.43046875 0.06796875 0.0328125
2 0.18671875 0.29765625 0.05234375 0.0296875
2 0.1828125 0.1921875 0.03515625 0.02265625
2 0.17890625 0.1140625 0.040625 0.0203125
2 0.178125 0.046875 0.040625 0.0171875
2 0.2890625 0.046875 0.03984375 0.0171875
2 0.2890625 0.1140625 0.040625 0.0203125
2 0.2890625 0.19296875 0.034375 0.02109375
2 0.2890625 0.29765625 0.05234375 0.0296875
2 0.2890625 0.43046875 0.06875 0.0328125
2 0.2890625 0.5296875 0.040625 0.01953125
2 0.2890625 0.59765625 0.04296875 0.021875
2 0.2890625 0.67578125 0.034375 0.021875
2 0.2890625 0.78046875 0.05234375 0.028125
2 0.2890625 0.9140625 0.06796875 0.03125
2 0.434375 0.91484375 0.06875 0.034375
2 0.4328125 0.78046875 0.05234375 0.03046875
2 0.428125 0.67578125 0.034375 0.02265625
2 0.425 0.59765625 0.04140625 0.02265625
2 0.42421875 0.53046875 0.03984375 0.01796875
2 0.434375 0.43203125 0.06796875 0.0328125
2 0.4328125 0.29765625 0.05234375 0.03046875
2 0.428125 0.1921875 0.034375 0.02265625
2 0.42578125 0.1140625 0.0421875 0.02109375
2 0.42421875 0.046875 0.040625 0.01796875
2 0.55 0.046875 0.040625 0.01796875
2 0.55078125 0.11328125 0.04140625 0.0203125
2 0.55078125 0.19140625 0.034375 0.021875
2 0.55 0.29765625 0.05234375 0.0296875
2 0.55 0.43046875 0.06796875 0.0328125
2 0.55 0.5296875 0.04140625 0.01875
2 0.55 0.59765625 0.0421875 0.02109375
2 0.55078125 0.67578125 0.034375 0.02421875
2 0.55 0.78046875 0.05234375 0.03125
2 0.55078125 0.9140625 0.06953125 0.03203125
2 0.68046875 0.91484375 0.06875 0.03515625
2 0.6796875 0.78125 0.053125 0.03046875
2 0.67421875 0.67578125 0.03515625 0.021875
2 0.67109375 0.59765625 0.04140625 0.02265625
2 0.6703125 0.53046875 0.03984375 0.01875
2 0.68046875 0.43046875 0.06953125 0.03359375
2 0.67890625 0.29765625 0.05234375 0.0296875
2 0.67421875 0.1921875 0.034375 0.021875
2 0.67109375 0.11328125 0.0421875 0.02109375
2 0.67109375 0.04609375 0.04140625 0.01796875
2 0.78125 0.046875 0.040625 0.01875
2 0.78203125 0.11328125 0.04140625 0.02109375
2 0.78203125 0.1921875 0.034375 0.025
2 0.78125 0.29765625 0.0515625 0.03125
2 0.78125 0.43046875 0.06953125 0.03515625
2 0.78125 0.5296875 0.03984375 0.01796875
2 0.78203125 0.59765625 0.04296875 0.02265625
2 0.78203125 0.675 0.034375 0.021875
2 0.78203125 0.78046875 0.0515625 0.02890625
2 0.78125 0.9140625 0.06875 0.03203125
2 0.92734375 0.91484375 0.06796875 0.034375
2 0.925 0.78046875 0.05234375 0.03046875
2 0.92109375 0.675 0.034375 0.0234375
2 0.91796875 0.59765625 0.04296875 0.0234375
2 0.91640625 0.5296875 0.040625 0.01796875
2 0.92734375 0.43046875 0.06796875 0.0328125
2 0.92578125 0.296875 0.05234375 0.03046875
2 0.92109375 0.19296875 0.03515625 0.021875
2 0.91875 0.11484375 0.0421875 0.02109375
2 0.9171875 0.04609375 0.0421875 0.01796875
23 0.14921875 0.046875 0.0078125 0.01640625
23 0.1484375 0.11328125 0.00859375 0.0203125
23 0.15234375 0.19296875 0.01328125 0.0296875
23 0.14296875 0.296875 0.01953125 0.04375
23 0.13515625 0.428125 0.02109375 0.0484375
23 0.14921875 0.5296875 0.0078125 0.01640625
23 0.1484375 0.596875 0.009375 0.021875
23 0.15234375 0.67578125 0.01328125 0.0296875
23 0.14375 0.7796875 0.01953125 0.04296875
23 0.13515625 0.9125 0.021875 0.04765625
23 0.334375 0.91171875 0.01171875 0.02734375
23 0.3265625 0.7796875 0.0125 0.028125
23 0.31640625 0.675 0.0125 0.028125
23 0.3203125 0.5953125 0.0125 0.02734375
23 0.3203125 0.5296875 0.01171875 0.02265625
23 0.334375 0.42890625 0.0125 0.02890625
23 0.3265625 0.29609375 0.0125 0.028125
23 0.3171875 0.1921875 0.01171875 0.028125
23 0.3203125 0.1125 0.01171875 0.02734375
23 0.3203125 0.04609375 0.0109375 0.02265625
23 0.3953125 0.046875 0.00703125 0.01640625
23 0.45546875 0.046875 0.01171875 0.0234375
23 0.45703125 0.1125 0.01328125 0.02734375
23 0.3953125 0.1125 0.0109375 0.02265625
23 0.3984375 0.1921875 0.01328125 0.03046875
23 0.45703125 0.19140625 0.0125 0.0265625
23 0.38984375 0.296875 0.01875 0.04296875
23 0.4703125 0.29609375 0.0125 0.02734375
23 0.38125 0.42890625 0.021875 0.0484375
23 0.48046875 0.42890625 0.0125 0.02734375
23 0.45546875 0.5296875 0.01171875 0.021875
23 0.3953125 0.5296875 0.00703125 0.0140625
23 0.39453125 0.59609375 0.009375 0.02109375
23 0.45703125 0.59609375 0.01171875 0.0265625
23 0.3984375 0.67578125 0.01328125 0.02890625
23 0.45625 0.67578125 0.01171875 0.02734375
23 0.3890625 0.7796875 0.01875 0.040625
23 0.4703125 0.7796875 0.01171875 0.0265625
23 0.4796875 0.9125 0.01171875 0.02734375
23 0.38125 0.9125 0.021875 0.04609375
23 0.6421875 0.046875 0.00625 0.01640625
23 0.640625 0.1125 0.01015625 0.02109375
23 0.64453125 0.1921875 0.01328125 0.03046875
23 0.6359375 0.296875 0.01953125 0.04375
23 0.628125 0.42890625 0.02109375 0.04921875
23 0.64140625 0.53046875 0.00703125 0.015625
23 0.64140625 0.59609375 0.01015625 0.02109375
23 0.64453125 0.675 0.0140625 0.03046875
23 0.6359375 0.7796875 0.01953125 0.04296875
23 0.628125 0.9125 0.02109375 0.04765625
23 0.82734375 0.9125 0.0125 0.02734375
23 0.81953125 0.7796875 0.0125 0.028125
23 0.81015625 0.67578125 0.0125 0.02734375
23 0.8140625 0.59609375 0.0125 0.02734375
23 0.81328125 0.5296875 0.0125 0.02265625
23 0.82734375 0.42890625 0.0125 0.0296875
23 0.81875 0.29609375 0.0125 0.02890625
23 0.81015625 0.1921875 0.0125 0.02734375
23 0.8140625 0.1125 0.0125 0.02734375
23 0.81328125 0.04609375 0.01171875 0.0234375
23 0.88828125 0.04609375 0.0078125 0.01796875
23 0.94765625 0.04609375 0.01171875 0.025
23 0.94921875 0.1125 0.0125 0.02734375
23 0.8875 0.1125 0.009375 0.02109375
23 0.89140625 0.19140625 0.0125 0.03046875
23 0.94921875 0.19140625 0.01171875 0.028125
23 0.88203125 0.296875 0.01875 0.04375
23 0.96328125 0.29609375 0.0125 0.028125
23 0.87421875 0.42890625 0.0234375 0.04921875
23 0.97265625 0.4296875 0.0125 0.0296875
23 0.8875 0.5296875 0.00703125 0.015625
23 0.9484375 0.5296875 0.01171875 0.021875
23 0.8875 0.59609375 0.01015625 0.0203125
23 0.94921875 0.59609375 0.01328125 0.02734375
23 0.890625 0.67578125 0.01328125 0.028125
23 0.94921875 0.67578125 0.01328125 0.02734375
23 0.88203125 0.7796875 0.01875 0.0421875
23 0.9625 0.7796875 0.01328125 0.0296875
23 0.87421875 0.9125 0.021875 0.0484375
23 0.97265625 0.9125 0.0125 0.02734375