14 0.5875 0.6515625 0.1234375 0.13125
14 0.71640625 0.6390625 0.1 0.109375
14 0.81875 0.62734375 0.0640625 0.078125
14 0.79375 0.38515625 0.0625 0.0921875
14 0.77890625 0.253125 0.0609375 0.0765625
14 0.54765625 0.2765625 0.1203125 0.1140625
14 0.76640625 0.12890625 0.0625 0.078125
14 0.56171875 0.41015625 0.1234375 0.14375
14 0.4 0.42734375 0.0515625 0.0921875
14 0.090625 0.459375 0.1234375 0.1453125
14 0.20625 0.31328125 0.1 0.096875
14 0.678125 0.2640625 0.1 0.096875
14 0.60078125 0.77734375 0.1234375 0.1171875
14 0.45234375 0.9265625 0.0546875 0.0953125
14 0.83125 0.753125 0.059375 0.0734375
14 0.8453125 0.8859375 0.0625 0.0921875
14 0.7296875 0.76328125 0.1 0.0984375
14 0.74453125 0.89609375 0.103125 0.1265625
14 0.615625 0.909375 0.1265625 0.1453125
23 0.815625 0.60546875 0.0328125 0.01875
23 0.8421875 0.85625 0.03125 0.01875
23 0.68671875 0.35703125 0.0453125 0.025
23 0.61953125 0.96328125 0.028125 0.0171875
23 0.53046875 0.1125 0.0453125 0.0265625
23 0.71328125 0.60703125 0.0453125 0.0265625
14 0.41171875 0.55234375 0.046875 0.065625
2 0.4125 0.5515625 0.028125 0.0484375
2 0.58828125 0.66640625 0.0421875 0.078125
23 0.7640625 0.10546875 0.03125 0.0171875
14 0.7046875 0.52109375 0.1 0.0828125
2 0.70390625 0.5203125 0.0375 0.0625
23 0.8484375 0.91484375 0.0296875 0.0171875
2 0.57421875 0.5359375 0.040625 0.078125
2 0.6 0.7703125 0.0390625 0.075
2 0.69140625 0.4015625 0.0375 0.0640625
2 0.56171875 0.41640625 0.0421875 0.075
2 0.74375 0.90078125 0.0375 0.0671875
14 0.9234375 0.8765625 0.0515625 0.09375
2 0.92265625 0.87578125 0.0296875 0.046875
2 0.32265625 0.43671875 0.0296875 0.0421875
2 0.39921875 0.425 0.0265625 0.0453125
14 0.3859375 0.29375 0.05 0.0796875
2 0.384375 0.28515625 0.0265625 0.046875
23 0.7390625 0.85625 0.0421875 0.025
2 0.546875 0.2703125 0.0390625 0.078125
2 0.52265625 0.03671875 0.0390625 0.0734375
14 0.43828125 0.79453125 0.0484375 0.0796875
14 0.33515625 0.56015625 0.059375 0.0578125
2 0.3359375 0.56015625 0.0296875 0.0421875
14 0.90859375 0.11328125 0.0359375 0.071875
2 0.909375 0.11796875 0.0234375 0.0484375
2 0.61484375 0.9171875 0.0390625 0.078125
14 0.6515625 0.03046875 0.096875 0.0609375
2 0.6515625 0.02578125 0.0375 0.0515625
23 0.58203125 0.61328125 0.0484375 0.028125
14 0.371875 0.16875 0.0484375 0.075
2 0.3734375 0.175 0.0265625 0.0484375
2 0.71875 0.65078125 0.0375 0.0640625
23 0.609375 0.86328125 0.0484375 0.028125
14 0.478125 0.54453125 0.034375 0.0640625
2 0.728125 0.75546875 0.0359375 0.0578125
2 0.8203125 0.6359375 0.0296875 0.04375
14 0.34765625 0.6765625 0.0640625 0.078125
14 0.24453125 0.68828125 0.1046875 0.1109375
23 0.6609375 0.10703125 0.0421875 0.0234375
2 0.846875 0.8859375 0.028125 0.040625
14 0.80625 0.5109375 0.0609375 0.059375
2 0.80703125 0.51015625 0.0296875 0.04375
14 0.51640625 0.9203125 0.0375 0.0875
2 0.5171875 0.9171875 0.0234375 0.0484375
14 0.921875 0.23828125 0.0359375 0.078125
2 0.92109375 0.2296875 0.0234375 0.0484375
2 0.665625 0.1515625 0.0359375 0.0640625
14 0.97421875 0.7375 0.0359375 0.078125
23 0.97578125 0.7625 0.0265625 0.015625
14 0.48984375 0.6625 0.0359375 0.071875
2 0.48984375 0.6671875 0.025 0.0453125
14 0.984375 0.8703125 0.03125 0.0875
2 0.98828125 0.8671875 0.0234375 0.04375
2 0.3078125 0.2953125 0.0296875 0.0421875
14 0.50234375 0.7875 0.0359375 0.0796875
23 0.79609375 0.41484375 0.028125 0.015625
2 0.34921875 0.68515625 0.0296875 0.0421875
14 0.9359375 0.3703125 0.0375 0.0875
2 0.93515625 0.3671875 0.0234375 0.0484375
14 0.4359375 0.1625 0.0359375 0.071875
2 0.43828125 0.16640625 0.021875 0.0453125
14 0.37421875 0.93515625 0.065625 0.09375
2 0.83203125 0.7453125 0.0296875 0.04375
14 0.3078125 0.3015625 0.059375 0.0734375
14 0.88359375 0.503125 0.046875 0.0640625
2 0.884375 0.50234375 0.0265625 0.0484375
14 0.84296875 0.11875 0.05 0.0765625
2 0.84453125 0.125 0.0265625 0.05
14 0.4640625 0.41953125 0.0375 0.0875
2 0.46484375 0.41640625 0.0234375 0.0453125
14 0.28359375 0.059375 0.0609375 0.059375
2 0.2828125 0.059375 0.0296875 0.04375
2 0.79375 0.38671875 0.0296875 0.04375
2 0.6765625 0.25625 0.0359375 0.059375
14 0.83125 0.0171875 0.05 0.034375
2 0.83203125 0.0125 0.0265625 0.025
23 0.984375 0.83828125 0.01875 0.0109375
14 0.9609375 0.61328125 0.0375 0.0734375
2 0.9609375 0.61796875 0.0234375 0.046875
14 0.321875 0.434375 0.0625 0.0921875
14 0.8703125 0.37734375 0.05 0.090625
2 0.87109375 0.375 0.0265625 0.0515625
14 0.8953125 0.01328125 0.034375 0.0265625
2 0.89609375 0.009375 0.0234375 0.01875
14 0.45 0.2875 0.0359375 0.078125
14 0.36015625 0.05078125 0.046875 0.065625
2 0.375 0.93515625 0.028125 0.040625
14 0.25859375 0.81328125 0.1015625 0.096875
14 0.909375 0.7453125 0.0515625 0.08125
2 0.90859375 0.73671875 0.028125 0.046875
2 0.9734375 0.72890625 0.0234375 0.0484375
14 0.425 0.66875 0.0484375 0.078125
2 0.42578125 0.675 0.028125 0.046875
14 0.115625 0.7015625 0.125 0.1328125
14 0.3609375 0.803125 0.0625 0.075
2 0.53671875 0.16640625 0.0390625 0.078125
2 0.296875 0.1859375 0.0296875 0.0421875
14 0.27265625 0.94140625 0.1015625 0.1171875
2 0.77890625 0.24609375 0.0296875 0.04375
14 0.85703125 0.24375 0.0484375 0.078125
2 0.85625 0.2359375 0.0265625 0.046875
2 0.45390625 0.925 0.0265625 0.0484375
14 0.19296875 0.1875 0.1 0.109375
23 0.51953125 0.94921875 0.0203125 0.0109375
14 0.14140625 0.9421875 0.1296875 0.115625
23 0.7484375 0.940625 0.0265625 0.015625
2 0.3609375 0.7953125 0.0296875 0.04375
14 0.2203125 0.4453125 0.1015625 0.1234375
23 0.93984375 0.3984375 0.0265625 0.015625
14 0.2953125 0.178125 0.0625 0.0796875
23 0.9125 0.76875 0.0265625 0.015625
23 0.78125 0.2734375 0.028125 0.015625
14 0.1296875 0.82734375 0.1203125 0.115625
23 0.83359375 0.77421875 0.0296875 0.015625
23 0.73203125 0.79375 0.0296875 0.015625
23 0.9234375 0.26171875 0.0265625 0.015625
23 0.68125 0.29375 0.0265625 0.015625
14 0.75390625 0.01953125 0.0578125 0.0390625
2 0.7546875 0.01484375 0.028125 0.0296875
2 0.7671875 0.13671875 0.0296875 0.04375
23 0.9265625 0.9078125 0.0265625 0.015625
2 0.2328125 0.56953125 0.0359375 0.0609375
2 0.090625 0.4671875 0.040625 0.075
14 0.89609375 0.61953125 0.0515625 0.078125
2 0.89765625 0.62578125 0.028125 0.0484375
2 0.05 0.08515625 0.040625 0.078125
14 0.23359375 0.5703125 0.1015625 0.084375
23 0.56796875 0.46328125 0.028125 0.015625
23 0.6046875 0.815625 0.0265625 0.015625
2 0.20546875 0.30546875 0.034375 0.059375
23 0.8734375 0.4078125 0.0296875 0.015625
2 0.18046875 0.0703125 0.034375 0.0609375
14 0.42421875 0.04453125 0.034375 0.0625
2 0.42421875 0.04453125 0.021875 0.0515625
2 0.246875 0.70078125 0.0359375 0.0625
2 0.140625 0.96328125 0.040625 0.0734375
23 0.98984375 0.89921875 0.0203125 0.0140625
14 0.18046875 0.0703125 0.0984375 0.08125
2 0.06484375 0.215625 0.0421875 0.08125
2 0.2734375 0.9515625 0.034375 0.065625
14 0.10390625 0.584375 0.11875 0.1
2 0.10390625 0.58515625 0.0421875 0.078125
2 0.19453125 0.2 0.034375 0.0625
14 0.06328125 0.2015625 0.121875 0.1296875
23 0.55234375 0.315625 0.0296875 0.015625
2 0.25703125 0.80546875 0.034375 0.0625
23 0.20859375 0.34375 0.0265625 0.015625
23 0.3625 0.82421875 0.025 0.015625
2 0.2203125 0.45078125 0.034375 0.0609375
23 0.91875 0.84375 0.0234375 0.0140625
2 0.1265625 0.81875 0.040625 0.0765625
14 0.05625 0.08671875 0.1125 0.0953125
14 0.0765625 0.3265625 0.1203125 0.1140625
2 0.075 0.31953125 0.040625 0.075
23 0.89296875 0.59453125 0.025 0.015625
23 0.859375 0.26875 0.0265625 0.015625
23 0.26875 0.90703125 0.0421875 0.0265625
23 0.40234375 0.45703125 0.0265625 0.015625
23 0.2421875 0.65703125 0.0421875 0.0234375
2 0.1171875 0.71484375 0.0421875 0.0796875
23 0.13828125 0.9125 0.0453125 0.0265625
23 0.38828125 0.31796875 0.025 0.015625
23 0.26171875 0.84296875 0.0265625 0.015625
23 0.21640625 0.40625 0.0421875 0.025
23 0.059375 0.1625 0.0453125 0.0265625
23 0.1109375 0.6625 0.0453125 0.0265625
23 0.09609375 0.5125 0.0265625 0.015625
23 0.45546875 0.95703125 0.0265625 0.015625
23 0.43984375 0.81875 0.0265625 0.015625
23 0.27734375 0.9890625 0.0265625 0.015625
23 0.453125 0.31171875 0.025 0.015625
23 0.190625 0.15703125 0.04375 0.0234375
23 0.0859375 0.4125 0.046875 0.028125
23 0.3765625 0.96484375 0.0265625 0.015625
23 0.08046875 0.36484375 0.0265625 0.015625
23 0.5046875 0.8125 0.0234375 0.0125
23 0.1328125 0.865625 0.0265625 0.015625
14 0.94765625 0.49453125 0.0359375 0.0640625
23 0.4671875 0.4484375 0.021875 0.0109375
14 0.690625 0.39609375 0.1 0.125
23 0.44765625 0.89375 0.0234375 0.0109375
14 0.665625 0.13828125 0.096875 0.109375
14 0.53515625 0.15234375 0.1203125 0.128125
14 0.5234375 0.04140625 0.115625 0.0828125
14 0.575 0.534375 0.121875 0.1015625
2 0.5015625 0.77890625 0.021875 0.0453125
2 0.4359375 0.78671875 0.0265625 0.0453125
23 0.37109375 0.90625 0.03125 0.01875
2 0.3578125 0.05078125 0.0265625 0.0453125
2 0.4484375 0.2796875 0.0234375 0.04375
2 0.9484375 0.4953125 0.021875 0.0453125
2 0.4765625 0.54375 0.0234375 0.0453125
23 0.90546875 0.0875 0.015625 0.009375
23 0.840625 0.09453125 0.0234375 0.0109375
23 0.434375 0.13671875 0.015625 0.0078125
23 0.36953125 0.14375 0.0234375 0.0109375
23 0.2921875 0.15546875 0.0296875 0.015625
23 0.31015625 0.32265625 0.0296875 0.015625
23 0.93203125 0.33828125 0.0171875 0.009375
23 0.86796875 0.34375 0.0234375 0.0109375
23 0.78984375 0.35546875 0.03125 0.01875
23 0.69609375 0.43984375 0.028125 0.015625
23 0.55625 0.36328125 0.0515625 0.028125
23 0.4609375 0.38671875 0.015625 0.009375
23 0.39609375 0.39375 0.021875 0.0109375
23 0.325 0.4640625 0.028125 0.015625
23 0.31875 0.40546875 0.0296875 0.0171875
23 0.225 0.48984375 0.0296875 0.015625
23 0.9578125 0.58828125 0.01875 0.0109375
23 0.48671875 0.6375 0.0171875 0.0109375
23 0.421875 0.64375 0.0234375 0.0109375
23 0.34609375 0.65546875 0.03125 0.0171875
23 0.51328125 0.8875 0.0171875 0.0109375