14 0.9015625 0.92421875 0.0421875 0.075
2 0.90390625 0.91953125 0.03125 0.053125
14 0.93125 0.79609375 0.04375 0.08125
2 0.93046875 0.8046875 0.0296875 0.05
14 0.96171875 0.6625 0.0453125 0.090625
2 0.9625 0.66640625 0.0296875 0.0515625
14 0.86328125 0.78125 0.0625 0.0859375
2 0.8625 0.78828125 0.034375 0.0546875
14 0.990625 0.14609375 0.01875 0.0890625
14 0.83515625 0.9078125 0.0609375 0.0828125
2 0.8359375 0.9015625 0.034375 0.0546875
14 0.9234375 0.5203125 0.05625 0.0703125
2 0.92421875 0.51953125 0.034375 0.0515625
14 0.8953125 0.64765625 0.0625 0.0984375
2 0.89453125 0.6484375 0.034375 0.0515625
14 0.9515625 0.4015625 0.0609375 0.0828125
2 0.953125 0.39609375 0.034375 0.0515625
14 0.975 0.27421875 0.05 0.0859375
2 0.9796875 0.28203125 0.034375 0.0546875
14 0.64375 0.86328125 0.1171875 0.121875
2 0.64765625 0.85078125 0.04375 0.065625
14 0.6171875 0.9671875 0.1125 0.065625
2 0.61640625 0.975 0.0453125 0.05
14 0.81953125 0.109375 0.11875 0.1140625
2 0.82421875 0.09375 0.04375 0.0671875
14 0.76171875 0.35703125 0.1203125 0.1234375
2 0.76484375 0.3453125 0.04375 0.0671875
14 0.7046875 0.60234375 0.1234375 0.1375
2 0.70625 0.59765625 0.0453125 0.06875
14 0.9296875 0.1265625 0.075 0.090625
2 0.93046875 0.12109375 0.0328125 0.0453125
14 0.78203125 0.7625 0.0734375 0.0796875
2 0.78125 0.76953125 0.0328125 0.0453125
14 0.79140625 0.23046875 0.1171875 0.1109375
2 0.7890625 0.23828125 0.04375 0.065625
14 0.75234375 0.88828125 0.075 0.084375
2 0.75546875 0.8796875 0.0328125 0.0453125
14 0.6734375 0.7375 0.115625 0.1109375
2 0.671875 0.7453125 0.04375 0.065625
14 0.51171875 0.0375 0.0640625 0.075
2 0.5125 0.02890625 0.034375 0.0546875
14 0.734375 0.4765625 0.1140625 0.0953125
2 0.734375 0.4765625 0.0453125 0.065625
14 0.8984375 0.25546875 0.075 0.0828125
2 0.89765625 0.2625 0.034375 0.0484375
14 0.81171875 0.628125 0.078125 0.1
2 0.8140625 0.6265625 0.034375 0.0453125
14 0.84140625 0.5 0.0703125 0.06875
2 0.84296875 0.50078125 0.034375 0.0453125
14 0.86953125 0.3828125 0.075 0.0859375
2 0.871875 0.37421875 0.034375 0.0453125
14 0.42421875 0.40390625 0.059375 0.0734375
2 0.425 0.40390625 0.0359375 0.053125
14 0.3640625 0.665625 0.0625 0.0859375
2 0.36328125 0.67265625 0.034375 0.053125
14 0.33515625 0.7921875 0.0625 0.084375
2 0.3375 0.78671875 0.0328125 0.0515625
14 0.48203125 0.159375 0.0625 0.0859375
2 0.4796875 0.1671875 0.034375 0.053125
14 0.39453125 0.53203125 0.065625 0.0984375
2 0.3953125 0.5328125 0.034375 0.053125
14 0.45234375 0.2859375 0.0625 0.084375
2 0.45390625 0.28046875 0.034375 0.053125
14 0.725 0.9875 0.071875 0.025
2 0.72578125 0.9921875 0.0328125 0.015625
14 0.3078125 0.91171875 0.059375 0.0734375
2 0.3078125 0.91171875 0.034375 0.053125
14 0.11875 0.8671875 0.1140625 0.0953125
2 0.11875 0.8671875 0.04375 0.065625
14 0.4328125 0.68203125 0.0484375 0.0828125
2 0.43046875 0.6890625 0.028125 0.0515625
14 0.55 0.175 0.0484375 0.0828125
2 0.54765625 0.1828125 0.0296875 0.053125
14 0.50859375 0.83203125 0.14375 0.1453125
2 0.51015625 0.8171875 0.0515625 0.084375
14 0.48125 0.94609375 0.134375 0.1078125
2 0.4796875 0.94921875 0.053125 0.0828125
14 0.40390625 0.8078125 0.046875 0.0765625
2 0.40390625 0.803125 0.028125 0.053125
14 0.52109375 0.30234375 0.05 0.078125
2 0.5203125 0.29765625 0.0296875 0.053125
14 0.56875 0.5703125 0.146875 0.1609375
2 0.56875 0.56484375 0.0546875 0.0859375
14 0.53671875 0.7046875 0.1390625 0.1296875
2 0.5328125 0.71171875 0.05 0.0796875
14 0.4640625 0.546875 0.0515625 0.0921875
2 0.46328125 0.55 0.028125 0.05
14 0.49296875 0.4203125 0.0453125 0.06875
2 0.49296875 0.42109375 0.03125 0.053125
14 0.596875 0.44453125 0.1359375 0.115625
2 0.596875 0.44296875 0.0546875 0.084375
14 0.14609375 0.7484375 0.1203125 0.1234375
2 0.14765625 0.7359375 0.04375 0.065625
14 0.625 0.32578125 0.1453125 0.1484375
2 0.6265625 0.31328125 0.0546875 0.084375
14 0.17578125 0.62265625 0.1171875 0.1109375
2 0.17265625 0.62890625 0.0453125 0.06875
14 0.23515625 0.3609375 0.1109375 0.0953125
2 0.234375 0.36171875 0.0453125 0.065625
14 0.65390625 0.19921875 0.140625 0.13125
2 0.65078125 0.20703125 0.053125 0.08125
14 0.5796875 0.04609375 0.0484375 0.0828125
2 0.58046875 0.0453125 0.028125 0.0484375
14 0.68125 0.0828125 0.1390625 0.128125
2 0.684375 0.06328125 0.0515625 0.071875
14 0.37734375 0.92734375 0.04375 0.0671875
2 0.37734375 0.928125 0.0296875 0.053125
14 0.20625 0.4875 0.1234375 0.1375
2 0.2078125 0.48203125 0.0453125 0.06875
14 0.32109375 0.02578125 0.1203125 0.0515625
14 0.2921875 0.115625 0.1171875 0.1109375
2 0.290625 0.121875 0.0453125 0.0671875
14 0.02421875 0.834375 0.0484375 0.11875
14 0.2625 0.2421875 0.1203125 0.1234375
2 0.26484375 0.22890625 0.046875 0.0671875
14 0.4 0.1390625 0.0734375 0.0828125
2 0.39921875 0.1484375 0.0328125 0.0453125
14 0.25390625 0.7734375 0.075 0.084375
2 0.25703125 0.76484375 0.0328125 0.0453125
14 0.0546875 0.58984375 0.109375 0.1328125
2 0.03671875 0.59765625 0.0546875 0.0859375
14 0.3140625 0.51328125 0.078125 0.1015625
2 0.315625 0.51171875 0.0328125 0.04375
14 0.3703125 0.2671875 0.0765625 0.0875
2 0.37265625 0.25859375 0.0328125 0.0453125
14 0.040625 0.71640625 0.08125 0.1453125
2 0.01875 0.70234375 0.0375 0.0859375
14 0.4296875 0.02890625 0.078125 0.0578125
2 0.43203125 0.01328125 0.0328125 0.0265625
14 0.2828125 0.646875 0.0734375 0.08125
2 0.28125 0.65390625 0.0328125 0.0453125
14 0.34296875 0.3859375 0.071875 0.06875
2 0.34453125 0.38515625 0.0328125 0.0453125
14 0.22578125 0.8921875 0.0703125 0.06875
2 0.2265625 0.89296875 0.034375 0.046875
14 0.15625 0.08359375 0.14375 0.1328125
2 0.15234375 0.09140625 0.0515625 0.0828125
14 0.0984375 0.3296875 0.1375 0.1171875
2 0.09765625 0.32890625 0.0546875 0.084375
14 0.18203125 0.015625 0.1421875 0.03125
14 0.07265625 0.45625 0.1453125 0.1625
2 0.0703125 0.45 0.053125 0.0828125
14 0.12578125 0.2109375 0.146875 0.1484375
2 0.12578125 0.1953125 0.05 0.0796875
23 0.896875 0.9484375 0.01875 0.009375
23 0.828125 0.9328125 0.0234375 0.0140625
23 0.746875 0.91015625 0.034375 0.0203125
23 0.63671875 0.89375 0.05 0.0296875
23 0.4984375 0.87109375 0.053125 0.0328125
23 0.3984375 0.83359375 0.0203125 0.0125
23 0.32890625 0.81796875 0.0234375 0.0140625
23 0.24765625 0.79453125 0.034375 0.0203125
23 0.1375 0.77890625 0.05 0.03125
23 0.0125 0.75546875 0.025 0.0328125
23 0.04765625 0.5515625 0.03125 0.01875
23 0.18203125 0.59140625 0.0328125 0.01875
23 0.28828125 0.6265625 0.0296875 0.01875
23 0.3703125 0.640625 0.0296875 0.01875
23 0.43828125 0.65625 0.0265625 0.0171875
23 0.546875 0.66640625 0.0328125 0.01875
23 0.68046875 0.70625 0.0328125 0.0203125
23 0.78671875 0.740625 0.03125 0.01875
23 0.86875 0.75625 0.0328125 0.01875
23 0.9375 0.771875 0.0265625 0.0171875
23 0.95546875 0.69453125 0.01875 0.0109375
23 0.96953125 0.63359375 0.0265625 0.0171875
23 0.8859375 0.6796875 0.025 0.0140625
23 0.9015625 0.615625 0.0296875 0.01875
23 0.8046875 0.65703125 0.034375 0.021875
23 0.81875 0.59765625 0.0296875 0.01875
23 0.6953125 0.64140625 0.05 0.0296875
23 0.71484375 0.55859375 0.03125 0.01875
23 0.55703125 0.61796875 0.0546875 0.0328125
23 0.58046875 0.5171875 0.0328125 0.01875
23 0.45703125 0.5796875 0.01875 0.009375
23 0.47109375 0.51796875 0.0265625 0.0171875
23 0.40234375 0.5015625 0.0296875 0.01875
23 0.38828125 0.56484375 0.0234375 0.0140625
23 0.30625 0.54140625 0.03125 0.01875
23 0.32109375 0.4828125 0.0296875 0.01875
23 0.196875 0.5265625 0.05 0.0296875
23 0.21640625 0.44296875 0.0296875 0.01875
23 0.0578125 0.503125 0.0546875 0.034375
23 0.08203125 0.4015625 0.0296875 0.01875
14 0.984375 0.53515625 0.03125 0.0671875
2 0.9890625 0.5359375 0.021875 0.046875
23 0.9453125 0.42734375 0.0234375 0.0140625
23 0.8640625 0.4046875 0.034375 0.0203125
23 0.753125 0.38828125 0.05 0.03125
23 0.615625 0.36484375 0.059375 0.0359375
23 0.5140625 0.3265625 0.0203125 0.0109375
23 0.44609375 0.31171875 0.0265625 0.0140625
23 0.36484375 0.2890625 0.034375 0.0203125
23 0.25546875 0.2734375 0.05 0.028125
23 0.11640625 0.25 0.053125 0.0328125
23 0.16484375 0.0453125 0.03125 0.01875
23 0.2984375 0.084375 0.0328125 0.01875
23 0.4046875 0.11875 0.03125 0.01875
23 0.4875 0.13359375 0.03125 0.01875
23 0.5546875 0.15 0.0265625 0.0171875
23 0.66328125 0.16015625 0.0328125 0.01875
23 0.79765625 0.2 0.0296875 0.01875
23 0.903125 0.23359375 0.0296875 0.01875
23 0.98515625 0.2484375 0.0296875 0.01875
23 0.9953125 0.1734375 0.009375 0.015625
23 0.921875 0.15078125 0.034375 0.0203125
23 0.9359375 0.09296875 0.0296875 0.0171875
23 0.8125 0.13515625 0.046875 0.0296875
23 0.671875 0.11171875 0.059375 0.0359375
23 0.57265625 0.0734375 0.01875 0.0109375
23 0.58828125 0.0125 0.0234375 0.015625
23 0.5046875 0.05859375 0.021875 0.0140625
23 0.52109375 0.0015625 0.0296875 0.003125
23 0.4234375 0.0359375 0.034375 0.0203125
23 0.31328125 0.0203125 0.05 0.0296875
23 0.1734375 0.00625 0.053125 0.0125