21 0.86953125 0.07265625 0.1078125 0.1453125
21 0.86640625 0.23359375 0.1140625 0.159375
21 0.86875 0.40078125 0.109375 0.159375
21 0.8828125 0.596875 0.0796875 0.159375
21 0.8828125 0.7640625 0.08125 0.159375
21 0.884375 0.925 0.08125 0.15
21 0.68125 0.07265625 0.115625 0.1453125
21 0.678125 0.23359375 0.115625 0.159375
21 0.4859375 0.07265625 0.1125 0.1453125
21 0.48359375 0.23359375 0.115625 0.159375
21 0.29140625 0.07265625 0.1109375 0.1453125
21 0.28828125 0.23359375 0.115625 0.159375
21 0.28984375 0.40078125 0.1140625 0.159375
21 0.09609375 0.0734375 0.1125 0.146875
21 0.09375 0.23359375 0.1171875 0.159375
21 0.09140625 0.40078125 0.1171875 0.159375
21 0.6765625 0.40078125 0.1125 0.159375
21 0.48359375 0.40078125 0.1140625 0.159375
21 0.69140625 0.596875 0.0875 0.159375
21 0.49765625 0.596875 0.0859375 0.159375
21 0.303125 0.596875 0.0875 0.159375
21 0.10859375 0.596875 0.0859375 0.159375
21 0.69140625 0.7640625 0.0875 0.159375
21 0.496875 0.7640625 0.0859375 0.159375
21 0.30234375 0.76328125 0.0875 0.159375
21 0.10859375 0.76328125 0.0875 0.159375
21 0.69296875 0.925 0.0859375 0.15
21 0.49765625 0.925 0.0828125 0.15
21 0.303125 0.925 0.0859375 0.15
21 0.10859375 0.925 0.0859375 0.15