21 0.93671875 0.18125 0.1265625 0.1328125
21 0.93671875 0.35390625 0.125 0.140625
21 0.93671875 0.5296875 0.125 0.1359375
21 0.93671875 0.70546875 0.125 0.1375
21 0.93671875 0.88359375 0.125 0.1359375
21 0.78359375 0.88515625 0.165625 0.1375
21 0.7828125 0.70859375 0.165625 0.1375
21 0.7828125 0.53359375 0.1640625 0.1421875
21 0.7828125 0.35546875 0.1640625 0.1375
21 0.7828125 0.18203125 0.165625 0.134375
21 0.6109375 0.184375 0.165625 0.134375
21 0.6109375 0.3546875 0.165625 0.134375
21 0.6109375 0.5328125 0.165625 0.1328125
21 0.6109375 0.70703125 0.1640625 0.134375
21 0.6109375 0.884375 0.1640625 0.1375
21 0.4078125 0.165625 0.165625 0.103125
21 0.4078125 0.3390625 0.165625 0.10625
21 0.4078125 0.515625 0.1640625 0.10625
21 0.4078125 0.6921875 0.1640625 0.103125
21 0.4078125 0.86875 0.165625 0.10625
21 0.23515625 0.1671875 0.1640625 0.103125
21 0.23515625 0.33984375 0.165625 0.10625
21 0.23515625 0.51640625 0.165625 0.10625
21 0.234375 0.69375 0.165625 0.10625
21 0.23515625 0.86953125 0.1640625 0.103125
21 0.07265625 0.8671875 0.1453125 0.10625
21 0.07265625 0.69296875 0.14375 0.103125
21 0.07265625 0.51484375 0.1453125 0.109375
21 0.07265625 0.33984375 0.1453125 0.1046875
21 0.07265625 0.165625 0.14375 0.1015625