21 0.0875 0.1203125 0.14140625 0.09609375
21 0.23671875 0.121875 0.1421875 0.1015625
21 0.3859375 0.1203125 0.1421875 0.09765625
21 0.56171875 0.1078125 0.1421875 0.07109375
21 0.7109375 0.1078125 0.14140625 0.0734375
21 0.859375 0.1078125 0.1421875 0.07265625
21 0.0875 0.2890625 0.14140625 0.103125
21 0.23671875 0.290625 0.1421875 0.103125
21 0.0875 0.46328125 0.1421875 0.10078125
21 0.23671875 0.4640625 0.1421875 0.10390625
21 0.0875 0.6375 0.1421875 0.10078125
21 0.23671875 0.63828125 0.1421875 0.103125
21 0.3859375 0.63671875 0.1421875 0.1015625
21 0.0875 0.81015625 0.1421875 0.10078125
21 0.23671875 0.81171875 0.1421875 0.1046875
21 0.3859375 0.81328125 0.14296875 0.1046875
21 0.3859375 0.2921875 0.1421875 0.09921875
21 0.3859375 0.4640625 0.1421875 0.1015625
21 0.56171875 0.27890625 0.1421875 0.07734375
21 0.56171875 0.4515625 0.1421875 0.0765625
21 0.56171875 0.625 0.1421875 0.07734375
21 0.56171875 0.7984375 0.1421875 0.0765625
21 0.7109375 0.27890625 0.14296875 0.07734375
21 0.7109375 0.45234375 0.1421875 0.0765625
21 0.71015625 0.62578125 0.1421875 0.07890625
21 0.7109375 0.7984375 0.1421875 0.07890625
21 0.859375 0.278125 0.1421875 0.0765625
21 0.859375 0.45234375 0.1421875 0.07421875
21 0.859375 0.6265625 0.1421875 0.0765625
21 0.859375 0.79921875 0.1421875 0.07734375