21 0.0921875 0.128125 0.1484375 0.115625
21 0.0921875 0.284375 0.14921875 0.11640625
21 0.0921875 0.4375 0.14921875 0.11640625
21 0.09140625 0.5921875 0.1484375 0.11640625
21 0.0921875 0.74609375 0.14921875 0.115625
21 0.24765625 0.13046875 0.14921875 0.12109375
21 0.2484375 0.28359375 0.14921875 0.11796875
21 0.24765625 0.43828125 0.14921875 0.11796875
21 0.2484375 0.5921875 0.14921875 0.11484375
21 0.24765625 0.746875 0.14921875 0.115625
21 0.40390625 0.13046875 0.1484375 0.115625
21 0.40390625 0.284375 0.14765625 0.11640625
21 0.40390625 0.43828125 0.14921875 0.11640625
21 0.40390625 0.590625 0.1484375 0.11640625
21 0.40390625 0.74609375 0.14921875 0.11640625
21 0.5875 0.11640625 0.14765625 0.08828125
21 0.5875 0.2703125 0.14921875 0.09140625
21 0.74296875 0.11640625 0.14765625 0.090625
21 0.8984375 0.1171875 0.14921875 0.09375
21 0.74296875 0.27109375 0.14921875 0.090625
21 0.8984375 0.2703125 0.1484375 0.09140625
21 0.58671875 0.42421875 0.14921875 0.090625
21 0.74296875 0.42421875 0.1484375 0.090625
21 0.8984375 0.42578125 0.14921875 0.09140625
21 0.5875 0.5796875 0.14921875 0.0890625
21 0.74296875 0.57890625 0.1484375 0.090625
21 0.5875 0.73359375 0.14765625 0.09140625
21 0.74296875 0.734375 0.14765625 0.090625
21 0.89921875 0.7328125 0.14765625 0.09140625
21 0.89921875 0.5796875 0.1484375 0.0890625