21 0.08671875 0.2 0.1515625 0.121875
21 0.08671875 0.359375 0.1515625 0.12734375
21 0.08671875 0.521875 0.15078125 0.12578125
21 0.08671875 0.6828125 0.1515625 0.12734375
21 0.08671875 0.84765625 0.1515625 0.12578125
21 0.24609375 0.8484375 0.15234375 0.1265625
21 0.24609375 0.6859375 0.15234375 0.1265625
21 0.24609375 0.52421875 0.1515625 0.13046875
21 0.24609375 0.36015625 0.1515625 0.12578125
21 0.24609375 0.2 0.15234375 0.1234375
21 0.40546875 0.2015625 0.1515625 0.1234375
21 0.40546875 0.359375 0.1515625 0.1234375
21 0.4046875 0.5234375 0.1515625 0.12265625
21 0.4046875 0.68359375 0.1515625 0.125
21 0.4046875 0.846875 0.1515625 0.1265625
21 0.5921875 0.18515625 0.1515625 0.09375
21 0.5921875 0.34453125 0.1515625 0.096875
21 0.5921875 0.50703125 0.15078125 0.096875
21 0.5921875 0.6703125 0.15078125 0.09609375
21 0.5921875 0.8328125 0.15234375 0.0984375
21 0.75078125 0.1859375 0.1515625 0.09375
21 0.7515625 0.3453125 0.1515625 0.0984375
21 0.7515625 0.5078125 0.1515625 0.0984375
21 0.7515625 0.67109375 0.15234375 0.0984375
21 0.75078125 0.83359375 0.1515625 0.09609375
21 0.91015625 0.8328125 0.1515625 0.0984375
21 0.91015625 0.67109375 0.1515625 0.09609375
21 0.91015625 0.5078125 0.1515625 0.1
21 0.91015625 0.34609375 0.1515625 0.09609375
21 0.91015625 0.18515625 0.1515625 0.09375