21 0.0390625 0.153125 0.078125 0.128125
21 0.17265625 0.115625 0.146875 0.1296875
21 0.3359375 0.07734375 0.146875 0.1296875
21 0.50078125 0.0515625 0.1484375 0.103125
21 0.66484375 0.0328125 0.1484375 0.065625
21 0.06171875 0.2890625 0.1234375 0.1875
21 0.20546875 0.253125 0.1609375 0.1875
21 0.36953125 0.2140625 0.1609375 0.1875
21 0.534375 0.1765625 0.1578125 0.1859375
21 0.69921875 0.13828125 0.159375 0.1875
21 0.08046875 0.45546875 0.159375 0.1875
21 0.24453125 0.41875 0.1609375 0.1875
21 0.409375 0.38046875 0.1609375 0.1875
21 0.571875 0.3421875 0.1609375 0.1875
21 0.73671875 0.30390625 0.1609375 0.1875
21 0.1109375 0.6546875 0.13125 0.178125
21 0.275 0.6171875 0.134375 0.18125
21 0.14921875 0.82109375 0.134375 0.1796875
21 0.1875 0.94765625 0.1375 0.1046875
21 0.3140625 0.7828125 0.134375 0.18125
21 0.3515625 0.928125 0.134375 0.14375
21 0.4390625 0.57890625 0.134375 0.18125
21 0.47734375 0.7453125 0.134375 0.18125
21 0.51796875 0.909375 0.134375 0.18125
21 0.60390625 0.540625 0.13125 0.1796875
21 0.6421875 0.70703125 0.134375 0.18125
21 0.76953125 0.503125 0.134375 0.18125
21 0.8078125 0.66875 0.134375 0.1796875
21 0.84453125 0.83515625 0.134375 0.18125
21 0.68046875 0.87265625 0.13125 0.1796875