21 0.0796875 0.065625 0.1234375 0.1171875
21 0.2453125 0.06328125 0.125 0.1171875
21 0.40703125 0.06015625 0.125 0.1171875
21 0.5703125 0.05703125 0.125 0.1140625
21 0.734375 0.05625 0.125 0.1125
21 0.08515625 0.21015625 0.13125 0.159375
21 0.24765625 0.2078125 0.128125 0.159375
21 0.4109375 0.2046875 0.128125 0.159375
21 0.57421875 0.2015625 0.125 0.159375
21 0.73828125 0.19921875 0.125 0.159375
21 0.08828125 0.375 0.125 0.159375
21 0.25078125 0.3734375 0.1265625 0.1578125
21 0.41484375 0.3703125 0.1265625 0.159375
21 0.5765625 0.36640625 0.1265625 0.159375
21 0.74140625 0.3640625 0.1265625 0.159375
21 0.0765625 0.56953125 0.096875 0.1578125
21 0.23984375 0.56796875 0.1 0.159375
21 0.0796875 0.73515625 0.1 0.1578125
21 0.08359375 0.9 0.103125 0.159375
21 0.24375 0.7328125 0.1 0.159375
21 0.24609375 0.89765625 0.1 0.1578125
21 0.403125 0.5640625 0.1 0.159375
21 0.40625 0.7296875 0.1 0.1578125
21 0.4109375 0.89453125 0.1 0.159375
21 0.5671875 0.5625 0.096875 0.159375
21 0.56953125 0.7265625 0.1 0.1578125
21 0.73125 0.559375 0.1 0.1578125
21 0.734375 0.72421875 0.1 0.1578125
21 0.7359375 0.8890625 0.1 0.1578125
21 0.5734375 0.89140625 0.096875 0.159375