21 0.05390625 0.68515625 0.1078125 0.1578125
21 0.075 0.5296875 0.15 0.165625
21 0.103125 0.371875 0.18125 0.1640625
21 0.14453125 0.2140625 0.18125 0.165625
21 0.1875 0.0671875 0.18125 0.134375
21 0.34375 0.09375 0.18125 0.1640625
21 0.30078125 0.253125 0.1828125 0.1640625
21 0.25859375 0.4109375 0.18125 0.1671875
21 0.215625 0.57109375 0.18125 0.1640625
21 0.1734375 0.72734375 0.18125 0.1609375
21 0.3296875 0.7671875 0.1796875 0.1609375
21 0.37109375 0.61328125 0.1796875 0.1609375
21 0.41328125 0.453125 0.1796875 0.1609375
21 0.45546875 0.29609375 0.1796875 0.1609375
21 0.4984375 0.1375 0.18125 0.1640625
21 0.5078125 0.8328125 0.171875 0.13125
21 0.55 0.6765625 0.1734375 0.134375
21 0.5921875 0.5171875 0.1734375 0.134375
21 0.63515625 0.359375 0.1734375 0.1328125
21 0.6765625 0.19921875 0.175 0.1359375
21 0.66328125 0.87265625 0.171875 0.13125
21 0.70546875 0.71796875 0.1734375 0.1359375
21 0.74765625 0.559375 0.1734375 0.1359375
21 0.790625 0.39921875 0.1734375 0.1359375
21 0.83203125 0.240625 0.1734375 0.1328125
21 0.95 0.28203125 0.1 0.1359375
21 0.92890625 0.43984375 0.1421875 0.1328125
21 0.90234375 0.60078125 0.1734375 0.1375
21 0.86015625 0.75859375 0.1734375 0.1328125
21 0.81796875 0.915625 0.171875 0.13125