21 0.94765625 0.18515625 0.1046875 0.1203125
21 0.8203125 0.16484375 0.1640625 0.1265625
21 0.6640625 0.14140625 0.1625 0.1234375
21 0.48359375 0.10234375 0.159375 0.0953125
21 0.32734375 0.08046875 0.159375 0.0984375
21 0.171875 0.05859375 0.159375 0.096875
21 0.934375 0.359375 0.13125 0.128125
21 0.7953125 0.34140625 0.1640625 0.1296875
21 0.921875 0.5421875 0.15625 0.125
21 0.76953125 0.521875 0.1640625 0.1296875
21 0.89921875 0.72421875 0.1609375 0.125
21 0.74453125 0.7046875 0.1640625 0.1296875
21 0.58828125 0.68125 0.1640625 0.1265625
21 0.87421875 0.9046875 0.1609375 0.125
21 0.71875 0.88515625 0.1640625 0.13125
21 0.5625 0.865625 0.1640625 0.13125
21 0.6390625 0.3203125 0.1640625 0.1265625
21 0.61328125 0.5 0.1640625 0.1265625
21 0.4578125 0.28125 0.159375 0.1015625
21 0.4328125 0.46171875 0.159375 0.1015625
21 0.40703125 0.6421875 0.159375 0.1015625
21 0.38203125 0.82421875 0.159375 0.1015625
21 0.3015625 0.259375 0.159375 0.1015625
21 0.2765625 0.43984375 0.159375 0.1015625
21 0.25078125 0.62109375 0.159375 0.103125
21 0.22578125 0.80234375 0.159375 0.103125
21 0.146875 0.23671875 0.159375 0.1015625
21 0.12109375 0.41796875 0.159375 0.0984375
21 0.0953125 0.6 0.159375 0.1015625
21 0.075 0.78046875 0.15 0.1015625