25 0.9609375 0.115625 0.078125 0.146875
25 0.86640625 0.10546875 0.0984375 0.146875
25 0.7609375 0.09375 0.0984375 0.1453125
25 0.65546875 0.08359375 0.0953125 0.146875
25 0.55078125 0.07265625 0.0953125 0.1453125
25 0.44609375 0.0671875 0.1015625 0.134375
25 0.340625 0.0609375 0.096875 0.121875
25 0.23515625 0.05625 0.0953125 0.1125
25 0.12890625 0.05078125 0.0953125 0.1015625
25 0.9515625 0.26640625 0.096875 0.1609375
25 0.85 0.25703125 0.096875 0.159375
25 0.74453125 0.2453125 0.0984375 0.159375
25 0.63984375 0.23515625 0.1 0.159375
25 0.5328125 0.2234375 0.096875 0.1578125
25 0.42890625 0.2125 0.0984375 0.159375
25 0.3234375 0.2015625 0.096875 0.159375
25 0.21796875 0.190625 0.096875 0.159375
25 0.1125 0.17890625 0.1 0.1609375
25 0.9375 0.425 0.09375 0.1578125
25 0.8328125 0.4140625 0.096875 0.159375
25 0.72734375 0.403125 0.1 0.159375
25 0.621875 0.3921875 0.1 0.159375
25 0.51640625 0.38046875 0.096875 0.159375
25 0.4125 0.36953125 0.0984375 0.1609375
25 0.30703125 0.35859375 0.096875 0.159375
25 0.20078125 0.34765625 0.096875 0.1609375
25 0.09375 0.33671875 0.0984375 0.159375
25 0.92734375 0.61171875 0.08125 0.1578125
25 0.91015625 0.76875 0.078125 0.1578125
25 0.8921875 0.92421875 0.075 0.1515625
25 0.82265625 0.60078125 0.0796875 0.1578125
25 0.80703125 0.7578125 0.08125 0.1578125
25 0.7890625 0.915625 0.08125 0.1578125
25 0.7171875 0.5890625 0.0796875 0.159375
25 0.7015625 0.746875 0.0796875 0.1578125
25 0.68515625 0.90390625 0.078125 0.15625
25 0.6125 0.57890625 0.0796875 0.1578125
25 0.59609375 0.7359375 0.08125 0.1578125
25 0.5796875 0.89296875 0.0796875 0.15625
25 0.50703125 0.5671875 0.078125 0.1578125
25 0.48984375 0.72421875 0.078125 0.1578125
25 0.47421875 0.88203125 0.08125 0.159375
25 0.4015625 0.55625 0.078125 0.1578125
25 0.384375 0.71328125 0.078125 0.159375
25 0.3671875 0.87109375 0.078125 0.1578125
25 0.29609375 0.54453125 0.078125 0.1578125
25 0.27890625 0.70234375 0.0796875 0.1578125
25 0.2625 0.86015625 0.078125 0.1578125
25 0.190625 0.53359375 0.0796875 0.159375
25 0.175 0.69140625 0.0796875 0.1578125
25 0.15859375 0.84921875 0.08125 0.1578125
25 0.08671875 0.5234375 0.08125 0.1578125
25 0.06953125 0.68046875 0.0828125 0.1578125
25 0.053125 0.8375 0.08125 0.15625