25 0.07109375 0.83203125 0.1421875 0.0921875
25 0.07734375 0.73671875 0.1546875 0.0921875
25 0.21875 0.85 0.1578125 0.09375
25 0.37265625 0.87109375 0.1578125 0.0921875
25 0.38515625 0.77421875 0.1578125 0.090625
25 0.2296875 0.75625 0.1578125 0.0921875
25 0.0875 0.63828125 0.15625 0.0953125
25 0.2421875 0.6578125 0.1578125 0.0921875
25 0.39609375 0.67890625 0.1546875 0.0921875
25 0.09921875 0.54375 0.1578125 0.09375
25 0.25390625 0.5625 0.1578125 0.0921875
25 0.4078125 0.58125 0.15625 0.0921875
25 0.1109375 0.4484375 0.15625 0.0875
25 0.26640625 0.46640625 0.15625 0.0921875
25 0.4203125 0.484375 0.15625 0.0921875
25 0.1234375 0.3515625 0.15625 0.090625
25 0.27734375 0.36953125 0.15625 0.090625
25 0.43203125 0.38671875 0.15625 0.0921875
25 0.44453125 0.29140625 0.15625 0.090625
25 0.28984375 0.27109375 0.15625 0.0921875
25 0.13515625 0.2546875 0.15625 0.090625
25 0.146875 0.15859375 0.15625 0.0890625
25 0.3015625 0.1765625 0.1578125 0.0921875
25 0.45546875 0.19375 0.1546875 0.0953125
25 0.15859375 0.0625 0.1546875 0.090625
25 0.31328125 0.08125 0.15625 0.0890625
25 0.46796875 0.0984375 0.15625 0.090625
25 0.55390625 0.9 0.15625 0.071875
25 0.7078125 0.91953125 0.1546875 0.0734375
25 0.8625 0.93828125 0.15625 0.0734375
25 0.565625 0.8046875 0.153125 0.0734375
25 0.7203125 0.82265625 0.1546875 0.075
25 0.87421875 0.84296875 0.1546875 0.0765625
25 0.57734375 0.70859375 0.15625 0.0734375
25 0.73125 0.728125 0.15625 0.075
25 0.88515625 0.74609375 0.153125 0.0765625
25 0.5890625 0.61171875 0.153125 0.0734375
25 0.74375 0.63046875 0.15625 0.0734375
25 0.89765625 0.6484375 0.15625 0.075
25 0.60078125 0.51640625 0.15625 0.0734375
25 0.75546875 0.534375 0.1546875 0.071875
25 0.91015625 0.553125 0.15625 0.075
25 0.6125 0.41953125 0.1546875 0.071875
25 0.7671875 0.43828125 0.15625 0.075
25 0.921875 0.45625 0.1546875 0.075
25 0.625 0.321875 0.15625 0.0734375
25 0.77890625 0.3421875 0.153125 0.0734375
25 0.92734375 0.359375 0.1453125 0.075
25 0.63671875 0.2265625 0.15625 0.071875
25 0.79140625 0.2453125 0.15625 0.0734375
25 0.93359375 0.2640625 0.1328125 0.075
25 0.64765625 0.13046875 0.1546875 0.0703125
25 0.80234375 0.15 0.15625 0.0734375
25 0.9390625 0.1671875 0.121875 0.075