25 0.86953125 0.9296875 0.0921875 0.140625
25 0.7703125 0.925 0.09375 0.15
25 0.8859375 0.78203125 0.09375 0.1609375
25 0.90390625 0.62265625 0.09375 0.1625
25 0.80390625 0.6109375 0.090625 0.1609375
25 0.7890625 0.77265625 0.0921875 0.1625
25 0.66953125 0.9203125 0.0953125 0.159375
25 0.68671875 0.7609375 0.09375 0.1625
25 0.70546875 0.6015625 0.09375 0.1609375
25 0.571875 0.909375 0.09375 0.1625
25 0.58828125 0.75078125 0.09375 0.1609375
25 0.60546875 0.59140625 0.09375 0.1609375
25 0.47265625 0.89921875 0.0875 0.159375
25 0.4890625 0.73984375 0.09375 0.1609375
25 0.5046875 0.58046875 0.09375 0.1609375
25 0.37265625 0.8890625 0.090625 0.159375
25 0.3890625 0.7296875 0.090625 0.159375
25 0.40390625 0.5703125 0.09375 0.1609375
25 0.30546875 0.55859375 0.090625 0.159375
25 0.28671875 0.71875 0.09375 0.1609375
25 0.27265625 0.878125 0.090625 0.159375
25 0.17265625 0.86796875 0.0890625 0.159375
25 0.1890625 0.709375 0.09375 0.1609375
25 0.20390625 0.54921875 0.0953125 0.159375
25 0.07421875 0.8578125 0.090625 0.159375
25 0.090625 0.6984375 0.090625 0.159375
25 0.10546875 0.5375 0.090625 0.159375
25 0.93125 0.434375 0.071875 0.1578125
25 0.9484375 0.275 0.075 0.1578125
25 0.96328125 0.11953125 0.0734375 0.1515625
25 0.8328125 0.42421875 0.075 0.1578125
25 0.84921875 0.26484375 0.075 0.1578125
25 0.86640625 0.109375 0.075 0.1515625
25 0.7328125 0.41484375 0.075 0.159375
25 0.75 0.25546875 0.075 0.1578125
25 0.7671875 0.09921875 0.075 0.1515625
25 0.6328125 0.403125 0.075 0.1578125
25 0.65 0.24375 0.075 0.1578125
25 0.66484375 0.08828125 0.075 0.1515625
25 0.53359375 0.39375 0.075 0.1578125
25 0.55078125 0.23359375 0.071875 0.1578125
25 0.56640625 0.078125 0.075 0.1515625
25 0.43359375 0.3828125 0.071875 0.1578125
25 0.45078125 0.22265625 0.075 0.159375
25 0.4671875 0.071875 0.075 0.14375
25 0.33359375 0.37265625 0.0734375 0.1578125
25 0.3515625 0.2125 0.075 0.1578125
25 0.3671875 0.06640625 0.075 0.1328125
25 0.23515625 0.3625 0.071875 0.1578125
25 0.2515625 0.20234375 0.075 0.1578125
25 0.26875 0.0609375 0.075 0.121875
25 0.134375 0.3515625 0.071875 0.1578125
25 0.15234375 0.1921875 0.075 0.1578125
25 0.16875 0.05546875 0.075 0.1109375