25 0.1078125 0.11953125 0.146875 0.0734375
25 0.1078125 0.2140625 0.14765625 0.07421875
25 0.2609375 0.1203125 0.14765625 0.07578125
25 0.41484375 0.11875 0.14765625 0.07421875
25 0.41484375 0.21484375 0.1484375 0.07265625
25 0.2609375 0.2140625 0.1484375 0.0734375
25 0.10703125 0.3125 0.146875 0.0765625
25 0.2609375 0.31171875 0.14765625 0.075
25 0.41484375 0.31015625 0.14609375 0.07421875
25 0.1078125 0.40625 0.1484375 0.075
25 0.2609375 0.40625 0.14765625 0.075
25 0.41484375 0.40703125 0.146875 0.07421875
25 0.1078125 0.5015625 0.146875 0.06953125
25 0.26171875 0.50234375 0.146875 0.075
25 0.41484375 0.503125 0.146875 0.075
25 0.10703125 0.5984375 0.146875 0.07265625
25 0.2609375 0.59921875 0.14609375 0.07265625
25 0.41484375 0.6 0.146875 0.075
25 0.41484375 0.6953125 0.146875 0.07265625
25 0.2609375 0.696875 0.14609375 0.07421875
25 0.1078125 0.69453125 0.146875 0.07265625
25 0.10703125 0.790625 0.146875 0.0703125
25 0.2609375 0.79140625 0.14765625 0.075
25 0.41484375 0.79296875 0.1453125 0.0765625
25 0.10703125 0.8859375 0.14609375 0.07265625
25 0.2609375 0.8859375 0.146875 0.071875
25 0.41484375 0.88828125 0.14609375 0.07265625
25 0.59609375 0.11171875 0.14765625 0.0546875
25 0.75 0.1109375 0.146875 0.05625
25 0.90390625 0.11171875 0.14765625 0.05546875
25 0.596875 0.20625 0.14609375 0.05546875
25 0.75 0.20703125 0.146875 0.05703125
25 0.90390625 0.20703125 0.146875 0.0578125
25 0.59609375 0.30234375 0.1484375 0.05625
25 0.75 0.30234375 0.14765625 0.05703125
25 0.903125 0.30234375 0.14609375 0.0578125
25 0.59609375 0.39921875 0.14609375 0.05546875
25 0.75 0.3984375 0.14765625 0.05625
25 0.903125 0.4 0.14765625 0.05625
25 0.59609375 0.49375 0.14765625 0.05625
25 0.75 0.49453125 0.146875 0.0546875
25 0.90390625 0.49453125 0.1484375 0.05625
25 0.5953125 0.590625 0.146875 0.0546875
25 0.75 0.590625 0.1484375 0.05703125
25 0.90390625 0.59140625 0.146875 0.05625
25 0.59609375 0.6875 0.14765625 0.05546875
25 0.75 0.6859375 0.14609375 0.05625
25 0.90390625 0.68671875 0.14765625 0.05625
25 0.59609375 0.7828125 0.14765625 0.0546875
25 0.75 0.7828125 0.14765625 0.05546875
25 0.90390625 0.78203125 0.14765625 0.05625
25 0.5953125 0.878125 0.14765625 0.05390625
25 0.75 0.87734375 0.14765625 0.05625
25 0.903125 0.878125 0.14765625 0.05625