25 0.834375 0.965625 0.15625 0.06875
25 0.6828125 0.94375 0.1546875 0.084375
25 0.853125 0.8734375 0.15625 0.084375
25 0.8703125 0.7734375 0.1578125 0.0875
25 0.71796875 0.74609375 0.15625 0.084375
25 0.7 0.84609375 0.1578125 0.0875
25 0.88828125 0.67421875 0.15625 0.0859375
25 0.90625 0.5734375 0.1546875 0.084375
25 0.73515625 0.6453125 0.15625 0.0859375
25 0.753125 0.5453125 0.1578125 0.0859375
25 0.92265625 0.4734375 0.1546875 0.084375
25 0.77109375 0.44453125 0.15625 0.0859375
25 0.78828125 0.3453125 0.1578125 0.0875
25 0.93125 0.37265625 0.1375 0.0859375
25 0.93984375 0.27265625 0.1203125 0.0859375
25 0.94921875 0.17421875 0.1015625 0.0828125
25 0.8234375 0.1453125 0.15625 0.0859375
25 0.80625 0.2453125 0.15625 0.0859375
25 0.5296875 0.91796875 0.1546875 0.0828125
25 0.546875 0.81875 0.1578125 0.0875
25 0.56484375 0.71953125 0.15625 0.084375
25 0.58203125 0.61953125 0.15625 0.084375
25 0.6 0.51875 0.15625 0.084375
25 0.6171875 0.41953125 0.15625 0.084375
25 0.63515625 0.31875 0.15625 0.084375
25 0.65234375 0.21953125 0.15625 0.084375
25 0.6703125 0.1171875 0.15625 0.0859375
25 0.3484375 0.89296875 0.153125 0.0671875
25 0.1953125 0.865625 0.153125 0.06875
25 0.059375 0.8390625 0.11875 0.06875
25 0.36640625 0.79296875 0.1546875 0.0703125
25 0.2125 0.76640625 0.1546875 0.071875
25 0.0671875 0.7390625 0.134375 0.06875
25 0.38359375 0.69375 0.153125 0.06875
25 0.23046875 0.6671875 0.1546875 0.071875
25 0.07734375 0.640625 0.1546875 0.0703125
25 0.40078125 0.59453125 0.153125 0.0703125
25 0.24765625 0.5671875 0.1546875 0.071875
25 0.09453125 0.54140625 0.153125 0.071875
25 0.41875 0.49375 0.153125 0.06875
25 0.265625 0.4671875 0.1546875 0.071875
25 0.1125 0.440625 0.153125 0.0734375
25 0.4359375 0.39453125 0.15625 0.071875
25 0.2828125 0.3671875 0.153125 0.06875
25 0.1296875 0.340625 0.1546875 0.071875
25 0.4546875 0.29453125 0.153125 0.06875
25 0.30078125 0.2671875 0.1546875 0.0734375
25 0.14765625 0.23984375 0.153125 0.071875
25 0.47109375 0.1953125 0.1546875 0.071875
25 0.31796875 0.16796875 0.1546875 0.071875
25 0.16484375 0.14140625 0.1546875 0.071875
25 0.4890625 0.09453125 0.1546875 0.071875
25 0.3359375 0.0671875 0.1546875 0.071875
25 0.1828125 0.0421875 0.1546875 0.0734375