25 0.10703125 0.09921875 0.1453125 0.05546875
25 0.2578125 0.09921875 0.14375 0.05703125
25 0.10625 0.19609375 0.1453125 0.0578125
25 0.10625 0.2953125 0.1453125 0.06015625
25 0.2578125 0.2953125 0.14453125 0.05859375
25 0.2578125 0.196875 0.14453125 0.06015625
25 0.10625 0.39375 0.14453125 0.05859375
25 0.10625 0.49296875 0.14375 0.0578125
25 0.2578125 0.39453125 0.1453125 0.059375
25 0.2578125 0.49375 0.1453125 0.059375
25 0.10625 0.59140625 0.1453125 0.05703125
25 0.2578125 0.59296875 0.1453125 0.059375
25 0.2578125 0.6921875 0.1453125 0.06015625
25 0.10625 0.690625 0.14453125 0.05859375
25 0.10625 0.78984375 0.1453125 0.05859375
25 0.10625 0.88828125 0.1453125 0.05546875
25 0.2578125 0.8890625 0.1453125 0.059375
25 0.2578125 0.790625 0.14453125 0.059375
25 0.409375 0.0984375 0.14375 0.05625
25 0.409375 0.19765625 0.14453125 0.06171875
25 0.409375 0.2953125 0.14453125 0.05859375
25 0.409375 0.39453125 0.1453125 0.05859375
25 0.409375 0.49375 0.14453125 0.05859375
25 0.409375 0.5921875 0.1453125 0.05703125
25 0.409375 0.690625 0.14453125 0.05859375
25 0.409375 0.7890625 0.14453125 0.0578125
25 0.409375 0.88984375 0.14453125 0.059375
25 0.5875 0.09140625 0.14375 0.040625
25 0.7390625 0.09140625 0.1453125 0.0421875
25 0.88984375 0.0921875 0.1453125 0.04296875
25 0.58671875 0.190625 0.14453125 0.04375
25 0.7390625 0.18984375 0.14453125 0.04453125
25 0.88984375 0.18984375 0.14375 0.04296875
25 0.58671875 0.2890625 0.1453125 0.04296875
25 0.7390625 0.28828125 0.14453125 0.0453125
25 0.88984375 0.28828125 0.1453125 0.04296875
25 0.5875 0.38671875 0.14375 0.04375
25 0.7390625 0.38671875 0.14453125 0.0453125
25 0.88984375 0.3859375 0.14375 0.0453125
25 0.5875 0.48671875 0.14453125 0.04296875
25 0.73828125 0.4859375 0.14453125 0.0453125
25 0.88984375 0.4859375 0.14375 0.046875
25 0.58671875 0.58515625 0.1453125 0.04453125
25 0.7390625 0.58515625 0.14453125 0.04296875
25 0.88984375 0.58515625 0.14453125 0.04453125
25 0.58671875 0.68359375 0.14453125 0.04296875
25 0.7390625 0.68359375 0.1453125 0.046875
25 0.88984375 0.684375 0.14375 0.04453125
25 0.5875 0.78203125 0.14453125 0.04453125
25 0.73828125 0.78203125 0.14453125 0.0453125
25 0.88984375 0.78203125 0.14453125 0.04453125
25 0.5875 0.88203125 0.14453125 0.04453125
25 0.7390625 0.88125 0.1453125 0.0453125
25 0.88984375 0.88046875 0.1453125 0.04609375