25 0.9015625 0.98671875 0.115625 0.0265625
25 0.759375 0.97890625 0.1625 0.0421875
25 0.9109375 0.90234375 0.115625 0.0734375
25 0.9203125 0.79296875 0.115625 0.075
25 0.778125 0.78046875 0.1640625 0.078125
25 0.76875 0.8890625 0.1640625 0.0796875
25 0.9296875 0.68515625 0.1140625 0.075
25 0.93984375 0.57578125 0.1140625 0.0734375
25 0.7875 0.67109375 0.1640625 0.0796875
25 0.79765625 0.56171875 0.165625 0.0796875
25 0.9453125 0.4671875 0.109375 0.071875
25 0.80703125 0.45234375 0.1640625 0.0796875
25 0.81640625 0.34453125 0.1640625 0.08125
25 0.95 0.3578125 0.1 0.075
25 0.9546875 0.24921875 0.090625 0.0734375
25 0.959375 0.14140625 0.08125 0.0703125
25 0.83515625 0.1265625 0.165625 0.0796875
25 0.82578125 0.23515625 0.1640625 0.0796875
25 0.59296875 0.97265625 0.1640625 0.0546875
25 0.60234375 0.8734375 0.1640625 0.0828125
25 0.61171875 0.76640625 0.1640625 0.078125
25 0.62109375 0.65703125 0.1640625 0.078125
25 0.63046875 0.54765625 0.1640625 0.078125
25 0.63984375 0.4390625 0.1640625 0.0765625
25 0.65 0.33125 0.1640625 0.078125
25 0.659375 0.221875 0.1640625 0.0765625
25 0.66875 0.1109375 0.1640625 0.0796875
25 0.39609375 0.971875 0.1625 0.05625
25 0.2296875 0.95703125 0.1625 0.05625
25 0.071875 0.94140625 0.14375 0.0578125
25 0.40625 0.86328125 0.1640625 0.0625
25 0.2390625 0.85078125 0.1625 0.0640625
25 0.0765625 0.83515625 0.153125 0.0609375
25 0.415625 0.75625 0.1640625 0.0609375
25 0.2484375 0.74140625 0.1625 0.0640625
25 0.08203125 0.72734375 0.1640625 0.0625
25 0.42421875 0.64765625 0.1625 0.0625
25 0.2578125 0.63359375 0.1625 0.0640625
25 0.09140625 0.61953125 0.1625 0.0640625
25 0.43359375 0.53828125 0.1625 0.0609375
25 0.2671875 0.5234375 0.1625 0.0640625
25 0.10078125 0.509375 0.1625 0.065625
25 0.44375 0.4296875 0.1640625 0.0640625
25 0.2765625 0.415625 0.1625 0.0609375
25 0.109375 0.40078125 0.1625 0.0640625
25 0.45390625 0.32109375 0.1640625 0.0609375
25 0.28671875 0.30625 0.1640625 0.065625
25 0.11953125 0.29140625 0.1625 0.0640625
25 0.4625 0.2125 0.1640625 0.0640625
25 0.29609375 0.1984375 0.1625 0.0640625
25 0.128125 0.18359375 0.1625 0.0640625
25 0.471875 0.103125 0.1625 0.0640625
25 0.30546875 0.08828125 0.1625 0.0640625
25 0.13828125 0.07578125 0.1625 0.065625