25 0.08984375 0.09140625 0.14453125 0.07734375
25 0.0890625 0.190625 0.1453125 0.0796875
25 0.0890625 0.29375 0.1453125 0.08125
25 0.08984375 0.39453125 0.1453125 0.07734375
25 0.0890625 0.49453125 0.1453125 0.07734375
25 0.0890625 0.59609375 0.1453125 0.0828125
25 0.0890625 0.69765625 0.14453125 0.0796875
25 0.0890625 0.79921875 0.14609375 0.07734375
25 0.0890625 0.90078125 0.14609375 0.07890625
25 0.240625 0.0921875 0.14609375 0.0796875
25 0.24140625 0.190625 0.1453125 0.07734375
25 0.240625 0.29296875 0.1453125 0.0796875
25 0.24140625 0.39296875 0.1453125 0.08046875
25 0.24140625 0.49609375 0.14453125 0.0765625
25 0.24140625 0.596875 0.1453125 0.0796875
25 0.24140625 0.6984375 0.1453125 0.07890625
25 0.24140625 0.79921875 0.1453125 0.07734375
25 0.240625 0.90078125 0.14609375 0.08046875
25 0.39296875 0.090625 0.14453125 0.07578125
25 0.39296875 0.19140625 0.1453125 0.07734375
25 0.39296875 0.29296875 0.1453125 0.08046875
25 0.39296875 0.39453125 0.1453125 0.08046875
25 0.39296875 0.49609375 0.1453125 0.07890625
25 0.3921875 0.596875 0.14609375 0.0796875
25 0.39296875 0.6984375 0.1453125 0.07890625
25 0.39296875 0.8 0.14609375 0.07734375
25 0.3921875 0.903125 0.1453125 0.0796875
25 0.571875 0.08125 0.1453125 0.06171875
25 0.7234375 0.0828125 0.1453125 0.06015625
25 0.875 0.0828125 0.1453125 0.0578125
25 0.571875 0.1828125 0.1453125 0.0609375
25 0.7234375 0.18203125 0.1453125 0.0640625
25 0.875 0.1828125 0.1453125 0.0640625
25 0.57109375 0.284375 0.14609375 0.0609375
25 0.7234375 0.2828125 0.1453125 0.0609375
25 0.875 0.28359375 0.14453125 0.06015625
25 0.57109375 0.38515625 0.1453125 0.0609375
25 0.7234375 0.384375 0.1453125 0.06171875
25 0.875 0.38515625 0.14453125 0.0609375
25 0.571875 0.48671875 0.1453125 0.06015625
25 0.7234375 0.4875 0.1453125 0.059375
25 0.875 0.48671875 0.14609375 0.0640625
25 0.571875 0.58828125 0.1453125 0.059375
25 0.72265625 0.5890625 0.14609375 0.059375
25 0.875 0.5890625 0.1453125 0.06015625
25 0.57109375 0.68984375 0.1453125 0.06015625
25 0.7234375 0.68984375 0.1453125 0.0609375
25 0.875 0.68984375 0.1453125 0.059375
25 0.57109375 0.79140625 0.146875 0.0609375
25 0.72265625 0.78984375 0.1453125 0.0609375
25 0.875 0.78984375 0.1453125 0.0625
25 0.57109375 0.89140625 0.14453125 0.0625
25 0.72265625 0.8921875 0.14609375 0.06484375
25 0.875 0.8921875 0.14453125 0.0640625