25 0.15859375 0.040625 0.1546875 0.08125
25 0.1421875 0.13046875 0.15625 0.1015625
25 0.1265625 0.23203125 0.15625 0.103125
25 0.11171875 0.33203125 0.15625 0.1
25 0.0953125 0.43046875 0.15625 0.1
25 0.07890625 0.53046875 0.15625 0.1046875
25 0.0703125 0.63046875 0.140625 0.1015625
25 0.06328125 0.73125 0.1265625 0.1
25 0.0546875 0.83125 0.109375 0.1
25 0.3078125 0.05625 0.1578125 0.1015625
25 0.29296875 0.15390625 0.15625 0.1
25 0.2765625 0.2546875 0.15625 0.1015625
25 0.26171875 0.35390625 0.15625 0.103125
25 0.2453125 0.45546875 0.1546875 0.0984375
25 0.2296875 0.55546875 0.15625 0.1015625
25 0.21328125 0.65546875 0.15625 0.1
25 0.19765625 0.75546875 0.15625 0.1
25 0.18125 0.85546875 0.1578125 0.103125
25 0.45859375 0.07890625 0.153125 0.096875
25 0.4421875 0.178125 0.15625 0.1
25 0.4265625 0.27890625 0.15625 0.103125
25 0.4109375 0.37890625 0.15625 0.103125
25 0.39453125 0.4796875 0.15625 0.1
25 0.378125 0.57890625 0.1578125 0.1015625
25 0.36328125 0.67890625 0.15625 0.1
25 0.34765625 0.7796875 0.15625 0.1
25 0.33046875 0.88125 0.15625 0.1015625
25 0.63671875 0.09765625 0.153125 0.084375
25 0.7859375 0.12265625 0.153125 0.08125
25 0.9296875 0.14609375 0.140625 0.0796875
25 0.6203125 0.19765625 0.153125 0.0828125
25 0.7703125 0.22109375 0.153125 0.0859375
25 0.9203125 0.2453125 0.153125 0.0859375
25 0.60390625 0.2984375 0.1546875 0.0828125
25 0.7546875 0.3203125 0.153125 0.0828125
25 0.90390625 0.34453125 0.1515625 0.0828125
25 0.58828125 0.39765625 0.153125 0.0828125
25 0.7390625 0.42109375 0.153125 0.084375
25 0.88828125 0.4453125 0.1515625 0.0828125
25 0.5734375 0.4984375 0.153125 0.08125
25 0.72265625 0.52265625 0.153125 0.08125
25 0.87265625 0.5453125 0.1546875 0.0859375
25 0.55703125 0.5984375 0.153125 0.08125
25 0.70625 0.62265625 0.1546875 0.08125
25 0.85625 0.646875 0.153125 0.0828125
25 0.540625 0.6984375 0.153125 0.08125
25 0.690625 0.72265625 0.153125 0.0828125
25 0.840625 0.74609375 0.153125 0.08125
25 0.525 0.79921875 0.1546875 0.0828125
25 0.67421875 0.82109375 0.153125 0.0828125
25 0.825 0.8453125 0.153125 0.084375
25 0.509375 0.89765625 0.153125 0.084375
25 0.65859375 0.921875 0.1546875 0.0875
25 0.809375 0.94609375 0.1515625 0.0859375