15 0.96328125 0.784375 0.0671875 0.30625
15 0.91796875 0.153125 0.0640625 0.303125
15 0.88984375 0.78984375 0.0640625 0.3046875
15 0.940625 0.46796875 0.0609375 0.3046875
15 0.8453125 0.159375 0.0640625 0.303125
15 0.81328125 0.79296875 0.0625 0.3015625
15 0.8671875 0.47265625 0.0671875 0.30625
15 0.77109375 0.1640625 0.0640625 0.303125
15 0.7921875 0.47578125 0.0609375 0.303125
15 0.73984375 0.79921875 0.0640625 0.3046875
15 0.696875 0.16796875 0.065625 0.30625
15 0.6671875 0.8046875 0.0671875 0.3046875
15 0.5921875 0.81015625 0.0640625 0.3046875
15 0.71875 0.48359375 0.0671875 0.309375
15 0.54765625 0.1796875 0.0671875 0.30625
15 0.325 0.19453125 0.0640625 0.303125
15 0.64453125 0.48984375 0.0671875 0.30625
15 0.5703125 0.49375 0.06875 0.309375
15 0.36953125 0.82578125 0.0671875 0.30625
15 0.42109375 0.5046875 0.0671875 0.30625
15 0.39921875 0.18984375 0.065625 0.30625
15 0.44375 0.8203125 0.0671875 0.30625
15 0.1375 0.84140625 0.0671875 0.30625
15 0.346875 0.51015625 0.0671875 0.30625
15 0.621875 0.1734375 0.06875 0.30625
15 0.09296875 0.21015625 0.0671875 0.30625
15 0.49609375 0.49921875 0.0671875 0.3046875
15 0.25 0.19921875 0.0640625 0.3046875
15 0.2953125 0.83046875 0.0671875 0.30625
15 0.1765625 0.2046875 0.0671875 0.30625
15 0.0640625 0.84609375 0.0671875 0.30625
15 0.2734375 0.51484375 0.0671875 0.30625
15 0.115625 0.52578125 0.06875 0.3078125
15 0.02578125 0.215625 0.0515625 0.30625
15 0.2265625 0.834375 0.0546875 0.3046875
15 0.20390625 0.5203125 0.0546875 0.3046875
15 0.4734375 0.184375 0.06875 0.30625
15 0.04140625 0.53125 0.06875 0.3078125
15 0.51875 0.81484375 0.06875 0.30625