15 0.18046875 0.06015625 0.28515625 0.0296875
15 0.78046875 0.06015625 0.28671875 0.03125
15 0.1796875 0.13125 0.2875 0.034375
15 0.18046875 0.56484375 0.28671875 0.0328125
15 0.7796875 0.13125 0.2875 0.03359375
15 0.18046875 0.20390625 0.2859375 0.03359375
15 0.7796875 0.20390625 0.2859375 0.03359375
15 0.1796875 0.275 0.28515625 0.0328125
15 0.7796875 0.27578125 0.2859375 0.03203125
15 0.7796875 0.56484375 0.2859375 0.03125
15 0.18046875 0.41953125 0.2875 0.03359375
15 0.7796875 0.41953125 0.28671875 0.0328125
15 0.18046875 0.63671875 0.28671875 0.0328125
15 0.78046875 0.6375 0.28671875 0.0328125
15 0.7796875 0.49296875 0.28671875 0.03203125
15 0.18046875 0.8609375 0.2859375 0.0328125
15 0.18046875 0.709375 0.28671875 0.0328125
15 0.78046875 0.70859375 0.2875 0.03203125
15 0.7796875 0.86171875 0.28671875 0.03203125
15 0.18125 0.78203125 0.28515625 0.0296875
15 0.7796875 0.78203125 0.2875 0.03125
15 0.1796875 0.934375 0.2859375 0.03125
15 0.7796875 0.93359375 0.28671875 0.03359375
15 0.48046875 0.70859375 0.2890625 0.03359375
15 0.4796875 0.86171875 0.2859375 0.0328125
15 0.1796875 0.4921875 0.2859375 0.0328125
15 0.4796875 0.78125 0.2875 0.0296875
15 0.48046875 0.63671875 0.28671875 0.0328125
15 0.48046875 0.27578125 0.28515625 0.0328125
15 0.4796875 0.4203125 0.2859375 0.0328125
15 0.18125 0.34921875 0.28671875 0.02890625
15 0.4796875 0.20390625 0.28671875 0.034375
15 0.48046875 0.3484375 0.28671875 0.0328125
15 0.4796875 0.93359375 0.28671875 0.0328125
15 0.4796875 0.56484375 0.28671875 0.0328125
15 0.48046875 0.13125 0.28671875 0.03359375
15 0.48046875 0.06015625 0.28828125 0.0296875
15 0.4796875 0.4921875 0.2859375 0.03203125
15 0.7796875 0.34765625 0.28515625 0.03359375