15 0.82890625 0.94453125 0.28984375 0.053125
15 0.21796875 0.1515625 0.28984375 0.05390625
15 0.828125 0.36796875 0.28984375 0.05390625
15 0.21796875 0.94453125 0.290625 0.053125
15 0.21796875 0.0796875 0.290625 0.05390625
15 0.5234375 0.80078125 0.290625 0.05390625
15 0.82890625 0.80078125 0.29140625 0.05390625
15 0.82890625 0.2234375 0.290625 0.05390625
15 0.5234375 0.29609375 0.290625 0.0546875
15 0.21875 0.80078125 0.28984375 0.053125
15 0.82890625 0.2953125 0.290625 0.053125
15 0.21796875 0.87265625 0.28984375 0.05234375
15 0.82890625 0.1515625 0.290625 0.05390625
15 0.21875 0.728125 0.290625 0.05390625
15 0.82890625 0.0796875 0.290625 0.05390625
15 0.21796875 0.58359375 0.28984375 0.053125
15 0.5234375 0.87265625 0.29140625 0.05390625
15 0.82890625 0.87265625 0.290625 0.053125
15 0.5234375 0.9453125 0.28984375 0.05390625
15 0.21875 0.43984375 0.290625 0.05390625
15 0.82890625 0.728125 0.28984375 0.053125
15 0.5234375 0.0796875 0.29140625 0.0546875
15 0.21875 0.36796875 0.290625 0.053125
15 0.5234375 0.1515625 0.290625 0.05390625
15 0.21796875 0.2234375 0.29140625 0.053125
15 0.82890625 0.65625 0.290625 0.053125
15 0.21875 0.29609375 0.29140625 0.05390625
15 0.5234375 0.36875 0.290625 0.0546875
15 0.5234375 0.2234375 0.290625 0.0625
15 0.5234375 0.72890625 0.28984375 0.05390625
15 0.82890625 0.584375 0.290625 0.053125
15 0.5234375 0.584375 0.290625 0.05234375
15 0.21875 0.5125 0.29140625 0.05390625
15 0.5234375 0.43984375 0.290625 0.05390625
15 0.5234375 0.5125 0.28984375 0.05390625
15 0.5234375 0.65625 0.290625 0.053125
15 0.82890625 0.5125 0.28984375 0.053125
15 0.82890625 0.44140625 0.28984375 0.0546875
15 0.21796875 0.65625 0.28984375 0.053125