15 0.2578125 0.97265625 0.315625 0.0546875
15 0.87265625 0.88984375 0.2546875 0.0921875
15 0.246875 0.91875 0.315625 0.0953125
15 0.58125 0.9421875 0.315625 0.090625
15 0.86640625 0.815625 0.2671875 0.09375
15 0.23671875 0.840625 0.3125 0.0921875
15 0.56953125 0.8671875 0.315625 0.096875
15 0.86015625 0.73984375 0.2796875 0.0953125
15 0.56015625 0.790625 0.3125 0.0921875
15 0.2234375 0.7671875 0.3140625 0.09375
15 0.85390625 0.66484375 0.2921875 0.0953125
15 0.21171875 0.6921875 0.3125 0.096875
15 0.1984375 0.615625 0.315625 0.0953125
15 0.54453125 0.715625 0.3171875 0.0953125
15 0.84140625 0.51328125 0.315625 0.0953125
15 0.80625 0.28671875 0.3125 0.0953125
15 0.53125 0.63984375 0.315625 0.0953125
15 0.52109375 0.56484375 0.3171875 0.0953125
15 0.16328125 0.3890625 0.315625 0.0953125
15 0.49765625 0.41328125 0.315625 0.096875
15 0.81796875 0.3625 0.3140625 0.0953125
15 0.17578125 0.4640625 0.3140625 0.096875
15 0.14140625 0.15234375 0.2828125 0.0953125
15 0.484375 0.33828125 0.315625 0.0953125
15 0.84765625 0.58828125 0.3046875 0.0984375
15 0.76875 0.05078125 0.3171875 0.0984375
15 0.509375 0.4890625 0.3125 0.0953125
15 0.79453125 0.2109375 0.3140625 0.0953125
15 0.1546875 0.31328125 0.309375 0.0953125
15 0.7828125 0.1359375 0.315625 0.0953125
15 0.1359375 0.07890625 0.271875 0.0953125
15 0.47265625 0.2625 0.3140625 0.0953125
15 0.4484375 0.10234375 0.315625 0.096875
15 0.75546875 0.01171875 0.3140625 0.0234375
15 0.1484375 0.24375 0.296875 0.084375
15 0.46171875 0.1921875 0.3125 0.0859375
15 0.8296875 0.43828125 0.3171875 0.0984375
15 0.434375 0.0375 0.315625 0.075
15 0.1875 0.540625 0.3171875 0.0984375