15 0.1859375 0.07578125 0.30078125 0.0421875
15 0.81640625 0.075 0.30078125 0.04140625
15 0.1859375 0.14609375 0.30078125 0.04140625
15 0.5015625 0.07578125 0.3015625 0.040625
15 0.815625 0.14609375 0.30078125 0.04140625
15 0.1859375 0.5734375 0.30234375 0.04140625
15 0.8171875 0.2171875 0.30078125 0.040625
15 0.8171875 0.5734375 0.30078125 0.04140625
15 0.1859375 0.2171875 0.3015625 0.0421875
15 0.1859375 0.50234375 0.303125 0.0421875
15 0.8171875 0.5015625 0.30078125 0.04140625
15 0.1859375 0.2890625 0.3 0.04140625
15 0.50234375 0.14609375 0.30234375 0.0421875
15 0.184375 0.715625 0.30234375 0.04296875
15 0.5015625 0.5734375 0.30234375 0.0421875
15 0.81640625 0.64375 0.30078125 0.04140625
15 0.5015625 0.2171875 0.3015625 0.040625
15 0.1859375 0.43125 0.30078125 0.0421875
15 0.1859375 0.8578125 0.30078125 0.04140625
15 0.8171875 0.359375 0.303125 0.04296875
15 0.8171875 0.2890625 0.3015625 0.04140625
15 0.1859375 0.359375 0.30078125 0.04140625
15 0.5015625 0.28828125 0.30078125 0.0421875
15 0.5015625 0.64375 0.3015625 0.040625
15 0.5015625 0.50234375 0.3015625 0.04296875
15 0.5015625 0.43046875 0.30234375 0.04140625
15 0.1859375 0.78671875 0.3015625 0.0421875
15 0.8171875 0.8578125 0.3 0.040625
15 0.5015625 0.715625 0.3015625 0.04296875
15 0.81640625 0.71484375 0.3 0.040625
15 0.81640625 0.78671875 0.30234375 0.0421875
15 0.5015625 0.78671875 0.3015625 0.0421875
15 0.5015625 0.8578125 0.30078125 0.040625
15 0.50078125 0.359375 0.30078125 0.04140625
15 0.1859375 0.92890625 0.30078125 0.04296875
15 0.8171875 0.92890625 0.30078125 0.04140625
15 0.5015625 0.92890625 0.30078125 0.04140625
15 0.8171875 0.43046875 0.3 0.04140625
15 0.1859375 0.64375 0.30234375 0.04296875