15 0.0203125 0.78203125 0.040625 0.3046875
15 0.87734375 0.2421875 0.0875 0.3046875
15 0.58984375 0.84375 0.0875 0.3046875
15 0.06328125 0.15625 0.0859375 0.3046875
15 0.9515625 0.25 0.0875 0.3046875
15 0.178125 0.48515625 0.0875 0.3046875
15 0.1453125 0.7984375 0.0875 0.3046875
15 0.7375 0.85390625 0.0875 0.2921875
15 0.69609375 0.5390625 0.0875 0.3046875
15 0.21171875 0.171875 0.0859375 0.303125
15 0.6640625 0.85 0.0875 0.3
15 0.13671875 0.1640625 0.0859375 0.303125
15 0.8109375 0.8578125 0.0875 0.284375
15 0.28515625 0.1796875 0.0875 0.3046875
15 0.884375 0.86171875 0.0875 0.2765625
15 0.43359375 0.1953125 0.0859375 0.3046875
15 0.10390625 0.47734375 0.0875 0.3046875
15 0.07109375 0.790625 0.0859375 0.3046875
15 0.03671875 0.46875 0.0734375 0.303125
15 0.58125 0.2109375 0.0875 0.3046875
15 0.21953125 0.80625 0.0859375 0.3046875
15 0.91875 0.5625 0.0875 0.3046875
15 0.65546875 0.21875 0.0859375 0.3046875
15 0.84453125 0.5546875 0.0875 0.3046875
15 0.80390625 0.234375 0.0859375 0.3046875
15 0.29375 0.8140625 0.0859375 0.3046875
15 0.72890625 0.2265625 0.0875 0.3046875
15 0.62265625 0.53125 0.0875 0.3046875
15 0.77109375 0.54765625 0.0953125 0.3046875
15 0.2515625 0.49296875 0.0875 0.3046875
15 0.3671875 0.82109375 0.0859375 0.3046875
15 0.4 0.50859375 0.0859375 0.3046875
15 0.50703125 0.20390625 0.0875 0.3046875
15 0.5484375 0.52421875 0.0875 0.3046875
15 0.47421875 0.51640625 0.0875 0.3046875
15 0.3265625 0.50078125 0.0875 0.3046875
15 0.4421875 0.8296875 0.0859375 0.303125
15 0.51484375 0.83671875 0.0875 0.3046875
15 0.359375 0.1875 0.0859375 0.3046875