15 0.18359375 0.0640625 0.290625 0.04453125
15 0.790625 0.06484375 0.2890625 0.04140625
15 0.18359375 0.134375 0.29140625 0.04296875
15 0.4875 0.06484375 0.29140625 0.03984375
15 0.78984375 0.13515625 0.2890625 0.0421875
15 0.18515625 0.2078125 0.28828125 0.03984375
15 0.48828125 0.13515625 0.29140625 0.0453125
15 0.790625 0.20625 0.2890625 0.04296875
15 0.490625 0.20703125 0.2890625 0.03984375
15 0.184375 0.278125 0.28984375 0.0421875
15 0.790625 0.27734375 0.29140625 0.04296875
15 0.184375 0.3484375 0.2890625 0.0453125
15 0.18359375 0.4203125 0.290625 0.04296875
15 0.4875 0.278125 0.29296875 0.04296875
15 0.78984375 0.42109375 0.290625 0.04453125
15 0.790625 0.634375 0.2890625 0.04296875
15 0.48671875 0.34921875 0.29140625 0.04375
15 0.4875 0.4203125 0.29296875 0.04453125
15 0.184375 0.634375 0.29140625 0.04453125
15 0.4875 0.56328125 0.29140625 0.0453125
15 0.78984375 0.56328125 0.28984375 0.04375
15 0.18359375 0.56328125 0.28984375 0.0453125
15 0.184375 0.85625 0.28984375 0.04453125
15 0.4875 0.634375 0.290625 0.04453125
15 0.79140625 0.34921875 0.290625 0.04609375
15 0.790625 0.85703125 0.29140625 0.0453125
15 0.4875 0.49140625 0.2890625 0.04453125
15 0.790625 0.70625 0.28984375 0.04296875
15 0.184375 0.70546875 0.290625 0.04453125
15 0.790625 0.77734375 0.290625 0.04453125
15 0.184375 0.928125 0.28984375 0.0453125
15 0.48671875 0.70546875 0.28984375 0.04453125
15 0.4875 0.85703125 0.29140625 0.0453125
15 0.790625 0.928125 0.290625 0.04375
15 0.184375 0.771875 0.28984375 0.03359375
15 0.4875 0.771875 0.28984375 0.03359375
15 0.78984375 0.4921875 0.29140625 0.04609375
15 0.4875 0.92734375 0.29140625 0.04453125
15 0.18359375 0.49140625 0.290625 0.04609375