15 0.96796875 0.7546875 0.0640625 0.315625
15 0.896875 0.13203125 0.08125 0.2640625
15 0.90390625 0.76484375 0.08125 0.315625
15 0.9375 0.43046875 0.0796875 0.3171875
15 0.825 0.13671875 0.08125 0.2734375
15 0.4640625 0.81875 0.08125 0.315625
15 0.75078125 0.140625 0.0796875 0.28125
15 0.384375 0.16875 0.08125 0.315625
15 0.83125 0.7734375 0.08125 0.315625
15 0.53828125 0.809375 0.08125 0.3171875
15 0.4578125 0.159375 0.08125 0.315625
15 0.7578125 0.7828125 0.08125 0.315625
15 0.86484375 0.4390625 0.08125 0.3171875
15 0.31875 0.83828125 0.08125 0.3171875
15 0.42421875 0.49375 0.08125 0.315625
15 0.31171875 0.178125 0.08125 0.315625
15 0.79140625 0.4484375 0.0796875 0.315625
15 0.6109375 0.80078125 0.08125 0.315625
15 0.1703125 0.8484375 0.08125 0.303125
15 0.6046875 0.15 0.08125 0.3
15 0.6765625 0.1453125 0.08125 0.290625
15 0.684375 0.79140625 0.08125 0.315625
15 0.7171875 0.4578125 0.08125 0.315625
15 0.3515625 0.50234375 0.0796875 0.315625
15 0.4984375 0.484375 0.08125 0.315625
15 0.571875 0.47578125 0.08125 0.315625
15 0.2453125 0.84375 0.08125 0.3125
15 0.0921875 0.2046875 0.0796875 0.315625
15 0.278125 0.51171875 0.08125 0.315625
15 0.2390625 0.1875 0.0796875 0.3140625
15 0.16484375 0.19609375 0.08125 0.315625
15 0.2046875 0.5203125 0.08125 0.315625
15 0.13203125 0.5296875 0.0796875 0.315625
15 0.64453125 0.4671875 0.08125 0.315625
15 0.0984375 0.85234375 0.08125 0.2953125
15 0.0296875 0.2125 0.059375 0.315625
15 0.05859375 0.53828125 0.08125 0.3140625
15 0.53125 0.15390625 0.08125 0.3078125
15 0.39140625 0.82734375 0.08125 0.3171875