15 0.12265625 0.88125 0.2453125 0.103125
15 0.84375 0.20078125 0.2984375 0.103125
15 0.1984375 0.30859375 0.2984375 0.1046875
15 0.70390625 0.96875 0.2984375 0.0625
15 0.85390625 0.12734375 0.2921875 0.1046875
15 0.42578125 0.79296875 0.2984375 0.1046875
15 0.13515625 0.73984375 0.2703125 0.1046875
15 0.2234375 0.16484375 0.2984375 0.103125
15 0.51484375 0.290625 0.2984375 0.10625
15 0.73046875 0.84609375 0.2984375 0.103125
15 0.2109375 0.23671875 0.2984375 0.103125
15 0.7171875 0.91796875 0.2984375 0.103125
15 0.2359375 0.09296875 0.2984375 0.1046875
15 0.74296875 0.77421875 0.2984375 0.1046875
15 0.24765625 0.03671875 0.2984375 0.0734375
15 0.76796875 0.63046875 0.2984375 0.103125
15 0.41328125 0.86484375 0.2984375 0.103125
15 0.12890625 0.8109375 0.2578125 0.103125
15 0.4 0.93671875 0.2984375 0.1046875
15 0.79296875 0.4875 0.2984375 0.103125
15 0.1421875 0.6671875 0.284375 0.103125
15 0.55234375 0.075 0.2984375 0.1046875
15 0.80625 0.415625 0.2984375 0.103125
15 0.53984375 0.146875 0.2984375 0.1046875
15 0.83125 0.271875 0.2984375 0.103125
15 0.1484375 0.5953125 0.296875 0.103125
15 0.81875 0.34453125 0.2984375 0.103125
15 0.50234375 0.3625 0.2984375 0.1046875
15 0.52734375 0.21875 0.3 0.1125
15 0.4390625 0.72109375 0.2984375 0.103125
15 0.16015625 0.52421875 0.2984375 0.103125
15 0.4640625 0.578125 0.2984375 0.103125
15 0.7796875 0.55859375 0.2984375 0.1046875
15 0.4890625 0.43359375 0.2984375 0.1046875
15 0.4765625 0.50546875 0.2984375 0.1046875
15 0.4515625 0.64921875 0.2984375 0.103125
15 0.17265625 0.4515625 0.2984375 0.103125
15 0.18515625 0.38125 0.2984375 0.10625
15 0.75546875 0.703125 0.2984375 0.103125