15 0.975 0.17421875 0.05 0.2703125
15 0.92109375 0.80234375 0.0609375 0.3109375
15 0.9 0.16875 0.0609375 0.271875
15 0.434375 0.1328125 0.059375 0.265625
15 0.8453125 0.7953125 0.0625 0.3109375
15 0.82265625 0.16171875 0.0609375 0.271875
15 0.7671875 0.78828125 0.0640625 0.3109375
15 0.746875 0.1546875 0.0578125 0.2703125
15 0.68984375 0.78203125 0.0609375 0.3109375
15 0.37890625 0.7546875 0.0609375 0.3109375
15 0.58984375 0.1421875 0.0609375 0.2734375
15 0.53515625 0.76796875 0.0609375 0.3109375
15 0.35625 0.12890625 0.059375 0.2578125
15 0.3015625 0.7484375 0.0625 0.3109375
15 0.45703125 0.7609375 0.0609375 0.3109375
15 0.115625 0.11796875 0.059375 0.2359375
15 0.27890625 0.12578125 0.0578125 0.2515625
15 0.22421875 0.74140625 0.0609375 0.3109375
15 0.06015625 0.72578125 0.0609375 0.3109375
15 0.20078125 0.12265625 0.0546875 0.2453125
15 0.14609375 0.734375 0.0609375 0.3109375
15 0.04453125 0.11484375 0.0453125 0.2296875
15 0.00703125 0.71875 0.0140625 0.309375
15 0.25234375 0.41875 0.0625 0.3140625
15 0.08828125 0.4046875 0.0609375 0.3109375
15 0.51328125 0.134375 0.0578125 0.26875
15 0.175 0.4109375 0.0578125 0.3109375
15 0.3296875 0.42578125 0.0609375 0.3109375
15 0.71796875 0.459375 0.0609375 0.3109375
15 0.5625 0.4453125 0.0625 0.3109375
15 0.66640625 0.14921875 0.0546875 0.2734375
15 0.7953125 0.465625 0.0640625 0.3109375
15 0.63984375 0.45234375 0.0609375 0.3109375
15 0.02109375 0.396875 0.0421875 0.309375
15 0.40703125 0.43125 0.0609375 0.3109375
15 0.8734375 0.4734375 0.0625 0.3109375
15 0.94921875 0.48046875 0.0578125 0.3125
15 0.4859375 0.43828125 0.0609375 0.3109375
15 0.6125 0.775 0.0625 0.309375