15 0.17421875 0.9796875 0.33125 0.0359375
15 0.84609375 0.98671875 0.2890625 0.0265625
15 0.17734375 0.90859375 0.33125 0.053125
15 0.521875 0.98359375 0.33125 0.0328125
15 0.84765625 0.921875 0.290625 0.0515625
15 0.18515625 0.43984375 0.33125 0.0515625
15 0.84921875 0.84296875 0.2890625 0.05
15 0.85546875 0.4515625 0.2890625 0.05
15 0.178125 0.83125 0.33125 0.053125
15 0.18359375 0.51796875 0.3328125 0.053125
15 0.85546875 0.53046875 0.2875 0.05
15 0.17890625 0.75234375 0.3296875 0.0515625
15 0.52421875 0.915625 0.33125 0.053125
15 0.18671875 0.28359375 0.3328125 0.053125
15 0.53203125 0.44609375 0.33125 0.053125
15 0.85625 0.37421875 0.2875 0.0515625
15 0.52421875 0.8375 0.33125 0.05
15 0.18203125 0.59609375 0.33125 0.053125
15 0.18984375 0.12734375 0.33125 0.0515625
15 0.85234375 0.68671875 0.2890625 0.0515625
15 0.85078125 0.7640625 0.2890625 0.0515625
15 0.18046875 0.67421875 0.33125 0.0515625
15 0.52578125 0.75859375 0.33125 0.053125
15 0.5328125 0.36796875 0.33125 0.0515625
15 0.5296875 0.52421875 0.33125 0.053125
15 0.52890625 0.603125 0.33125 0.0515625
15 0.1890625 0.20546875 0.33125 0.053125
15 0.859375 0.1390625 0.28125 0.05
15 0.534375 0.2890625 0.33125 0.053125
15 0.8578125 0.29609375 0.284375 0.0484375
15 0.85703125 0.2171875 0.2859375 0.05
15 0.5359375 0.21171875 0.33125 0.053125
15 0.53671875 0.13359375 0.33125 0.05
15 0.5265625 0.68046875 0.33125 0.0515625
15 0.19140625 0.04921875 0.33125 0.053125
15 0.86015625 0.0609375 0.2796875 0.05
15 0.53828125 0.05546875 0.33125 0.0515625
15 0.8546875 0.60859375 0.2875 0.0515625
15 0.1859375 0.36171875 0.33125 0.053125