15 0.17890625 0.034375 0.3015625 0.046875
15 0.8109375 0.06796875 0.3046875 0.0484375
15 0.175 0.109375 0.3046875 0.0515625
15 0.1515625 0.56640625 0.303125 0.0515625
15 0.8078125 0.1421875 0.3046875 0.0515625
15 0.17109375 0.18515625 0.3046875 0.0515625
15 0.803125 0.21875 0.3046875 0.0515625
15 0.16640625 0.2609375 0.303125 0.05
15 0.79921875 0.2953125 0.3046875 0.05
15 0.78359375 0.59921875 0.303125 0.0484375
15 0.15859375 0.41328125 0.3046875 0.0515625
15 0.79140625 0.44609375 0.3046875 0.05
15 0.15 0.6421875 0.3 0.05
15 0.7796875 0.67578125 0.3046875 0.0515625
15 0.78671875 0.5234375 0.3046875 0.05
15 0.14296875 0.878125 0.2859375 0.05
15 0.14765625 0.7171875 0.2953125 0.05
15 0.77578125 0.7515625 0.3046875 0.05
15 0.76640625 0.9125 0.303125 0.05
15 0.1453125 0.79375 0.290625 0.046875
15 0.771875 0.828125 0.3046875 0.0484375
15 0.14140625 0.95546875 0.2828125 0.0484375
15 0.76171875 0.98125 0.3046875 0.0375
15 0.459375 0.73515625 0.30625 0.05
15 0.45 0.8953125 0.3046875 0.05
15 0.1546875 0.48984375 0.303125 0.05
15 0.4546875 0.8109375 0.3046875 0.046875
15 0.46328125 0.65859375 0.3046875 0.05
15 0.48359375 0.27890625 0.303125 0.05
15 0.475 0.43046875 0.3046875 0.05
15 0.1640625 0.3390625 0.3046875 0.046875
15 0.48671875 0.20234375 0.3046875 0.0515625
15 0.4796875 0.3546875 0.3046875 0.05
15 0.44609375 0.97109375 0.3046875 0.05
15 0.46640625 0.5828125 0.3046875 0.05
15 0.49140625 0.1265625 0.3046875 0.05
15 0.49609375 0.05078125 0.3046875 0.046875
15 0.47109375 0.50625 0.3046875 0.05
15 0.79453125 0.37109375 0.3015625 0.0515625